Date,Open,High,Low,Adj_Close,Volume,Dividends,Stock Splits,Empty_col_H,MA_Price_200_day,MA_Price_50_day,MA_Price_20_day,MA_Price_10_day,MA_Volume_50_day
05/02/2028
05/01/2028
04/28/2028
04/27/2028
04/26/2028
04/25/2028
04/24/2028
04/21/2028
04/20/2028
04/19/2028
04/18/2028
04/17/2028
04/14/2028
04/13/2028
04/12/2028
04/11/2028
04/10/2028
04/07/2028
04/06/2028
04/05/2028
04/04/2028
04/03/2028
03/31/2028
03/30/2028
03/29/2028
03/28/2028
03/27/2028
03/24/2028
03/23/2028
03/22/2028
03/21/2028
03/20/2028
03/17/2028
03/16/2028
03/15/2028
03/14/2028
03/13/2028
03/10/2028
03/09/2028
03/08/2028
03/07/2028
03/06/2028
03/03/2028
03/02/2028
03/01/2028
02/29/2028
02/28/2028
02/25/2028
02/24/2028
02/23/2028
02/22/2028
02/21/2028
02/18/2028
02/17/2028
02/16/2028
02/15/2028
02/14/2028
02/11/2028
02/10/2028
02/09/2028
02/08/2028
02/07/2028
02/04/2028
02/03/2028
02/02/2028
02/01/2028
01/31/2028
01/28/2028
01/27/2028
01/26/2028
01/25/2028
01/24/2028
01/21/2028
01/20/2028
01/19/2028
01/18/2028
01/17/2028
01/14/2028
01/13/2028
01/12/2028
01/11/2028
01/10/2028
01/07/2028
01/06/2028
01/05/2028
01/04/2028
01/03/2028
12/31/2027
12/30/2027
12/29/2027
12/28/2027
12/27/2027
12/24/2027
12/23/2027
12/22/2027
12/21/2027
12/20/2027
12/17/2027
12/16/2027
12/15/2027
12/14/2027
12/13/2027
12/10/2027
12/09/2027
12/08/2027
12/07/2027
12/06/2027
12/03/2027
12/02/2027
12/01/2027
11/30/2027
11/29/2027
11/26/2027
11/25/2027
11/24/2027
11/23/2027
11/22/2027
11/19/2027
11/18/2027
11/17/2027
11/16/2027
11/15/2027
11/12/2027
11/11/2027
11/10/2027
11/09/2027
11/08/2027
11/05/2027
11/04/2027
11/03/2027
11/02/2027
11/01/2027
10/29/2027
10/28/2027
10/27/2027
10/26/2027
10/25/2027
10/22/2027
10/21/2027
10/20/2027
10/19/2027
10/18/2027
10/15/2027
10/14/2027
10/13/2027
10/12/2027
10/11/2027
10/08/2027
10/07/2027
10/06/2027
10/05/2027
10/04/2027
10/01/2027
09/30/2027
09/29/2027
09/28/2027
09/27/2027
09/24/2027
09/23/2027
09/22/2027
09/21/2027
09/20/2027
09/17/2027
09/16/2027
09/15/2027
09/14/2027
09/13/2027
09/10/2027
09/09/2027
09/08/2027
09/07/2027
09/06/2027
09/03/2027
09/02/2027
09/01/2027
08/31/2027
08/30/2027
08/27/2027
08/26/2027
08/25/2027
08/24/2027
08/23/2027
08/20/2027
08/19/2027
08/18/2027
08/17/2027
08/16/2027
08/13/2027
08/12/2027
08/11/2027
08/10/2027
08/09/2027
08/06/2027
08/05/2027
08/04/2027
08/03/2027
08/02/2027
07/30/2027
07/29/2027
07/28/2027
07/27/2027
07/26/2027
07/23/2027
07/22/2027
07/21/2027
07/20/2027
07/19/2027
07/16/2027
07/15/2027
07/14/2027
07/13/2027
07/12/2027
07/09/2027
07/08/2027
07/07/2027
07/06/2027
07/05/2027
07/02/2027
07/01/2027
06/30/2027
06/29/2027
06/28/2027
06/25/2027
06/24/2027
06/23/2027
06/22/2027
06/21/2027
06/18/2027
06/17/2027
06/16/2027
06/15/2027
06/14/2027
06/11/2027
06/10/2027
06/09/2027
06/08/2027
06/07/2027
06/04/2027
06/03/2027
06/02/2027
06/01/2027
05/31/2027
05/28/2027
05/27/2027
05/26/2027
05/25/2027
05/24/2027
05/21/2027
05/20/2027
05/19/2027
05/18/2027
05/17/2027
05/14/2027
05/13/2027
05/12/2027
05/11/2027
05/10/2027
05/07/2027
05/06/2027
05/05/2027
05/04/2027
05/03/2027
04/30/2027
04/29/2027
04/28/2027
04/27/2027
04/26/2027
04/23/2027
04/22/2027
04/21/2027
04/20/2027
04/19/2027
04/16/2027
04/15/2027
04/14/2027
04/13/2027
04/12/2027
04/09/2027
04/08/2027
04/07/2027
04/06/2027
04/05/2027
04/02/2027
04/01/2027
03/31/2027
03/30/2027
03/29/2027
03/26/2027
03/25/2027
03/24/2027
03/23/2027
03/22/2027
03/19/2027
03/18/2027
03/17/2027
03/16/2027
03/15/2027
03/12/2027
03/11/2027
03/10/2027
03/09/2027
03/08/2027
03/05/2027
03/04/2027
03/03/2027
03/02/2027
03/01/2027
02/26/2027
02/25/2027
02/24/2027
02/23/2027
02/22/2027
02/19/2027
02/18/2027
02/17/2027
02/16/2027
02/15/2027
02/12/2027
02/11/2027
02/10/2027
02/09/2027
02/08/2027
02/05/2027
02/04/2027
02/03/2027
02/02/2027
02/01/2027
01/29/2027
01/28/2027
01/27/2027
01/26/2027
01/25/2027
01/22/2027
01/21/2027
01/20/2027
01/19/2027
01/18/2027
01/15/2027
01/14/2027
01/13/2027
01/12/2027
01/11/2027
01/08/2027
01/07/2027
01/06/2027
01/05/2027
01/04/2027
01/01/2027
12/31/2026
12/30/2026
12/29/2026
12/28/2026
12/24/2026
12/23/2026
12/22/2026
12/21/2026
12/18/2026
12/17/2026
12/16/2026
12/15/2026
12/14/2026
12/11/2026
12/10/2026
12/09/2026
12/08/2026
12/07/2026
12/04/2026
12/03/2026
12/02/2026
12/01/2026
11/30/2026
11/27/2026
11/25/2026
11/24/2026
11/23/2026
11/20/2026
11/19/2026
11/18/2026
11/17/2026
11/16/2026
11/13/2026
11/12/2026
11/11/2026
11/10/2026
11/09/2026
11/06/2026
11/05/2026
11/04/2026
11/03/2026
11/02/2026
10/30/2026
10/29/2026
10/28/2026
10/27/2026
10/26/2026
10/23/2026
10/22/2026
10/21/2026
10/20/2026
10/19/2026
10/16/2026
10/15/2026
10/14/2026
10/13/2026
10/12/2026
10/09/2026
10/08/2026
10/07/2026
10/06/2026
10/05/2026
10/02/2026
10/01/2026
09/30/2026
09/29/2026
09/28/2026
09/25/2026
09/24/2026
09/23/2026
09/22/2026
09/21/2026
09/18/2026
09/17/2026
09/16/2026
09/15/2026
09/14/2026
09/11/2026
09/10/2026
09/09/2026
09/08/2026
09/04/2026
09/03/2026
09/02/2026
09/01/2026
08/31/2026
08/28/2026
08/27/2026
08/26/2026
08/25/2026
08/24/2026
08/21/2026,243.8500061035156,243.8600006103516,234.4900054931641,239.0399932861328,6967600,0.0,0.0,-,208.54245529174804,234.47100128173827,246.81500167846679,241.95900115966796,2883668.0
08/20/2026,229.5500030517578,232.94000244140625,228.0500030517578,228.9900054931641,6306500,0.0,0.0,-,208.14814781188966,234.32860137939454,246.80750198364257,243.5780014038086,2798280.0
08/19/2026,233.58999633789065,239.6699981689453,232.55999755859372,234.69000244140625,3001900,0.0,0.0,-,207.7927625274658,234.3378012084961,246.9775016784668,246.11000061035156,2730130.0
08/18/2026,235.4900054931641,239.94000244140625,234.3000030517578,236.3800048828125,3954500,0.0,0.0,-,207.40465415954588,234.1835009765625,247.15350189208985,247.96300048828124,2731366.0
08/17/2026,244.88999938964844,244.88999938964844,234.8600006103516,235.27999877929688,2943600,0.0,0.0,-,207.00943725585938,234.05428527832032,247.1250015258789,249.43099975585938,2735542.0
08/14/2026,243.2100067138672,247.0500030517578,242.72000122070312,245.3600006103516,1933700,0.0,0.0,-,206.63144561767578,234.00076446533203,247.1500015258789,251.19400024414062,2735146.0
08/13/2026,249.1699981689453,249.1699981689453,242.13999938964844,244.9600067138672,1797900,0.0,0.0,-,206.20320304870606,233.7368606567383,246.55500183105468,251.76500091552734,2756376.0
08/12/2026,249.6300048828125,251.97000122070312,247.17999267578125,248.25,2601100,0.0,0.0,-,205.7571865081787,233.30530151367188,245.9430015563965,252.5260009765625,2771224.0
08/11/2026,253.13999938964844,255.6000061035156,251.3600006103516,251.80999755859372,2348200,0.0,0.0,-,205.2942727661133,232.8129327392578,244.82100143432618,252.89700164794922,2776716.0
08/10/2026,255.0200042724609,256.45001220703125,253.52999877929688,254.8300018310547,2116800,0.0,0.0,-,204.81052841186522,232.4022637939453,243.27700119018556,252.81900177001953,2955666.0
08/07/2026,253.3600006103516,255.97999572753903,251.0,255.22999572753903,1214000,0.0,0.0,-,204.31347267150878,231.84077209472656,241.50850143432618,251.67100219726564,2982152.0
08/06/2026,253.75,254.8500061035156,250.8600006103516,254.30999755859372,1486700,0.0,0.0,-,203.81958396911622,231.3964352416992,239.89100189208983,250.03700256347656,3016156.0
08/05/2026,251.82000732421875,254.4199981689453,251.19000244140625,253.22000122070312,1688100,0.0,0.0,-,203.3246314239502,230.99465087890624,238.20550231933595,247.84500274658203,3051260.0
08/04/2026,252.91000366210935,253.5,250.33999633789065,251.05999755859372,2261600,0.0,0.0,-,202.82966369628906,230.61726135253906,236.43050231933594,246.34400329589843,3109272.0
08/03/2026,256.25,257.0,251.77999877929688,252.91000366210935,2457300,0.0,0.0,-,202.35433952331542,229.93136169433595,234.61100234985352,244.81900329589843,3139870.0
07/31/2026,252.77999877929688,252.82000732421875,250.69000244140625,251.07000732421875,1610900,0.0,0.0,-,201.8611701965332,229.22043823242188,232.53350219726562,243.1060028076172,3164414.0
07/30/2026,250.94000244140625,252.75,248.5800018310547,252.57000732421875,2452000,0.0,0.0,-,201.37476638793945,228.4443145751953,230.65150146484376,241.34500274658203,3185292.0
07/29/2026,250.8300018310547,255.3000030517578,248.4600067138672,251.9600067138672,2542200,0.0,0.0,-,200.84578628540038,227.60625366210937,228.61800079345704,239.36000213623046,3209698.0
07/28/2026,245.1499938964844,252.08999633789065,245.02999877929688,251.02999877929688,3192100,0.0,0.0,-,200.33113418579103,226.81372741699218,226.66250076293946,236.74500122070313,3205672.0
07/27/2026,241.8600006103516,244.22000122070312,240.6100006103516,243.3500061035156,2775200,0.0,0.0,-,199.8312675476074,226.05018127441406,224.55250091552733,233.73500061035156,3181596.0
07/24/2026,232.6999969482422,240.02999877929688,232.42999267578125,238.88999938964844,1500700,0.0,0.0,-,199.36145408630372,225.41009368896485,223.04800033569336,231.34600067138672,3200380.0
07/23/2026,237.3000030517578,237.47000122070312,231.88999938964844,232.38999938964844,2008300,0.0,0.0,-,198.9234797668457,224.97717498779298,221.86000061035156,229.74500122070313,3235514.0
07/22/2026,237.6499938964844,239.0399932861328,235.83999633789065,238.2100067138672,1747500,0.0,0.0,-,198.51989349365235,224.61197845458983,221.67000045776368,228.56600189208984,3305366.0
07/21/2026,237.3600006103516,237.63999938964844,230.13999938964844,235.80999755859372,2327500,0.0,0.0,-,198.10474525451662,224.3551412963867,221.2120002746582,226.51700134277343,3343742.0
07/20/2026,235.47999572753903,236.0800018310547,233.1300048828125,235.77999877929688,2055500,0.0,0.0,-,197.68684120178222,224.11975616455078,221.27000045776367,224.4030014038086,3352132.0
07/17/2026,231.9199981689453,237.05999755859372,231.75999450683597,233.4600067138672,2027900,0.0,0.0,-,197.26506286621094,223.97339782714843,221.12100067138672,221.96100158691405,3360034.0
07/16/2026,226.7100067138672,233.72999572753903,226.7100067138672,232.72000122070312,2248000,0.0,0.0,-,196.85225120544433,223.84369750976563,221.11050033569336,219.95800018310547,3353020.0
07/15/2026,220.66000366210935,227.7700042724609,219.19000244140625,225.80999755859372,2169300,0.0,0.0,-,196.44145042419433,223.70085235595704,221.1990005493164,217.8759994506836,3354892.0
07/14/2026,219.0399932861328,221.25,218.07000732421875,220.92999267578125,1661800,0.0,0.0,-,196.0549649810791,223.7524966430664,221.74700088500975,216.5800003051758,3343894.0
07/13/2026,224.7700042724609,225.9199981689453,218.58999633789065,219.4600067138672,2303500,0.0,0.0,-,195.6927303314209,223.88078216552734,222.70700149536134,215.37000122070313,3357750.0
07/10/2026,220.75999450683597,223.6999969482422,220.6000061035156,222.8800048828125,2279000,0.0,0.0,-,195.31921447753905,223.9843734741211,223.68950119018555,214.75,3352112.0
07/09/2026,218.4499969482422,222.1199951171875,218.0,220.6000061035156,3060400,0.0,0.0,-,194.92358070373535,224.02834777832032,224.1415008544922,213.975,3332086.0
07/08/2026,215.0399932861328,218.9499969482422,213.25999450683597,217.72000122070312,2369100,0.0,0.0,-,194.54684898376465,224.13089630126953,224.58400039672853,214.7739990234375,3297314.0
07/07/2026,214.44000244140625,218.41000366210935,212.9199981689453,214.6699981689453,2805600,0.0,0.0,-,194.18407020568847,224.29503723144532,225.0467498779297,215.90699920654296,3270772.0
07/06/2026,214.0200042724609,214.1699981689453,209.0,211.3600006103516,3323700,0.0,0.0,-,193.83937339782716,224.53115661621095,225.80921096801757,218.13699951171876,3246962.0
07/02/2026,211.3300018310547,214.2899932861328,211.19000244140625,213.42999267578125,1968200,0.0,0.0,-,193.5101831817627,224.82189880371095,226.87140884399415,220.28099975585937,3220222.0
07/01/2026,212.66000366210935,213.5,210.1499938964844,211.8999938964844,2257300,0.0,0.0,-,193.1736240386963,225.05627044677735,227.8081497192383,222.26300048828125,3220798.0
06/30/2026,208.47000122070312,213.1199951171875,205.9199981689453,212.8500061035156,3011000,0.0,0.0,-,192.84893798828125,225.37433807373046,228.38225250244142,224.52200164794922,3211840.0
06/29/2026,211.0200042724609,213.5399932861328,207.0,208.8300018310547,3166100,0.0,0.0,-,192.53540046691896,225.66482238769532,228.92133026123048,226.91400146484375,3209814.0
06/26/2026,214.8800048828125,216.6300048828125,210.8300018310547,213.25999450683597,13176700,0.0,0.0,-,192.2327219390869,225.918935546875,230.04365768432618,230.04400177001952,3176772.0
06/25/2026,228.58999633789065,230.0,214.94000244140625,215.1300048828125,4333300,0.0,0.0,-,191.90689964294432,226.12796325683593,230.71842880249022,232.6290023803711,2947270.0
06/24/2026,228.0399932861328,231.2100067138672,226.6699981689453,228.58999633789065,3081800,0.0,0.0,-,191.58228507995605,226.28242462158204,231.6125862121582,234.30800170898436,2896422.0
06/23/2026,233.1100006103516,234.9900054931641,227.6199951171875,229.0500030517578,3526600,0.0,0.0,-,191.18729843139647,226.12097778320313,231.89412536621094,234.39400177001954,2871656.0
06/22/2026,235.41000366210935,240.94000244140625,233.80999755859372,236.97000122070312,3221400,0.0,0.0,-,190.79922805786134,225.95452270507812,232.15915145874024,234.1865005493164,2860684.0
06/18/2026,235.3500061035156,236.92999267578125,232.05999755859372,232.8000030517578,4161600,0.0,0.0,-,190.36125122070314,225.70452087402344,231.14890213012694,233.4814224243164,2829080.0
06/17/2026,234.5,237.30999755859372,231.8999938964844,233.25,2294200,0.0,0.0,-,189.9467010498047,225.5291360473633,230.37709350585936,233.4618179321289,2806628.0
06/16/2026,236.50999450683597,238.30999755859372,234.2100067138672,234.4900054931641,2059000,0.0,0.0,-,189.5096347808838,225.18246948242188,229.3277847290039,233.35329895019532,2814600.0
06/15/2026,240.02999877929688,241.0200042724609,235.83999633789065,236.7700042724609,2311700,0.0,0.0,-,189.07573356628419,224.90821228027343,228.1366325378418,232.24250335693358,2813060.0
06/12/2026,241.3600006103516,242.80999755859372,239.16000366210935,240.1300048828125,2927200,0.0,0.0,-,188.63657653808593,224.56380310058594,226.91481704711913,230.92865905761718,2810688.0
06/11/2026,234.94000244140625,240.50999450683597,233.38999938964844,239.1100006103516,3147600,0.0,0.0,-,188.1709076690674,224.1515951538086,225.55095138549805,230.0433135986328,2804392.0
06/10/2026,229.4499969482422,233.75999450683597,228.0800018310547,231.9199981689453,2698200,0.0,0.0,-,187.70597831726073,223.69351745605468,224.1627326965332,228.80785522460937,2799304.0
06/09/2026,228.9900054931641,230.19000244140625,226.1199951171875,229.4499969482422,2899000,0.445,0.0,-,187.27600799560548,223.22274627685547,223.42893600463867,228.91717071533202,2805532.0
06/08/2026,229.89926544449168,231.43624532680292,226.3562089118252,226.97499084472656,3063700,0.0,0.0,-,186.8503109741211,222.85926177978516,222.66294479370117,229.39424896240234,2798990.0
06/05/2026,232.44426818962097,234.7896759323778,227.3742218514995,229.91921997070312,4163300,0.0,0.0,-,186.44060623168946,222.59737548828124,222.58260269165038,230.13180236816407,2796262.0
06/04/2026,232.703768546765,235.0192209749029,230.87734756612787,232.6039581298828,2923800,0.0,0.0,-,186.02376152038573,222.31113677978516,222.28867874145507,228.8163818359375,2788292.0
06/03/2026,224.03076398657976,232.5839865077906,223.0726357896255,232.1648101806641,2995200,0.0,0.0,-,185.58447494506837,221.96661224365235,222.08158493041992,227.29236907958983,2784052.0
06/02/2026,222.53370669874343,224.27030745198425,221.5656035191067,223.38204956054688,2540300,0.0,0.0,-,185.15174446105956,221.57677673339845,221.82209396362305,225.3022705078125,2765494.0
06/01/2026,227.5438890432924,229.1108090473612,222.87303865280228,223.63156127929688,2875700,0.0,0.0,-,184.76510803222655,221.32467071533202,221.93187866210937,224.03076171875,2794958.0
05/29/2026,226.2064889257313,233.36247218941887,226.1965139759816,231.27655029296875,11295700,0.0,0.0,-,184.3915936279297,221.05699523925782,222.16991119384767,222.9009750366211,2780304.0
05/28/2026,231.6857528207627,232.60395075703497,224.6096300355488,226.7554168701172,3441100,0.0,0.0,-,183.96855682373047,220.56775451660155,221.97329711914062,221.05858917236327,2604228.0
05/27/2026,235.53820121837643,236.94544582127716,231.3264575884452,233.01315307617188,2914200,0.0,0.0,-,183.56064361572265,220.20825958251953,221.8675048828125,219.51761016845703,2577806.0
05/26/2026,235.8276296387785,235.8276296387785,230.6378078550525,234.2207794189453,3241900,0.0,0.0,-,183.1151488494873,219.69905822753907,221.47078323364258,217.94070129394532,2560982.0
05/22/2026,228.51198123133383,235.33859316771355,227.5538530441028,234.35052490234372,4588700,0.0,0.0,-,182.6632689666748,219.1321697998047,221.04611587524414,215.931640625,2547808.0
05/21/2026,215.9466118782913,218.5215652758467,214.58927245699692,216.7650146484375,3791500,0.0,0.0,-,182.2176774597168,218.6248645019531,220.62494201660155,215.0334030151367,2501708.0
05/20/2026,214.08027500712004,220.34798533679955,213.1720520036615,217.36383056640625,3684500,0.0,0.0,-,181.8364274597168,218.5296224975586,221.11048965454103,215.76097564697267,2468508.0
05/19/2026,210.58711916520616,213.6311540283093,207.79259510680112,212.26382446289065,2654800,0.0,0.0,-,181.4530753326416,218.42359924316406,221.5371536254883,216.87080078125,2446058.0
05/18/2026,213.6710662364256,215.6172474416001,209.00023134400675,210.66696166992188,3672300,0.0,0.0,-,181.07064628601074,218.40403961181642,222.18139114379883,218.3419174194336,2461134.0
05/15/2026,212.8426910163616,214.359720970597,210.91647491706416,212.3336944580078,2340900,0.0,0.0,-,180.69387268066407,218.40845001220703,223.03821182250977,219.83299560546874,2435898.0
05/14/2026,212.69300107285216,214.7589427148787,212.233894469662,212.85269165039065,1988300,0.0,0.0,-,180.31837821960448,218.44087493896484,223.79023818969728,221.43884735107423,2460992.0
05/13/2026,216.5753787874148,216.5753787874148,208.7207835175531,211.3456268310547,3714400,0.0,0.0,-,179.9456401824951,218.43682678222658,224.2243865966797,222.88800506591798,2575940.0
05/12/2026,214.37968518320275,217.5634454690792,210.8865339379469,217.2440643310547,3257400,0.0,0.0,-,179.58668090820314,218.14661346435548,224.8426742553711,224.21739959716797,2601424.0
05/11/2026,224.86911213543263,225.96696575276616,210.60708143331823,214.1301727294922,5500900,0.0,0.0,-,179.18589134216307,217.8312515258789,225.1231246948242,225.00086517333983,2597248.0
05/08/2026,225.2184484044903,226.5857628138116,223.6215730777883,225.3681488037109,3666300,0.0,0.0,-,178.7913062286377,217.6446954345703,225.44249877929687,226.16059112548828,2575684.0
05/07/2026,229.23056273926025,230.7076776908233,222.1444649132397,224.04074096679688,2747000,0.0,0.0,-,178.3441484069824,217.19075408935547,225.21045379638673,226.21648101806642,2555184.0
05/06/2026,227.64367914182696,229.14074400304472,226.0468190938868,228.4620819091797,2450600,0.0,0.0,-,177.89664093017578,216.72412139892577,225.2319122314453,226.4600036621094,2544320.0
05/05/2026,226.88517060845336,228.56187593461112,225.93703258028572,226.97499084472656,1677200,0.0,0.0,-,177.41840507507325,216.14954162597655,225.01034622192384,226.20350646972656,2532978.0
05/04/2026,227.7035653338643,228.28243225634708,223.57166681656395,225.57774353027344,2341600,0.0,0.0,-,176.92738807678222,215.6313946533203,224.457430267334,226.02086486816407,2535342.0
05/01/2026,225.1685365055191,229.42019523532184,225.1685365055191,228.3922119140625,1619400,0.0,0.0,-,176.44603302001954,215.1324282836914,224.21740036010743,226.2434280395508,2528268.0
04/30/2026,226.3562157122764,228.63175313981543,224.94897105266017,227.34426879882807,2354600,0.0,0.0,-,175.9437677001953,214.55585998535156,223.7752670288086,226.14162902832032,2527372.0
04/29/2026,224.6196070148444,226.63565860451152,224.3002411001355,224.6395721435547,2021600,0.0,0.0,-,175.4392599105835,214.0002505493164,223.38403396606446,225.5607681274414,2524382.0
04/28/2026,227.23448195879047,227.49398295271467,223.38204959781507,225.07872009277344,1277700,0.0,0.0,-,174.9660146713257,213.45551208496093,222.96236114501954,225.46794891357422,2534528.0
04/27/2026,225.8871228204204,226.9151061142021,224.48985318118343,225.72743225097656,1321800,0.0,0.0,-,174.4905736923218,212.86872619628906,222.12749710083008,225.2453842163086,2537888.0
04/24/2026,225.58771667628127,226.59573488573665,223.7812608136172,225.9270477294922,1042000,0.0,0.0,-,174.01035305023194,212.2353042602539,221.40491409301757,224.72440643310546,2550306.0
04/23/2026,227.8133416774307,228.62176948418767,225.0188328229537,226.47596740722656,1615100,0.0,0.0,-,173.5308685684204,211.55187774658202,220.80259552001954,224.20442657470704,2571780.0
04/22/2026,226.70552259709504,228.16267247143475,224.24035450287903,225.8971099853516,1986700,0.0,0.0,-,173.050373878479,210.85329010009767,220.25916137695313,224.00382080078126,2591510.0
04/21/2026,228.10278957235448,229.23056809777933,224.17049670074545,225.1485748291016,1997000,0.0,0.0,-,172.56885898590087,210.20950286865235,219.73319244384766,223.8171859741211,2589820.0
04/20/2026,227.553864427882,229.9890924311954,227.0548427953647,227.80337524414065,1809400,0.0,0.0,-,172.09495166778564,209.5057928466797,219.10941543579102,222.8939956665039,2613586.0
04/17/2026,223.6814495728751,228.2624796900888,222.56364599985588,227.3742218017578,2909700,0.0,0.0,-,171.6076216506958,208.7189096069336,218.25808410644532,222.19137268066407,2629924.0
04/16/2026,222.91296433815847,224.4699093600684,219.89886948124516,221.53565979003903,1514000,0.0,0.0,-,171.1147571182251,207.94140625,217.40176239013672,221.40890502929688,2627010.0
04/15/2026,222.5137311955909,224.7693186025037,221.45580782690087,223.7113800048828,1701600,0.0,0.0,-,170.63924285888672,207.31752319335936,216.66570510864258,221.2072998046875,2642558.0
04/14/2026,219.91883872412964,223.1624793234299,218.6513195181484,222.8530731201172,1790900,0.0,0.0,-,170.15443561553954,206.6300079345703,215.9191696166992,220.45677337646484,2677416.0
04/13/2026,221.13645159348332,221.52568785425703,219.17030516038935,220.5176544189453,1843500,0.0,0.0,-,169.66757747650146,205.9305776977539,215.15417022705077,219.00960998535157,2682850.0
04/10/2026,223.96089953368795,224.4000410009548,219.26012434756257,220.7272491455078,2978000,0.0,0.0,-,169.19566673278808,205.2350311279297,214.42210540771484,218.08542175292968,2701176.0
04/09/2026,223.26227064197212,226.19652021602636,223.1924155339349,224.46990966796875,1641200,0.0,0.0,-,168.7279108428955,204.52613006591798,213.83500595092772,217.40076446533203,2676688.0
04/08/2026,218.77106971090947,224.1605122099749,218.77106971090947,224.03076171875,3039000,0.0,0.0,-,168.23916229248047,203.74157928466798,213.21165618896484,216.514501953125,2709264.0
04/07/2026,219.5595387309039,220.17832066892848,214.7090479558861,215.9166717529297,2692800,0.0,0.0,-,167.7516184234619,202.99708343505858,212.61325149536134,215.64919891357422,2705058.0
04/06/2026,218.7610938356069,220.93682072550007,218.4017976705227,220.7771453857422,1982000,0.0,0.0,-,167.3065280151367,202.4343896484375,212.38171005249023,215.32483520507813,2690740.0
04/02/2026,217.73311453004592,220.7272442175473,216.8348664864368,219.54954528808597,2193100,0.0,0.0,-,166.84209033966064,201.7438116455078,211.8872268676758,214.32479553222657,2715496.0
04/01/2026,217.31394051223185,221.5955393101606,216.04642133360977,219.5196075439453,2612400,0.0,0.0,-,166.3941961288452,201.18355346679687,211.6074966430664,213.39461975097657,2710914.0
03/31/2026,211.08614893896373,217.0644335331729,210.597102260425,216.20611572265625,2893200,0.0,0.0,-,165.94992015838622,200.57150817871093,211.26403045654297,212.12411041259764,2704748.0
03/30/2026,211.2757737122043,212.1939716559713,207.07400501482772,208.3814392089844,3009600,0.0,0.0,-,165.53023876190184,200.07891510009765,210.29547271728515,211.3815658569336,2712278.0
03/27/2026,213.16207317508608,213.5712745510358,210.41745431467808,211.27577209472656,2571900,0.0,0.0,-,165.16414951324464,199.771298828125,209.95019912719727,211.29873046875,2685432.0
03/26/2026,215.90670289370016,217.0843866449609,213.7409508205862,213.88067626953125,2927300,0.0,0.0,-,164.80187274932862,199.36675567626952,209.62652893066405,210.7587890625,2679234.0
03/25/2026,215.1980831537733,216.0763660970796,211.7248968681382,215.60728454589844,3764800,0.0,0.0,-,164.43487117767333,198.93800048828126,209.06604919433593,210.26924743652344,2656050.0
03/24/2026,211.485353602556,215.67714733697667,210.1180392555169,215.3777313232422,2711800,0.0,0.0,-,164.06733959198,198.4553921508789,208.32114028930664,209.9088104248047,2622174.0
03/23/2026,213.00239077131724,215.0284173712744,212.54329939981204,212.67303466796875,2067300,0.0,0.0,-,163.69324794769287,197.96104187011719,207.53890838623047,209.57730407714843,2621126.0
03/20/2026,209.1299682178936,210.9464141760189,207.6728336546508,210.77674865722656,4013500,0.0,0.0,-,163.33401378631592,197.47756225585937,206.95863876342773,209.43858489990234,2627492.0
03/19/2026,206.7047310140432,211.04622509393695,206.2256745346049,210.24778747558597,2143000,0.0,0.0,-,162.99177127838135,196.98659423828124,206.4512725830078,209.449658203125,2588178.0
03/18/2026,207.79259223696388,210.537211050737,206.61490856494072,206.81451416015625,2491900,0.0,0.0,-,162.64421863555907,196.51696105957032,205.91707305908204,209.82037353515625,2602192.0
03/17/2026,208.93037056213083,209.96834407163445,208.11198301514864,208.7806701660156,2120000,0.0,0.0,-,162.30231998443602,196.0990625,205.55453720092774,210.4039505004883,2599216.0
03/16/2026,206.4153166074246,209.898477876518,206.4153166074246,207.55308532714844,2073000,0.0,0.0,-,161.94485912322997,195.56336212158203,204.98563613891602,209.20937957763672,2608144.0
03/13/2026,209.18986889413893,210.33761252691255,205.6068820937141,205.87635803222656,2583200,0.445,0.0,-,161.59734073638916,195.00042510986327,204.39495315551758,208.60166778564454,2593684.0
03/12/2026,209.5728531294316,212.3016978225807,208.54704981996863,208.9852600097656,2283700,0.0,0.0,-,161.26606197357177,194.4971160888672,203.8039520263672,208.49426879882813,2567362.0
03/11/2026,211.8336087111808,213.23786902301,210.6882990704505,212.0029144287109,2131500,0.0,0.0,-,160.89932689666747,193.9170883178711,202.94247512817384,207.86285095214845,2558504.0
03/10/2026,210.1903359586984,215.7077632658926,208.51717117748768,212.0626678466797,2562000,0.0,0.0,-,160.59156803131103,193.2850732421875,201.91965866088867,206.73347015380858,2534236.0
03/09/2026,209.12468378451092,211.4153182291672,203.41802806020544,211.2858428955078,3408600,0.0,0.0,-,160.28563480377198,192.6626190185547,201.00191268920898,205.5005126953125,2495420.0
03/06/2026,212.142343878304,212.76978257104727,208.8757054721156,210.88748168945312,2410500,0.0,0.0,-,159.99129375457764,192.03438873291014,199.93577423095704,204.47869262695312,2458518.0
03/05/2026,210.62854917163227,214.0047401716247,210.34969090352823,213.95494079589844,3595600,0.0,0.0,-,159.69904315948486,191.41551971435547,198.81436080932616,203.45288696289063,2471706.0
03/04/2026,213.87526946033324,215.9169223361852,205.6987041602192,212.65028381347656,7735700,0.0,0.0,-,159.38483448028563,190.7697610473633,197.54156646728515,202.0137725830078,2522946.0
03/03/2026,197.94044023042596,198.51807956513497,193.27951036617785,196.8349609375,4988600,0.0,0.0,-,159.07205989837647,190.15328216552734,196.4261276245117,200.7051239013672,2411510.0
03/02/2026,202.2627427862072,203.4180213650197,199.7131729547828,201.47596740722656,3048600,0.0,0.0,-,158.8322845840454,189.8564959716797,196.0511604309082,200.76189270019532,2358290.0
02/27/2026,201.82454182851944,205.559266993345,200.4601270978932,204.8023681640625,4422700,0.0,0.0,-,158.56273288726806,189.4601171875,195.3714401245117,200.18823852539063,2350220.0
02/26/2026,202.08348844269025,203.8861133212668,201.3265744319657,202.67108154296875,2641300,0.0,0.0,-,158.27620334625243,189.03465728759767,194.4183380126953,199.11363525390624,2324132.0
02/25/2026,199.11561764816645,204.01559038056817,199.11561764816645,200.7091064453125,2203800,0.0,0.0,-,157.96584247589112,188.6082015991211,193.54889373779298,198.02209930419923,2322294.0
02/24/2026,201.2767826129116,201.4859186998877,198.25912607060772,199.73309326171875,1883500,0.0,0.0,-,157.67067707061767,188.24170104980467,192.7755569458008,197.10584716796876,2340032.0
02/23/2026,201.22699413218183,201.9540163730298,197.4623923965096,201.0676422119141,1795400,0.0,0.0,-,157.37871196746826,187.86862731933593,192.12920074462892,196.50331268310546,2376964.0
02/20/2026,198.58777233176116,202.4818492667405,198.0798551997949,200.62942504882807,1987900,0.0,0.0,-,157.07305805206298,187.3732534790039,191.46491775512695,195.39285583496093,2381554.0
02/19/2026,198.61765447481812,199.75302550152077,197.5719435971886,199.5637969970703,1574600,0.0,0.0,-,156.7689033126831,186.9018817138672,190.74585876464843,194.17583465576172,2392874.0
02/18/2026,196.88475174276775,199.7829020867881,196.35691180752997,199.5637969970703,2205100,0.0,0.0,-,156.4652347946167,186.44546295166015,190.34450073242186,193.0693603515625,2419466.0
02/17/2026,197.3229729617321,198.1695015860609,194.3949458686315,197.40264892578125,2528900,0.0,0.0,-,156.15385829925538,185.9735430908203,189.8121780395508,192.14713134765626,2443994.0
02/13/2026,193.73761847598016,196.43658650195653,192.53255568692887,195.7394256591797,1445700,0.0,0.0,-,155.85363346099854,185.56293090820313,189.52086868286133,191.3404281616211,2462108.0
02/12/2026,193.74758538815053,196.37683142918573,192.8711801722297,194.05633544921875,1942700,0.0,0.0,-,155.57051952362062,185.1770376586914,189.38392868041993,190.5546417236328,2513238.0
02/11/2026,192.86120130180052,192.86120130180052,190.44110669102423,191.75572204589844,2115700,0.0,0.0,-,155.2888543319702,184.82341522216797,189.23354263305663,189.72304077148436,2523176.0
02/10/2026,193.0703517266172,194.02644805036985,191.1581742757473,191.5465850830078,2601600,0.0,0.0,-,155.02037220001222,184.4931491088867,189.26790237426758,189.07568817138673,2500544.0
02/09/2026,189.8833934283698,193.9666838913325,189.2360319377996,193.70774841308597,1902200,0.0,0.0,-,154.75402263641357,184.1934976196289,189.26441650390626,188.4452667236328,2492388.0
02/06/2026,189.83359839006923,191.06855303062864,188.94722419059948,189.96307373046875,3185300,0.0,0.0,-,154.4684183883667,183.82697357177733,189.11203994750977,187.75508880615234,2544966.0
02/05/2026,188.59864239294168,190.3216065993063,187.2242738217955,188.45921325683597,2626300,0.0,0.0,-,154.19990695953368,183.48824340820312,189.03883895874023,187.53697967529297,2593234.0
02/04/2026,191.04862391877705,193.1002305240461,187.28402214477853,188.49905395507807,2764000,0.0,0.0,-,153.92705669403077,183.17700653076173,188.92729568481445,187.31588287353514,2697132.0
02/03/2026,188.41937571213336,192.7914933383297,188.0010883197146,190.3415069580078,2291400,0.0,0.0,-,153.67446262359618,182.59668426513673,188.8406494140625,187.61964111328126,2739764.0
02/02/2026,187.8815574620305,190.48092664048255,187.0350289229237,189.3356170654297,3444500,0.0,0.0,-,153.40796237945557,181.9785189819336,188.61955337524415,187.47722473144532,2743024.0
01/30/2026,184.9037502450041,187.94132964500824,184.9037502450041,187.88156127929688,2062600,0.0,0.0,-,153.15810276031493,181.36954132080078,188.2525550842285,187.70130920410156,2719848.0
01/29/2026,184.5252941616988,186.34784181075216,183.9377010673504,185.7403259277344,2759800,0.0,0.0,-,152.92850803375245,180.77990692138673,187.82878875732422,188.21321563720704,2733950.0
01/28/2026,185.21248907837415,186.12873981612452,183.9476579179791,185.28219604492188,1753600,0.0,0.0,-,152.69899646759032,180.2563491821289,187.5773178100586,188.7440444946289,2737126.0
01/27/2026,186.89561261397893,187.72223361823407,183.98750840441411,185.24237060546875,3270000,0.0,0.0,-,152.4588303756714,179.76679534912108,187.31240158081056,189.46011657714843,2747760.0
01/26/2026,186.84579961780537,188.62850163672715,185.9594255062057,186.80596923828125,2828700,0.0,0.0,-,152.2095251083374,179.29830871582033,187.07039108276368,190.08356628417968,2733070.0
01/23/2026,186.1586170371084,188.0807634713573,185.36187263736736,187.781982421875,1976900,0.0,0.0,-,151.90249851226807,178.79616516113282,186.77709045410157,190.4689910888672,2710858.0
01/22/2026,192.14412943354017,193.16994790742012,185.700497715851,186.2482452392578,3219800,0.0,0.0,-,151.595433883667,178.25840423583983,186.38170776367187,190.5406982421875,2728376.0
01/21/2026,190.1622525997432,191.8254484182388,189.09660370234096,191.53663635253903,1964000,0.0,0.0,-,151.3080443572998,177.73462463378905,186.0664970397949,190.53870849609376,2706822.0
01/20/2026,189.76387173900557,191.40715995535015,188.14052150888037,188.91734313964844,2304100,0.0,0.0,-,150.99865974426268,177.08818481445311,185.57301559448243,190.06165771484373,2698996.0
01/16/2026,193.40896328401152,194.1260317281296,190.9988224788617,191.5764617919922,3269700,0.0,0.0,-,150.70810302734375,176.53387725830078,185.21846542358398,189.76188201904296,2705928.0
01/15/2026,191.78560903548845,193.72766303201928,190.50085510165133,193.0006256103516,1667300,0.0,0.0,-,150.38814334869386,175.92638732910157,184.73942489624022,188.80380096435547,2682196.0
01/14/2026,191.70592974987383,193.00062226066717,189.4949713316932,191.04861450195312,2262000,0.0,0.0,-,150.05454086303712,175.2699447631836,184.17224502563477,187.4443618774414,2697130.0
01/13/2026,191.4469901448407,192.701867544536,191.3175300042671,192.4429168701172,1768100,0.0,0.0,-,149.7189884185791,174.6072314453125,183.79628295898436,186.41059112548828,2687006.0
01/12/2026,190.2220054665292,191.7059417653031,188.17039883379692,191.47686767578125,2071000,0.0,0.0,-,149.39459762573242,173.8997396850586,183.24155197143554,185.16468658447266,2684042.0
01/09/2026,188.499058085808,191.47686930862653,188.1504776486141,190.66021728515625,2659400,0.0,0.0,-,149.06816917419434,173.2169348144531,182.7869125366211,184.05721588134764,2672772.0
01/08/2026,186.22834225636905,190.44110801362723,185.66065673337397,188.49905395507807,2385600,0.0,0.0,-,148.7479486465454,172.59736389160156,182.30787200927733,183.0851898193359,2650266.0
01/07/2026,186.64663518820797,186.8856478814945,184.9834393453324,186.2283477783203,2047800,0.0,0.0,-,148.4437219619751,172.02161254882813,181.69786682128907,182.22271728515625,2678800.0
01/06/2026,185.12285560148507,188.8077812674124,184.61492327031976,186.76612854003903,2843700,0.0,0.0,-,148.12298194885253,171.41217956542968,181.23949127197267,181.5942855834961,2669806.0
01/05/2026,182.15498452968677,186.019184928752,182.15498452968677,185.91958618164065,2343100,0.0,0.0,-,147.80479038238525,170.79020202636718,180.73832778930665,181.0843734741211,2639684.0
01/02/2026,179.85439971488458,182.02552783048756,178.29080269283986,181.9956512451172,2566400,0.0,0.0,-,147.49750183105468,170.17303283691408,180.24073867797853,180.675048828125,2619060.0
12/31/2025,180.51171398367987,181.07939949583425,179.3166049855977,179.40623474121094,1350000,0.0,0.0,-,147.1987652206421,169.64149688720704,179.98455810546875,180.675048828125,2596872.0
12/30/2025,179.98388470501448,180.9598886716224,179.49587512339235,180.71090698242188,1267100,0.0,0.0,-,146.9200165939331,169.1824172973633,179.83648452758788,180.90012817382814,2603700.0
12/29/2025,179.47595432215866,181.11922727129885,179.19708086987103,179.98387145996094,1840800,0.0,0.0,-,146.6281943130493,168.67458892822265,179.61969985961915,181.18197479248047,2636280.0
12/26/2025,179.72493778736697,181.03955312047688,179.42615674000348,180.40216064453125,918100,0.0,0.0,-,146.3355255126953,168.15944061279296,179.38262710571288,181.31841735839845,2635342.0
12/24/2025,180.34240975937632,181.6769478983222,179.37635963875422,180.93995666503903,621200,0.0,0.0,-,146.05662368774415,167.67130065917968,179.1907196044922,181.51660919189453,2654006.0
12/23/2025,180.05358813159168,180.40216856826555,178.15137961298598,179.87432861328125,1563500,0.0,0.0,-,145.78552303314208,167.1380242919922,178.9127990722656,181.53055419921876,2683134.0
12/22/2025,182.76250517607644,183.0015330573892,179.13733255766215,179.94403076171875,3069900,0.0,0.0,-,145.53684024810792,166.61632263183594,178.57041091918944,181.1730163574219,2716156.0
12/19/2025,182.1550018422637,182.42390632771364,180.58145090412265,181.66700744628903,6157600,0.0,0.0,-,145.3067210006714,165.95292175292968,178.21807785034179,180.88469696044922,2702068.0
12/18/2025,182.75254423184867,183.74847090341189,181.0196263525401,181.8263397216797,2163900,0.0,0.0,-,145.07749195098876,165.30017333984375,177.10887451171874,180.39228210449218,2608254.0
12/17/2025,181.79645374713425,182.55336776754424,180.85032641825728,181.9956512451172,2327600,0.0,0.0,-,144.85116008758544,164.68477996826172,175.98921966552734,179.80642852783203,2604830.0
12/16/2025,184.0572152478872,185.0929875499329,181.2984939700934,181.6570281982422,2645100,0.0,0.0,-,144.6108318710327,164.03261322021484,174.83377380371093,179.2940673828125,2590110.0
12/15/2025,182.4139401150528,183.99745993905427,181.02960259401277,183.5293731689453,3118300,0.0,0.0,-,144.37633380889892,163.42537536621094,173.67091445922853,178.77284088134766,2590602.0
12/12/2025,183.3899499831204,184.24644759059615,180.55155268482704,181.34829711914065,2549400,0.0,0.0,-,144.14976070404052,162.78824279785155,172.47256774902343,178.05742492675782,2575690.0
12/11/2025,181.3881521836828,183.1509316706868,180.7308368512558,182.3840789794922,3090700,0.0,0.0,-,143.92276554107667,162.26488403320312,171.44537811279298,177.44683685302735,2576230.0
12/10/2025,177.41438844139,181.77655241532588,177.39446565157846,181.07940673828125,3730100,0.0,0.0,-,143.69433444976806,161.66178619384766,170.41707611083984,176.86483001708984,2558284.0
12/09/2025,176.58776225426044,176.96621926641723,174.92456647464675,176.2989501953125,2024900,0.405,0.0,-,143.460951423645,161.06868469238282,169.4480453491211,176.2950439453125,2524184.0
12/08/2025,177.20988019769027,178.283038205005,176.4248929908534,177.0608367919922,2553900,0.0,0.0,-,143.24890956878662,160.5606591796875,168.67779464721679,175.96780548095703,2530614.0
12/05/2025,176.35533086635124,176.81242258472906,174.91452233740011,176.74285888671875,2904200,0.0,0.0,-,143.0364075088501,160.03063934326173,167.8277160644531,175.55145874023438,2524838.0
12/04/2025,177.53779355474592,177.9153904043903,174.89464593142813,175.96780395507812,3431500,0.0,0.0,-,142.83770915985107,159.46604034423828,166.9513053894043,173.82546691894532,2521922.0
12/03/2025,177.2396903066697,177.5079836011838,175.9976113755256,176.87203979492188,3434600,0.0,0.0,-,142.6460380935669,158.91634552001952,166.21301345825196,172.17201080322266,2507076.0
12/02/2025,176.5938065831125,177.3986712647049,174.9641997126267,176.44476318359375,4002200,0.0,0.0,-,142.44669384002685,158.2740414428711,165.42950973510742,170.37348022460938,2492470.0
12/01/2025,174.37795609896608,177.66697878340966,173.7718209555241,176.37521362304688,2439600,0.0,0.0,-,142.24786083221434,157.62021118164063,164.6161964416504,168.56898803710936,2478318.0
11/28/2025,176.18639324841098,177.06082158566528,175.06354914826352,175.24241638183594,984100,0.0,0.0,-,142.05764949798584,156.99778015136718,163.69308319091797,166.88771057128906,2523576.0
11/26/2025,175.11325572456423,176.96146982219096,174.35807717578538,176.5640106201172,2193800,0.0,0.0,-,141.86871898651123,156.39621673583986,162.78437881469728,165.44391937255858,2566996.0
11/25/2025,173.18554378711556,176.20628825467338,172.4005565697343,175.3815460205078,4531100,0.0,0.0,-,141.68165142059325,155.77954925537108,161.8230094909668,163.96932220458984,2588832.0
11/24/2025,172.27137186977066,174.88471075162306,171.82422649401812,173.0265655517578,5598700,0.0,0.0,-,141.5047317123413,155.18235748291016,161.03801574707032,162.60104675292968,2529302.0
11/21/2025,165.6734348208317,173.75192020774884,162.47383861120352,172.89736938476562,7821200,0.0,0.0,-,141.34185245513916,154.644189453125,160.37226181030275,161.38778381347657,2456252.0
11/20/2025,160.06919831216825,163.18930009643714,159.32395092584193,159.48294067382812,4895600,0.0,0.0,-,141.19158679962158,154.1254977416992,159.51522827148438,160.10397338867188,2342462.0
11/19/2025,159.482928985718,160.8343114203674,157.86325326626653,159.43324279785156,2454400,0.0,0.0,-,141.12031185150147,153.93868896484375,159.32444381713867,160.07714385986327,2285138.0
11/18/2025,157.99244322518328,160.2679252015694,157.48568046941958,158.88673400878906,2285700,0.0,0.0,-,141.0468720626831,153.7159100341797,159.1058380126953,160.25401611328124,2275190.0
11/17/2025,159.56242533741738,160.1983691265712,156.73047938575496,158.39984130859375,2767700,0.0,0.0,-,140.97675586700439,153.50008605957032,158.93244400024415,160.48553924560548,2266746.0
11/14/2025,160.07914807581574,161.20197718503348,158.8867401024808,159.56243896484375,2918600,0.0,0.0,-,140.92626224517824,153.33623107910157,158.83506469726564,160.6634048461914,2259260.0
11/13/2025,161.5000655455302,162.29499907328437,160.34741268839142,160.80450439453125,2285300,0.0,0.0,-,140.8815785598755,153.13683563232422,158.62291717529297,160.4984558105469,2249656.0
11/12/2025,161.99689101735285,162.40429651980494,160.12879957164682,161.8180389404297,2535500,0.0,0.0,-,140.817042427063,152.94946411132813,158.29401473999025,160.12483825683594,2256368.0
11/11/2025,161.63917414403096,162.36454395933973,160.3672865930393,161.69879150390625,1718100,0.0,0.0,-,140.73645587921143,152.70059600830078,158.00287094116212,159.67669677734375,2259684.0
11/10/2025,160.7747014305574,161.57956615976715,159.34382406214164,160.89393615722656,2852800,0.0,0.0,-,140.64705883026124,152.46441955566405,157.63173828125,159.47498474121093,2287974.0
11/07/2025,159.75123198015888,160.9933109418337,158.9662295856062,160.05926513671875,2142100,0.0,0.0,-,140.5777908706665,152.16327575683593,157.2765037536621,159.35673980712892,2283590.0
11/06/2025,161.2019717245193,161.9869741191104,157.8434005222117,159.2146453857422,1572700,0.0,0.0,-,140.5093964767456,151.9162857055664,156.61223983764648,158.92648315429688,2287172.0
11/05/2025,161.20196533203125,164.02398014438086,160.29774340693822,161.20196533203125,2650700,0.0,0.0,-,140.451036567688,151.7107647705078,156.10298690795898,158.57174377441407,2302920.0
11/04/2025,159.17489921818475,161.70874323206496,158.61845029132868,161.20196533203125,2083100,0.0,0.0,-,140.37855388641358,151.4266500854492,155.59572219848633,157.95765991210936,2303774.0
11/03/2025,158.64826272936006,160.41698192965185,156.65099008705,160.17849731445312,2414000,0.0,0.0,-,140.30710536956786,151.12509338378905,155.00498962402344,157.3793487548828,2329544.0
10/31/2025,156.9789028059076,158.61845612797023,156.39264517654732,157.91294860839844,1755800,0.0,0.0,-,140.2400354385376,150.8400421142578,154.56082153320312,157.00672454833983,2435998.0
10/30/2025,157.91293337022785,158.4097649055591,156.5615509876431,157.06832885742188,1619900,0.0,0.0,-,140.18434261322022,150.56799499511717,154.24881134033203,156.74737854003905,2513102.0
10/29/2025,157.91295060885838,159.8009197464751,156.9192874297223,157.3366241455078,1507500,0.0,0.0,-,140.13341457366943,150.3273092651367,154.15441284179687,156.46319122314452,2580026.0
10/28/2025,159.10534467457953,160.2878062932235,157.64465857650134,159.68167114257812,1534100,0.0,0.0,-,140.09119205474855,150.11158233642578,153.89904098510743,156.32904510498048,2622188.0
10/27/2025,158.45947660414697,160.92375717076266,158.22099197043667,159.71148681640625,3812300,0.0,0.0,-,140.0401007461548,149.81288177490234,153.48617401123047,155.78849182128906,2693014.0
10/24/2025,155.98523688728534,156.82985662878824,155.41885677663583,155.75669860839844,1598100,0.0,0.0,-,140.00309368133546,149.53102630615234,153.0454833984375,155.1962677001953,2690680.0
10/23/2025,154.20656574172656,155.89578983500422,153.8885862990843,155.66725158691406,1337600,0.0,0.0,-,139.97074069976807,149.3369876098633,152.78564071655273,154.2979965209961,2723664.0
10/22/2025,155.91567756450277,157.02857536253777,154.90213697723783,155.06112670898438,1311900,0.0,0.0,-,139.95553073883056,149.20221618652343,152.42792358398438,153.6342300415039,2752826.0
10/21/2025,155.6374608612736,156.60131531007812,155.37909874380267,155.41885375976562,1457000,0.0,0.0,-,139.93990390777589,149.03437744140626,152.0990203857422,153.2337844848633,2773524.0
10/20/2025,156.32308935361775,156.79009707100127,155.35923491401942,156.45225524902344,1691400,0.0,0.0,-,139.91436229705812,148.82945587158204,151.5659194946289,152.63063049316406,2792370.0
10/17/2025,155.1306900961236,156.3529067186111,154.17678193848585,155.31948852539062,2896100,0.0,0.0,-,139.8771033859253,148.5786947631836,150.93096923828125,152.11491851806642,2804456.0
10/16/2025,156.30320791869192,156.482059998035,153.7097466335484,154.22645568847656,1793900,0.0,0.0,-,139.8466410446167,148.3492010498047,150.42767791748048,151.750244140625,2788676.0
10/15/2025,154.5841632949573,156.90933112279075,154.5145996057539,155.9951629638672,1851300,0.0,0.0,-,139.82883434295655,148.16931640625,149.97456741333008,151.84563446044922,2811902.0
10/14/2025,153.67994950096144,155.56790345899816,153.19304908933876,154.27613830566406,2077600,0.0,0.0,-,139.806665763855,147.8597134399414,149.4613410949707,151.4690368652344,2815994.0
10/13/2025,148.02599646664345,154.42518939693318,147.63846845562756,153.78924560546875,3214600,0.0,0.0,-,139.77639667510985,147.58805877685546,149.02363204956055,151.18385620117186,2828164.0
10/10/2025,149.71522117465724,150.67907561855534,146.55537971601106,146.77398681640625,2365500,0.0,0.0,-,139.73969692230224,147.22783416748047,148.64007797241212,150.8946990966797,2808284.0
10/09/2025,150.28161199584736,151.56343071749916,148.1352960710347,149.0295867919922,1466900,0.0,0.0,-,139.74038829803467,146.99859924316405,148.64951782226564,151.27328491210938,2811360.0
10/08/2025,150.01332183833912,151.13616601131113,149.45687291930386,151.05667114257812,1992700,0.0,0.0,-,139.72310367584228,146.76270355224608,148.70516357421874,151.22161712646485,2826650.0
10/07/2025,152.01058394369696,152.01058394369696,148.7215613539057,149.38731384277344,1591600,0.0,0.0,-,139.69967296600342,146.50767181396483,148.56704483032226,150.9642562866211,2829172.0
10/06/2025,151.27527315310357,152.487543326841,150.24185505642805,151.29513549804688,2669700,0.0,0.0,-,139.69567028045654,146.3110009765625,148.5024559020996,150.50120849609374,2851092.0
10/03/2025,155.021384761885,155.56790253452056,151.02686975919605,151.67274475097656,2372700,0.0,0.0,-,139.6775482559204,146.0268212890625,148.44805374145508,149.74701995849608,2830580.0
10/02/2025,152.09006615116925,156.03490972824966,151.64292080478455,155.18035888671875,2576400,0.0,0.0,-,139.67531734466553,145.69762939453125,148.34404983520508,149.10511169433593,2829358.0
10/01/2025,150.93742192278927,152.99431185980788,149.84440158761504,152.22918701171875,2193400,0.0,0.0,-,139.65727214813234,145.31275390625,148.15682830810547,148.10350036621094,2824832.0
09/30/2025,150.1822526878135,151.9310944293922,150.10275781381944,151.42433166503906,2025100,0.0,0.0,-,139.65378574371337,144.958955078125,148.01410064697265,147.45364532470703,2822504.0
09/29/2025,151.52368714711417,151.89133763149422,149.45686614009227,150.89767456054688,2346400,0.0,0.0,-,139.66382884979248,144.58676666259765,147.93738250732423,146.86340789794923,2836986.0
09/26/2025,149.2482023328294,150.967235339652,148.19492181810463,150.55984497070312,2265100,0.0,0.0,-,139.67700763702393,144.1442449951172,147.6843360900879,146.38545684814454,2844340.0
09/25/2025,149.11904409563158,149.67549306316562,146.8336156971763,148.51290893554688,2758400,0.0,0.0,-,139.69305454254152,143.7191827392578,147.54183197021484,146.02575073242187,2841146.0
09/24/2025,145.07480574987716,149.5164808101184,145.07480574987716,148.48306274414062,2689200,0.0,0.0,-,139.71997509002685,143.30770751953125,147.56311645507813,146.18871002197267,2859934.0
09/23/2025,143.8426676872228,144.87608582203768,143.08748917493185,144.7568359375,2704300,0.0,0.0,-,139.73657932281495,142.86690048217773,147.48877487182617,146.16983337402343,2847798.0
09/22/2025,145.51203819227592,145.98899227226332,142.7993419620955,143.7532501220703,3294600,0.0,0.0,-,139.76808055877686,142.57157424926757,147.55713958740233,146.50370330810546,2843424.0
09/19/2025,145.49214670750854,145.998909421185,143.64393276773592,145.253662109375,4702500,0.0,0.0,-,139.8175709915161,142.296319732666,147.66577377319337,147.14908752441406,2820962.0
09/18/2025,146.1082225633442,146.4361332215297,142.4813581391557,145.16424560546875,3155100,0.0,0.0,-,139.85223850250244,141.98491256713868,147.61862030029297,147.5829879760742,2789770.0
09/17/2025,146.01879222971965,147.21118493948873,145.303353571439,145.7306365966797,3285600,0.0,0.0,-,139.88745128631592,141.68223068237305,147.61211013793945,148.21015625,2770898.0
09/16/2025,146.16784750721007,146.60504653335192,144.8462737698908,145.52195739746094,1554600,0.0,0.0,-,139.9173263168335,141.37515853881837,147.65309219360353,148.57455596923828,2759930.0
09/15/2025,146.9627686128152,146.9627686128152,145.4822202755173,146.1181640625,1946200,0.0,0.0,-,139.942889213562,141.05660202026368,147.61432647705078,149.01135711669923,2778930.0
09/12/2025,149.03955146138787,149.39727082619626,145.83995468785093,146.96278381347656,2131700,0.0,0.0,-,139.93009464263915,140.74158096313477,147.5893539428711,148.98321533203125,2786882.0
09/11/2025,148.60232097972332,150.31142274012905,148.582443472157,150.1425018310547,2029400,0.0,0.0,-,139.897698097229,140.40907272338868,147.54395294189453,149.05791320800782,2817932.0
09/10/2025,147.2608780818444,148.96997993932317,146.70442913514836,148.29429626464844,1957000,0.0,0.0,-,139.8315182876587,139.98224899291992,147.4832618713379,148.9375228881836,2836870.0
09/09/2025,149.34756043332618,149.69533340586506,147.42978284987677,148.0955352783203,1863500,0.405,0.0,-,139.77428470611574,139.54501922607423,147.40200653076172,148.8077163696289,2848800.0
09/08/2025,149.5827523959967,151.07916905680227,149.11697741862088,150.20709228515625,2393400,0.0,0.0,-,139.72806819915772,139.1181071472168,147.25586853027343,148.6105758666992,2899988.0
09/05/2025,151.3963085896266,152.0404577928826,149.10708234467327,149.59266662597656,2438400,0.0,0.0,-,139.66829677581788,138.62359420776366,146.94122390747071,148.18246002197264,2935320.0
09/04/2025,149.8106758480045,152.15935994248687,149.71158412207646,151.43592834472656,2620900,0.0,0.0,-,139.61965534210205,138.15445098876953,146.65383071899413,147.6542526245117,2926904.0
09/03/2025,149.64221018701608,150.63321820149963,148.8890495397782,149.3746337890625,2701300,0.0,0.0,-,139.55260959625244,137.66925384521485,146.34364547729493,147.0140640258789,2964802.0
09/02/2025,145.05384470691118,150.06834306426902,145.05384470691118,149.8899688720703,3132600,0.0,0.0,-,139.49513339996338,137.2161651611328,145.90066452026366,146.73162841796875,3008738.0
08/29/2025,147.59081955210766,148.29444191120683,145.45025368662007,145.8367462158203,2633600,0.0,0.0,-,139.44515300750732,136.7488055419922,145.44083633422852,146.21729583740233,3088342.0
08/28/2025,149.51338947941844,150.46476392336797,146.73857885453188,147.7097625732422,2321200,0.0,0.0,-,139.42054851531984,136.3700424194336,144.93789978027343,146.19549255371095,3112334.0
08/27/2025,147.19442984473804,149.1665413801958,146.73857459313808,148.9385986328125,2360100,0.0,0.0,-,139.379896736145,135.9736393737793,144.31802368164062,146.02999267578124,3145338.0
08/26/2025,146.08450545538946,147.8385788784959,145.6385548414062,146.99623107910156,2693400,0.0,0.0,-,139.3161497116089,135.59428146362305,143.7328338623047,146.02900085449218,3168884.0
08/25/2025,145.64845063110857,146.77819917464544,144.1520339572604,146.12413024902344,3371600,0.0,0.0,-,139.2804413986206,135.267645111084,143.29827651977538,145.99629669189454,3174954.0
08/22/2025,148.87913356199292,149.64221398656355,144.05292924782276,145.92593383789062,7736700,0.0,0.0,-,139.24093746185304,134.99055923461913,142.96975860595703,145.90116119384766,3230678.0
08/21/2025,144.78628742021013,145.52954348474594,142.88353858800508,144.3105926513672,5611000,0.0,0.0,-,139.1994762802124,134.7753123474121,142.52776947021485,145.69998779296876,3168846.0
08/20/2025,147.51156262334146,149.22600241263862,144.76646593574117,145.03404235839844,4966100,0.0,0.0,-,139.16442127227782,134.66550888061522,142.0728973388672,145.65340881347657,3099818.0
08/19/2025,144.62771964153654,147.46200331653253,144.05293314838823,146.55027770996094,3615600,0.0,0.0,-,139.1251103591919,134.5744352722168,141.61802444458007,145.67322692871093,3056142.0
08/18/2025,145.7178267864648,146.53046070029816,144.37005514325577,144.74664306640625,5075400,0.0,0.0,-,139.07536838531493,134.48544906616212,141.01747283935546,145.0697006225586,3013758.0
08/15/2025,146.38179374905076,147.1646833910358,145.1628430596873,145.61871337890625,3695600,0.0,0.0,-,139.0550352859497,134.4017042541504,140.42088623046874,144.66437683105468,2944664.0
08/14/2025,147.90794391396105,147.9475775804419,145.9754813394016,146.0547637939453,3247300,0.0,0.0,-,139.0355499649048,134.30585403442382,139.57853012084962,143.68030700683593,2915962.0
08/13/2025,146.6097253386053,149.23589047920973,146.24305721901425,148.92868041992188,2795700,0.0,0.0,-,139.01467052459716,134.23132369995116,138.74112854003906,142.6060546875,2914248.0
08/12/2025,145.2718644919931,147.24397592908525,144.6871733794341,146.669189453125,2346800,0.0,0.0,-,138.98364696502685,134.06749526977538,137.6916519165039,141.4366668701172,2919796.0
08/11/2025,144.71690491023605,146.352062150639,143.47814484278447,145.1727752685547,2399300,0.0,0.0,-,138.96642681121827,133.90280715942382,136.6803279876709,140.60025634765626,2957378.0
08/08/2025,143.91419982910156,144.75656277641616,142.7844511816161,143.91419982910156,2295700,0.0,0.0,-,138.96425525665282,133.74512161254881,135.92121543884278,140.0383560180664,2987666.0
08/07/2025,145.2322231072594,146.18358230399534,143.11146662595758,143.8448028564453,2107100,0.0,0.0,-,138.98120052337646,133.62782577514648,135.22503166198732,139.35555114746094,3013688.0
08/06/2025,141.00061517245473,145.4799755074778,140.63394705619217,145.2322235107422,2955200,0.0,0.0,-,138.9950043106079,133.54334182739257,134.51695671081544,138.4923858642578,3124266.0
08/05/2025,140.02943041667967,141.48621335511658,139.44473933841772,140.5150146484375,2055900,0.0,0.0,-,138.99494304656983,133.35146224975585,133.7568531036377,137.5628219604492,3435862.0
08/04/2025,136.3428806924578,141.21863817485237,136.3428806924578,140.6934051513672,2686100,0.0,0.0,-,139.01095043182374,133.55018478393555,133.24995384216308,136.96524505615236,3474664.0
08/01/2025,134.77710239359524,136.37262604885336,133.161754342177,135.77801513671875,2220600,0.0,0.0,-,139.0116696548462,133.75383712768556,132.69499015808105,136.17739562988282,3478510.0
07/31/2025,135.99603861550818,137.45282174601635,135.11404200302763,135.31224060058594,2519300,0.0,0.0,-,139.03716236114502,134.08662948608398,132.42444496154786,135.47675323486328,3477430.0
07/30/2025,138.7411388447373,138.80059691336015,136.6600157134326,137.23480224609375,2231400,0.0,0.0,-,139.05353565216063,134.42913192749023,132.17570152282715,134.87620239257814,3464974.0
07/29/2025,140.11863081643452,140.11863081643452,137.8492289830878,138.30508422851562,2118800,0.0,0.0,-,139.06697834014892,134.70669998168944,131.75402717590333,133.94663696289064,3461646.0
07/28/2025,137.53210692157558,139.7222415399823,137.43300006005012,139.55377197265625,2687600,0.0,0.0,-,139.0722690963745,134.94250564575196,131.1604133605957,132.76039962768556,3468036.0
07/25/2025,136.0356849654239,137.2744450799007,135.39152063294594,137.08615112304688,1644100,0.0,0.0,-,139.0629636001587,135.1290281677246,130.52022132873535,131.80407485961913,3464116.0
07/24/2025,135.55008915531667,136.81857833648962,133.67708441736724,135.21315002441406,2311600,0.0,0.0,-,139.09282337188722,135.33861770629883,129.93998603820802,131.09451217651366,3464400.0
07/23/2025,135.2131527659716,136.02577157589462,134.52935473130927,135.93658447265625,2350100,0.0,0.0,-,139.13794414520262,135.5842839050293,129.4861038208008,130.54152755737306,3471430.0
07/22/2025,132.81490129959218,134.8662800721377,131.942809388475,134.53924560546875,2077000,0.0,0.0,-,139.18411540985107,135.67753036499025,129.04807815551757,129.95088424682618,3458986.0
07/21/2025,129.35628714744874,133.3500486135775,129.31665347661945,132.81491088867188,2749200,0.0,0.0,-,139.2395335006714,135.82026596069335,128.6571258544922,129.53466262817383,3458438.0
07/18/2025,130.2283742608614,130.25810329326967,128.31572082029135,128.77159118652344,2714100,0.0,0.0,-,139.31497241973878,135.99076919555665,128.34247970581055,129.21258468627929,3457920.0
07/17/2025,128.21663234469924,129.70314448922457,127.66167023019644,129.30673217773438,2105400,0.0,0.0,-,139.41578685760499,136.21407455444336,128.24882965087892,129.37213668823242,3440766.0
07/16/2025,126.50218171052964,128.18689996684188,125.18413916218462,127.93914794921876,3697800,0.0,0.0,-,139.52011653900146,136.4239094543457,128.17797355651857,129.47520065307617,3443936.0
07/15/2025,129.99052143727474,130.1589909877288,126.40307720877432,126.44271087646484,2082400,0.0,0.0,-,139.63256175994874,136.64172836303712,128.27955131530763,129.56141738891603,3412650.0
07/14/2025,129.7031386105728,130.0599021139523,128.3850960875758,129.9905242919922,2485600,0.0,0.0,-,139.74850914001465,136.8586441040039,128.4906364440918,129.56042709350587,3417856.0
07/11/2025,129.2274438583449,130.65449787186293,128.3850960875758,129.9905242919922,2171500,0.0,0.0,-,139.83546585083008,137.00598724365236,128.60460205078124,129.23636779785156,3448890.0
07/10/2025,129.83194898018917,131.7941556524729,129.50491453480856,129.6833038330078,3142900,0.0,0.0,-,139.94369750976563,137.18850952148438,128.8632553100586,128.78545989990235,3448778.0
07/09/2025,130.45627749978155,131.14997999562084,129.0787771431934,130.0301513671875,2211500,0.0,0.0,-,140.0541040802002,137.34930938720703,129.3201110839844,128.43068008422853,3436236.0
07/08/2025,129.32656320242506,130.71396855979438,129.11844483802753,130.3770294189453,2737200,0.0,0.0,-,140.14454765319823,137.50989227294923,129.84262161254884,128.145272064209,3437802.0
07/07/2025,129.93107058934316,130.56531515868522,128.21663083686258,129.59413146972656,2504600,0.0,0.0,-,140.23124244689942,137.66788513183593,130.4288185119629,127.77958908081055,3432756.0
07/03/2025,130.16891262158106,130.94189768613612,129.06889308793228,130.3671112060547,2343800,0.0,0.0,-,140.33585479736328,137.80774047851563,130.9770820617676,127.4723747253418,3428554.0
07/02/2025,134.17256781285536,134.62843813037478,129.16797456393252,130.33737182617188,3684200,0.0,0.0,-,140.44682205200195,137.92561401367186,131.50003662109376,127.12552261352539,3432146.0
07/01/2025,126.2643371616276,130.476121303476,126.16523030965698,128.8013153076172,2976300,0.0,0.0,-,140.54531059265136,137.99664978027343,132.09958038330078,126.88074645996093,3421684.0
06/30/2025,127.07695710158764,127.50309842323942,125.6499106612108,126.43280792236328,2553500,0.0,0.0,-,140.64386375427247,138.18022827148437,132.69637756347657,126.99768524169922,3407910.0
06/27/2025,126.2643395070962,128.42472980162756,125.8580225766845,126.74993133544922,4422900,0.0,0.0,-,140.75258892059327,138.39240127563477,133.29647636413574,127.42084579467773,3407090.0
06/26/2025,125.89766688985488,126.10577767853232,123.3705932715873,125.4814453125,4160000,0.0,0.0,-,140.85792022705078,138.64467651367187,133.82340469360352,127.97283630371093,3370034.0
06/25/2025,127.36436112427133,127.56255971354052,125.81838339696394,126.13550567626952,2017600,0.0,0.0,-,140.96831977844238,138.97429992675782,134.45180282592773,128.94105072021483,3346746.0
06/24/2025,127.22562459626192,127.99860970380225,125.9571278783997,127.1760711669922,4515800,0.0,0.0,-,141.08824153900147,139.24835006713866,135.12605781555175,130.20954208374025,3394172.0
06/23/2025,126.09585968682455,127.31480289111695,124.17330924894648,126.72019958496094,4898100,0.0,0.0,-,141.19619663238527,139.4498081970215,135.54916648864747,131.53997116088868,3398586.0
06/20/2025,127.58237371973422,128.18688919680767,125.95711366474973,126.52198791503906,7112800,0.0,0.0,-,141.3060389328003,139.6230305480957,136.7357135772705,133.07804794311522,3446666.0
06/18/2025,127.96888064928784,128.6229345021554,126.8093954273783,126.89859008789062,3833200,0.0,0.0,-,141.41162784576417,139.6006037902832,137.95341529846192,134.48178939819337,3378450.0
06/17/2025,129.08872173559058,129.8716266759006,127.24544589233004,127.88961029052734,3971400,0.0,0.0,-,141.52116634368898,139.5900131225586,139.2293674468994,135.87455062866212,3396682.0
06/16/2025,131.95271927709504,132.00227270521407,129.8022335666619,129.970703125,3537400,0.0,0.0,-,141.61643699645995,139.60762771606446,140.45675506591797,137.31841430664062,3428660.0
06/13/2025,131.60586804659073,133.3500367175741,130.12926065339948,130.66441345214844,2996900,0.0,0.0,-,141.7181140899658,139.60140792846678,141.5138801574707,138.39506988525392,3439020.0
06/12/2025,134.9752839797044,135.36177648740772,131.7446034056096,132.26983642578125,6157800,0.0,0.0,-,141.82063583374023,139.604239654541,142.4854278564453,139.17210693359374,3421830.0
06/11/2025,138.8897743608447,138.8897743608447,134.0635699197359,135.16358947753906,4645100,0.0,0.0,-,141.9200318145752,139.51053344726563,143.3159309387207,139.6739730834961,3336758.0
06/10/2025,139.96999236029552,140.86189361996608,137.94832732671924,138.82041931152344,2159600,0.405,0.0,-,141.9917742919922,139.33286422729492,143.93603286743163,139.96255493164062,3310222.0
06/09/2025,141.90335053547923,141.962639213937,139.53169784764006,140.48036193847656,2782300,0.0,0.0,-,142.05224166870119,139.0352183532715,144.36983489990234,140.04257354736328,3312502.0
06/06/2025,141.508050536918,142.3875343448242,139.74908292110558,142.10096740722656,1496400,0.0,0.0,-,142.07377563476564,138.77690628051758,144.37576217651366,139.55836181640626,3299260.0
06/05/2025,140.59892322077235,140.92502599351096,139.0573574431008,140.5594024658203,1620700,0.0,0.0,-,142.0857360839844,138.45871047973634,144.3545150756836,140.39337921142578,3307356.0
06/04/2025,142.26895875288182,142.71363887183418,140.34200151841998,140.82620239257812,2260500,0.0,0.0,-,142.10540435791015,138.17984466552736,144.39354858398437,141.42504119873047,3348156.0
06/03/2025,139.96648614195877,142.84210735772282,139.96648614195877,142.3282470703125,3161600,0.0,0.0,-,142.12569923400878,137.91639495849608,144.34908142089844,142.5841842651367,3387112.0
06/02/2025,138.2173849865896,140.7570268265159,136.42877314620642,140.7372589111328,3073100,0.0,0.0,-,142.1068207550049,137.511436920166,144.22259292602538,143.5950958251953,3457076.0
05/30/2025,137.28848612323748,139.04746867164388,136.59675988425806,138.43478393554688,4225900,0.0,0.0,-,142.09741676330566,137.159248046875,144.1272346496582,144.6326904296875,3482938.0
05/29/2025,140.44080964038335,140.96454634338207,137.11063191027793,137.2884979248047,3913700,0.0,0.0,-,142.09472183227538,136.8797898864746,144.0699203491211,145.7987487792969,3505044.0
05/28/2025,139.16606156292698,140.86574055644027,137.8517740226811,138.04940795898438,3596800,0.0,0.0,-,142.09270988464357,136.57898651123048,144.07337951660156,146.9578887939453,3493960.0
05/27/2025,136.43866470177113,143.7907459847894,136.43866470177113,139.62060546875,7636000,0.0,0.0,-,142.08483474731446,136.29112854003907,144.12674102783203,147.90951080322264,3499392.0
05/23/2025,133.00968443512272,138.24705198257013,127.67347729455756,135.63824462890625,18535000,0.0,0.0,-,142.05493865966798,135.94564544677735,144.03187561035156,148.6970962524414,3427530.0
05/22/2025,151.56779504779036,151.56779504779036,150.1942187281928,150.45114135742188,3996000,0.0,0.0,-,142.04814025878906,135.66188278198243,144.1529281616211,149.1931625366211,3123242.0
05/21/2025,149.71984812913246,152.09150029244802,149.33445672588755,150.8760223388672,2878400,0.0,0.0,-,141.96276802062988,135.1452958679199,143.54420471191406,148.3156509399414,3142418.0
05/20/2025,151.62708217979682,153.74179710521432,151.49861332723984,152.41763305664062,2166600,0.0,0.0,-,141.89575927734376,134.66217193603515,142.82974853515626,147.36205596923827,3173058.0
05/19/2025,150.2040707317008,152.52631075138757,149.80880289275484,152.43736267089844,1896500,0.0,0.0,-,141.83447227478027,134.21657470703124,142.02190628051758,146.11397857666014,3203608.0
05/16/2025,150.2435975808842,151.3009624646485,149.0973147700256,151.1132049560547,2065000,0.0,0.0,-,141.77431190490722,133.84623107910156,141.09449615478516,144.85009002685547,3250732.0
05/15/2025,148.5142659439517,150.18430043221653,147.891719861419,150.09536743164062,2438300,0.0,0.0,-,141.71841972351075,133.5403909301758,140.43784790039064,143.6217788696289,3289720.0
05/14/2025,147.1209306586566,149.2455215545945,146.69600343236866,148.87989807128906,2491600,0.0,0.0,-,141.66349960327148,133.26968292236327,139.78515243530273,142.34109191894532,3344206.0
05/13/2025,147.17034511128642,148.2968901827531,146.33039713497672,147.5656280517578,1658300,0.0,0.0,-,141.60975540161132,132.9706851196289,139.30934219360353,141.18887023925782,3376550.0
05/12/2025,145.52009033224664,147.54587221735548,144.19592629986462,147.4964599609375,2663100,0.0,0.0,-,141.56356269836425,132.71452087402344,139.02919158935546,140.3439712524414,3411846.0
05/09/2025,141.67602509489015,142.21952965523707,140.09493873938186,140.59890747070312,1727900,0.0,0.0,-,141.52251930236815,132.52888671875,138.64626922607422,139.3666549682617,3421340.0
05/08/2025,142.3677666935109,143.5535852322426,141.3795820648177,141.676025390625,2049600,0.0,0.0,-,141.5242470550537,132.43589385986328,138.4787727355957,139.1126937866211,3432604.0
05/07/2025,139.55146053242706,142.20968009261077,138.80044550262386,141.34007263183594,2723300,0.0,0.0,-,141.52617683410645,132.33633056640625,138.16403732299804,138.77275848388672,3479504.0
05/06/2025,138.6126950325396,140.32225062450482,138.44470541515614,139.93685913085938,1856400,0.0,0.0,-,141.52282638549804,132.19758514404296,137.36706619262696,138.2974411010742,3468312.0
05/05/2025,138.38536534792024,140.55938354012227,137.96045320576283,139.79847717285156,2263900,0.0,0.0,-,141.53139335632324,132.07665954589845,136.68867607116698,137.929833984375,3471892.0
05/02/2025,138.6719801907942,140.2135461262343,138.50399057767612,138.83009338378906,2133500,0.0,0.0,-,141.55584663391113,131.97189849853515,136.13726921081542,137.33890228271486,3480154.0
05/01/2025,136.75488480272196,138.29645057596363,136.75488480272196,137.2884979248047,2342700,0.0,0.0,-,141.59136642456053,131.93536041259765,135.67875022888182,137.25391693115233,3486330.0
04/30/2025,137.22921243083508,137.92095382379622,135.62835794901676,137.35768127441406,4037300,0.0,0.0,-,141.6307221221924,131.9422622680664,135.35462532043456,137.22921295166014,3487876.0
04/29/2025,137.15014524016163,139.5119060245894,137.1106244874627,139.11663818359375,2165900,0.0,0.0,-,141.68762214660646,131.93517242431642,134.86596755981446,137.42981414794923,3452130.0
04/28/2025,138.26680172104568,140.32222771102172,137.15014818245,137.72329711914062,2515800,0.0,0.0,-,141.73116905212402,131.88640289306642,134.22414207458496,137.71441192626952,3455824.0
04/25/2025,138.8004342038983,140.9447932646582,136.9525185001771,138.05929565429688,2289800,0.0,0.0,-,141.76810585021974,131.89859588623048,133.5348834991455,137.9258834838867,3438994.0
04/24/2025,135.4702315451407,138.68183169309415,134.1658356335618,138.27667236328125,2484900,0.0,0.0,-,141.79748092651369,131.8865362548828,133.01015663146973,137.8448516845703,3430958.0
04/23/2025,138.9486597781852,139.99613321176335,136.08293000411282,136.58689880371094,2294500,0.0,0.0,-,141.8250830078125,131.90401275634767,132.40588188171387,137.55531616210936,3435342.0
04/22/2025,134.88721183114433,137.09085949475684,134.60064490208788,136.2607879638672,2523400,0.0,0.0,-,141.85554618835448,131.97222686767577,131.90734252929687,136.4366912841797,3433156.0
04/21/2025,137.4960285418328,137.4960285418328,132.12030097080853,133.88916015625,3161100,0.0,0.0,-,141.8800429534912,132.056025390625,131.47698898315429,135.447518157959,3440232.0
04/17/2025,137.76283801940394,138.8004350105767,136.58689576797497,137.98023986816406,2287600,0.0,0.0,-,141.91835830688476,132.235126953125,130.88654823303222,134.935636138916,3426586.0
04/16/2025,140.07519264387253,140.57916145369518,136.10268560405484,137.0414581298828,2512500,0.0,0.0,-,141.94033554077149,132.3800811767578,130.14392700195313,134.10358352661132,3411400.0
04/15/2025,141.52782023918263,142.4369483942245,139.00794612633155,139.3636932373047,2570100,0.0,0.0,-,141.96739868164062,132.53415771484376,129.51494789123535,133.48003768920898,3401880.0
04/14/2025,140.72738510618888,142.60492998291235,140.21352484619547,141.96261596679688,2995600,0.0,0.0,-,141.98657569885253,132.6441537475586,128.6591796875,132.3021209716797,3402224.0
04/11/2025,137.17980849493796,140.78667665017443,136.03351061404288,139.8380126953125,4388900,0.0,0.0,-,142.0057957458496,132.77092376708984,127.74387435913086,130.7338722229004,3377384.0
04/10/2025,134.4425366239828,138.5237293386438,132.94049160020433,137.2489776611328,4736500,0.0,0.0,-,142.03426658630372,132.98667755126954,126.86929626464844,129.1438835144043,3330964.0
04/09/2025,125.04490507060466,137.64425368841916,124.51128437571282,135.38131713867188,7302100,0.0,0.0,-,142.07955459594726,133.1996435546875,126.0793529510498,128.17546157836915,3282864.0
04/08/2025,129.40279385777472,131.96218881779845,123.7899040087336,125.40065002441406,3702000,0.0,0.0,-,142.13437690734864,133.4060317993164,125.54137687683105,127.25644760131836,3191876.0
04/07/2025,127.34735744351345,131.05305006792082,122.89064987548686,126.36905670166016,4744800,0.0,0.0,-,142.2296918487549,133.77440643310547,125.60733566284179,127.37799377441407,3178036.0
04/04/2025,129.84745762080732,134.80814881032254,128.05884580802126,128.7703399658203,5570300,0.0,0.0,-,142.3266347885132,134.18783218383788,125.79577140808105,127.5064598083496,3123012.0
04/03/2025,128.3256584446117,132.26852060156045,127.07065972502885,129.6597137451172,4055400,0.0,0.0,-,142.4198546218872,134.54003311157226,126.05326347351074,126.83746032714843,3060002.0
04/02/2025,126.19117916297408,131.51749392352278,126.17141878687262,130.80599975585938,2137400,0.0,0.0,-,142.48681629180908,134.8976921081543,126.36133766174316,126.18427047729492,3031710.0
04/01/2025,126.36905557477456,128.1181391606271,126.29988294797248,127.58452606201172,1904200,0.0,0.0,-,142.54667430877686,135.21568069458007,126.64903602600097,125.54985809326172,3039128.0
03/31/2025,123.12781675458815,126.73469255343278,122.6040800501212,126.2801284790039,3318300,0.0,0.0,-,142.61646392822266,135.60223541259765,126.9663101196289,125.01623840332032,3061268.0
03/28/2025,126.8433910958997,126.8433910958997,123.54285021502,123.93812561035156,2273600,0.0,0.0,-,142.6937066268921,136.01192306518556,127.39017448425292,124.75387649536133,3039994.0
03/27/2025,126.2010661396379,128.22684023515333,125.85520300520854,127.56475830078124,2120200,0.0,0.0,-,142.7817378616333,136.46864822387695,128.10400581359863,124.59470901489257,3041836.0
03/26/2025,126.94220735584992,127.14971768934116,125.5982680832944,126.19117736816406,1901200,0.0,0.0,-,142.84928936004638,136.85500747680663,128.52323112487792,123.98324432373047,3038660.0
03/25/2025,127.19913711560534,128.13790957468632,125.71686005016106,126.6161117553711,3660700,0.0,0.0,-,142.92307315826417,137.30902633666992,129.0485652923584,123.82630615234375,3042370.0
03/24/2025,123.7800416151686,127.75254156156346,123.35512181027104,127.65371704101562,4208300,0.0,0.0,-,142.99566131591797,137.76597229003906,129.43789978027343,123.83667755126953,3025348.0
03/21/2025,121.65542540892372,123.38474872473984,120.91428684500254,122.0803451538086,6659800,0.0,0.0,-,143.04643898010255,138.25909942626953,129.7497428894043,124.0850830078125,2989938.0
03/20/2025,123.6515519446345,124.83737813837232,122.67325117772045,123.12781524658205,4366200,0.0,0.0,-,143.12645252227784,138.8032145690918,130.37374687194824,125.26906661987304,2910852.0
03/19/2025,123.23652884132754,125.43030036302925,122.5546788982981,124.46187591552734,5331200,0.0,0.0,-,143.19409057617187,139.39316345214843,131.06751556396483,126.53840484619141,2861174.0
03/18/2025,122.8115941438533,123.1475808645458,121.44790196272147,122.24832916259766,3359500,0.405,0.0,-,143.25544956207276,139.94264114379882,131.7261013031006,127.74821395874024,2787324.0
03/17/2025,123.05566070053328,124.18840861719032,122.32676511243834,123.65650939941406,3868400,0.0,0.0,-,143.3242586517334,140.50388519287108,132.4638442993164,128.9163818359375,2759084.0
03/14/2025,121.98199928673382,123.3018988976448,120.92805301839952,122.34645080566406,4042900,0.0,0.0,-,143.37888870239257,141.01076446533204,133.11492691040038,130.02647247314454,2715572.0
03/13/2025,124.4051018607706,124.6119502919918,121.1644614084463,121.45011138916016,3320600,0.0,0.0,-,143.46202056884766,141.54837585449218,133.91425170898438,131.6133026123047,2668774.0
03/12/2025,127.37979729984576,127.64573562250985,124.54300161922474,124.62179565429688,4954800,0.0,0.0,-,143.49942478179932,142.1326759338379,134.71456184387208,133.0632179260254,2629192.0
03/11/2025,130.16731436606693,130.39387443983034,126.63117964438634,126.7198257446289,4410400,0.0,0.0,-,143.51925945281982,142.67146896362306,135.4409969329834,134.27082443237305,2556368.0
03/10/2025,133.35871533100547,134.62935458205672,129.95061981081847,130.1377716064453,3694100,0.0,0.0,-,143.53246620178223,143.1015188598633,136.10488586425782,135.03912200927735,2481320.0
03/07/2025,136.22507034676667,136.60921852549208,131.91077923965065,133.92018127441406,4252700,0.0,0.0,-,143.52476989746094,143.4277493286133,136.62053298950195,135.4144027709961,2435660.0
03/06/2025,135.94925189328777,139.6725383031947,135.59465247187487,135.82119750976562,4014400,0.0,0.0,-,143.5021215057373,143.68759094238283,137.06673583984374,135.47842712402343,2474060.0
03/05/2025,127.45859044580264,137.13126703583134,127.32069148359606,136.55996704101562,5162600,0.0,0.0,-,143.47979469299315,143.88262023925782,137.5370735168457,135.59662628173828,2440814.0
03/04/2025,135.05290361692892,135.5847952433693,132.72831070943212,133.9300079345703,4108800,0.0,0.0,-,143.44722297668457,144.0788314819336,137.94633941650392,135.70398864746093,2390388.0
03/03/2025,138.39205652923607,138.97320105980833,134.35356345843218,134.75741577148438,3423100,0.0,0.0,-,143.4271166229248,144.37196685791017,138.49301376342774,136.0113067626953,2374478.0
02/28/2025,136.74710161815472,138.9830484655632,135.91970794919698,138.21475219726562,3137800,0.0,0.0,-,143.40649101257324,144.6302331542969,139.1701988220215,136.20338134765626,2357156.0
02/27/2025,136.92440175347437,137.67300895149768,135.76211272686135,135.9492645263672,2291100,0.0,0.0,-,143.36799201965331,144.89046936035157,139.79074630737304,136.21520080566407,2328360.0
02/26/2025,135.92956438234887,138.58905285342303,135.31887114902656,136.69786071777344,4394600,0.0,0.0,-,143.34761596679687,145.20291046142577,140.38814697265624,136.36590576171875,2325122.0
02/25/2025,134.84604703854566,135.7719463744219,133.8216570470627,134.40280151367188,2163700,0.0,0.0,-,143.31318145751953,145.49959136962892,140.83829040527343,136.61116943359374,2267228.0
02/24/2025,135.03317887485042,135.03317887485042,133.0040883048446,133.8905792236328,2035400,0.0,0.0,-,143.28445335388184,145.88019439697266,141.3091194152832,137.17064971923827,2268528.0
02/21/2025,137.34796778751,138.22461441229547,133.88077455055478,134.5604248046875,2677000,0.0,0.0,-,143.2626862335205,146.2730514526367,141.96660766601562,137.8266632080078,2298934.0
02/20/2025,137.05244192849338,137.57448898354863,135.0627443615739,137.00318908691406,2442300,0.0,0.0,-,143.22955211639405,146.65722747802735,142.5576057434082,138.65504455566406,2319238.0
02/19/2025,136.31369866971883,138.03744297005915,135.4370521695972,137.6335906982422,2420000,0.0,0.0,-,143.1687551498413,146.99510406494142,143.08457946777344,139.47752075195314,2328078.0
02/18/2025,137.57448898354863,137.6631350804772,134.53085275014558,137.00318908691406,2250000,0.0,0.0,-,143.1054906463623,147.27851043701173,143.53817138671874,140.18869018554688,2322780.0
02/14/2025,138.5989175604621,138.81560304653266,136.658472504998,136.67816162109375,2350600,0.0,0.0,-,143.05383598327637,147.5595883178711,144.03362503051758,140.97472076416017,2317152.0
02/13/2025,137.4956935230432,138.50039442223232,136.96380188809468,138.33294677734375,1674300,0.0,0.0,-,143.01118881225585,147.89905181884765,144.5379425048828,142.13701629638672,2337208.0
02/12/2025,138.7959104105741,138.7959104105741,136.6683135971389,137.45631408691406,1888000,0.0,0.0,-,142.97273445129395,148.1761361694336,144.96001434326172,143.36629180908204,2330192.0
02/11/2025,138.884544101161,139.39674662819218,138.03744628062628,139.15049743652344,2704100,0.0,0.0,-,142.93152534484864,148.4711459350586,145.43133468627929,144.41038818359374,2339036.0
02/10/2025,141.73119338156312,141.73119338156312,137.741953210881,139.9976043701172,2185200,0.0,0.0,-,142.8840943145752,148.72224884033204,145.91841583251954,145.06541137695314,2339812.0
02/07/2025,142.27296451473907,142.27296451473907,139.40661972964395,140.45071411132812,2877200,0.0,0.0,-,142.83477439880372,148.93498748779297,146.39170608520507,145.4475891113281,2405626.0
02/06/2025,146.25231874807787,146.6758751820798,142.69647974526217,142.84423828125,2478800,0.0,0.0,-,142.78651344299317,148.997158203125,146.98467407226562,146.10655212402344,2513408.0
02/05/2025,145.18854275553397,145.44465157871215,143.75045564172316,145.2279510498047,1528300,0.0,0.0,-,142.7241825866699,148.94994293212892,147.30676727294923,146.46016693115234,2581256.0
02/04/2025,144.10504308949805,145.41509071202228,143.71103532904377,144.7452850341797,2036500,0.0,0.0,-,142.64240409851075,148.78351470947266,147.6766326904297,146.69163818359374,2624650.0
02/03/2025,146.7349828881077,147.197932612966,143.85879387124174,144.86349487304688,2587300,0.0,0.0,-,142.56787910461426,148.62556060791016,148.03615646362306,146.8876525878906,2635654.0
01/31/2025,150.24156185666615,151.77815447170212,148.02531903962773,148.30111694335938,1753600,0.0,0.0,-,142.49784759521484,148.5053353881836,148.30850830078126,147.092529296875,2628676.0
01/30/2025,149.7195066936812,150.7340521484932,148.73450993911752,150.62570190429688,2067900,0.0,0.0,-,142.4097479248047,148.30436920166017,148.34347610473634,146.9388687133789,2650360.0
01/29/2025,146.27203896656886,149.77862550940736,145.5037425905474,147.89727783203125,2331500,0.0,0.0,-,142.32146545410157,148.08914276123048,148.27354202270507,146.5537368774414,2672760.0
01/28/2025,143.59283675395272,145.8878811726975,143.08063419371064,145.7007293701172,2752700,0.0,0.0,-,142.26613647460937,147.89173278808593,148.41193389892578,146.45228118896483,2673612.0
01/27/2025,146.0060758784958,148.04502653059228,143.1298869389525,143.8193817138672,3010000,0.0,0.0,-,142.21372337341307,147.7353060913086,148.70496978759766,146.77142028808595,2704814.0
01/24/2025,146.39024264082232,147.3850991844715,145.59239751205942,147.04034423828125,1993600,0.0,0.0,-,142.17868606567382,147.65679626464845,148.92511672973632,147.33582305908203,2707900.0
01/23/2025,146.90243349446234,147.1388381554663,145.6022454335895,146.38038635253906,2419800,0.0,0.0,-,142.12925506591796,147.53430633544923,148.89556427001952,147.8627960205078,2724948.0
01/22/2025,146.2720243195302,147.6313247086199,144.38083227332532,147.54266357421875,2640800,0.0,0.0,-,142.0795059967041,147.39828674316405,148.92215805053712,148.1533676147461,2738922.0
01/21/2025,145.92727317102796,147.3752197017931,145.2476379889122,146.70542907714844,2508300,0.0,0.0,-,142.02482551574707,147.1712173461914,148.82365798950195,148.66162719726563,2772336.0
01/17/2025,148.567064348968,149.16791297875534,146.67587235763523,146.91226196289062,3011200,0.0,0.0,-,141.98318031311035,147.03420013427734,148.80691299438476,149.18466033935547,2776788.0
01/16/2025,147.11911052837812,147.93665960860508,146.54781062786324,146.76451110839844,2254600,0.0,0.0,-,141.95106086730956,146.86042175292968,148.89063873291016,149.5244873046875,2764712.0
01/15/2025,148.41932657427589,148.74437735682272,145.41509803501512,146.77438354492188,2365700,0.0,0.0,-,141.926573638916,146.67780548095703,148.93594970703126,149.74808349609376,2764734.0
01/14/2025,149.00047312758136,149.5126606523381,146.00607437890812,146.88272094726562,1961400,0.0,0.0,-,141.91020164489746,146.48830963134765,149.15855865478517,149.99334716796875,2761702.0
01/13/2025,148.98076646643963,149.16791826380293,144.4202264586065,148.89212036132812,2086700,0.0,0.0,-,141.89539024353027,146.29409240722657,149.3929885864258,150.37158660888673,2769114.0
01/10/2025,150.01500518859967,152.11303800604452,149.34519959576468,149.46340942382812,2809600,0.0,0.0,-,141.85772277832032,146.0482876586914,149.52497787475585,150.63851928710938,2809012.0
01/08/2025,149.60133240606552,152.37901581928585,148.6458842207388,152.31007385253906,2437800,0.0,0.0,-,141.8172966003418,145.87261993408202,149.72345504760742,150.51441040039063,2794726.0
01/07/2025,152.39869557516133,152.88134938458282,149.15804791020943,149.28610229492188,2705500,0.0,0.0,-,141.76645057678223,145.6608514404297,149.78462295532228,149.92833251953124,2777272.0
01/06/2025,151.79786564988115,154.89075516777626,151.79786564988115,152.62525939941406,1882300,0.0,0.0,-,141.73962226867675,145.51270690917968,150.0087791442871,149.69094848632812,2754634.0
01/03/2025,151.31520768775448,152.753309667681,150.24156475396197,151.93576049804688,1638700,0.0,0.0,-,141.6950714111328,145.3146810913086,150.07236709594727,148.98568878173828,2749206.0
01/02/2025,150.24157461949096,152.4972259171677,149.108834206501,150.31053161621094,1947500,0.0,0.0,-,141.65127906799316,145.14046905517577,150.0657745361328,148.42916564941407,2762424.0
12/31/2024,150.16276205457973,150.41887084663614,148.36021607217867,149.00047302246094,1692800,0.0,0.0,-,141.605248336792,145.02902770996093,150.1031021118164,148.2567901611328,2754556.0
12/30/2024,149.7392228254126,149.9756124463246,147.49343124759557,149.22702026367188,1703000,0.0,0.0,-,141.56972785949708,144.99508331298827,150.33564529418945,148.12381591796876,2800770.0
12/27/2024,150.47796356188485,151.75846239268847,149.76876467189695,150.6651153564453,1341500,0.0,0.0,-,141.53747482299804,144.94265411376952,150.4836524963379,148.32377014160156,2798176.0
12/26/2024,147.838160581059,151.71905023283207,147.43430830098237,151.5614471435547,1313600,0.0,0.0,-,141.50146339416503,144.83375122070314,150.56073684692382,148.41439056396484,2817588.0
12/24/2024,146.85317554763196,148.37007910083696,146.29173516329124,148.22232055664062,658000,0.0,0.0,-,141.4580442047119,144.6768521118164,150.56794662475585,148.41143646240235,2850442.0
12/23/2024,146.2522987194642,146.68569965123635,144.63690481094918,146.4492950439453,1411100,0.0,0.0,-,141.42829711914064,144.52915069580078,150.68855743408204,148.93249969482423,2876026.0
12/20/2024,145.60222948747918,148.94136793043293,145.58252534375524,146.91226196289062,6172700,0.0,0.0,-,141.4067812347412,144.41769592285155,150.54405517578124,149.6409133911133,2898408.0
12/19/2024,146.31140991238286,147.20776055764094,145.5332690968467,145.57266235351562,2352100,0.0,0.0,-,141.38431594848632,144.25118865966797,150.22261581420898,150.32660980224608,2815930.0
12/18/2024,148.58677195486146,149.8180179437819,146.31141674225557,146.3705291748047,2641300,0.0,0.0,-,141.37878967285155,144.13820220947267,149.7893096923828,151.15904541015624,2813192.0
12/17/2024,146.9319742555448,149.37476216776244,146.91227011072806,148.58677673339844,3313300,0.0,0.0,-,141.37439453125,143.9980563354492,149.31316223144532,151.70238342285157,2799284.0
12/16/2024,151.65997096470403,151.65997096470403,147.39493266653864,147.6707305908203,2557000,0.0,0.0,-,141.36277084350587,143.7801742553711,148.82643508911133,151.9494140625,2780660.0
12/13/2024,151.58116196091467,152.38886657794322,150.56661642577026,151.2265625,1698000,0.0,0.0,-,141.3541180419922,143.6879217529297,148.35553894042968,152.54747467041017,2765286.0
12/12/2024,151.0000196054078,152.35930503355254,150.84241650276928,151.57131958007812,2129200,0.0,0.0,-,141.32441886901856,143.54813659667968,147.7874298095703,152.6435348510742,2765276.0
12/11/2024,154.40809501874656,154.68389292404004,151.4531045792946,151.5319061279297,1499900,0.0,0.0,-,141.3002619934082,143.420126953125,147.11020278930664,152.70708312988282,2750124.0
12/10/2024,153.73829947838337,154.49675120858885,151.7584613580819,153.43295288085938,2228700,0.368,0.0,-,141.27225456237792,143.30194610595703,146.42757720947264,152.72445678710938,2753902.0
12/09/2024,153.74962210714747,155.94098722089635,152.67849297580088,153.53343200683594,3555700,0.0,0.0,-,141.22606132507323,143.19134094238282,145.75062408447266,152.44461517333986,2746712.0
12/06/2024,154.75190264804712,155.59700510131773,153.57269375834397,153.76922607421875,3692200,0.0,0.0,-,141.1802922821045,143.0993618774414,145.11974487304687,151.44719696044922,2710144.0
12/05/2024,151.80391199347392,154.34905637047075,151.56807915151416,153.8970184326172,2884300,0.0,0.0,-,141.12783363342285,143.02743072509764,144.41025390625,150.11862182617188,2670296.0
12/04/2024,151.06690169478503,152.97329710393458,150.43798913661325,151.8039093017578,2155100,0.0,0.0,-,141.06459251403808,142.95805419921874,143.52486267089844,148.41957397460936,2642456.0
12/03/2024,153.2484482568614,154.03459271778962,150.94898807907444,151.0570831298828,1968600,0.0,0.0,-,141.01001258850098,142.91461975097656,142.92739562988282,146.92394104003907,2647012.0
12/02/2024,152.47212757311,154.1426750431316,151.744941382755,153.65133666992188,3353400,0.0,0.0,-,140.9573624420166,142.84111541748047,142.28570861816405,145.70345611572264,2670758.0
11/29/2024,152.27561662203604,152.99296654928352,151.24380289440325,152.18716430664062,1323500,0.0,0.0,-,140.89325286865235,142.80082580566406,141.48482666015624,144.16360321044922,2670722.0
11/27/2024,151.33222065377444,153.2582736960201,151.33222065377444,152.20680236816406,2330200,0.0,0.0,-,140.836951751709,142.7923748779297,140.74044799804688,142.93132476806642,2691154.0
11/26/2024,151.11603064760487,152.37385569830428,149.63219414101067,151.7056427001953,2742900,0.0,0.0,-,140.78274688720703,142.71061614990234,139.98870086669922,141.51332244873046,2671848.0
11/25/2024,146.2518061270819,152.0299511486991,146.00613689989694,150.63453674316406,5475900,0.0,0.0,-,140.73333992004393,142.63082305908202,139.23351287841797,140.13069763183594,2652124.0
11/22/2024,150.63451982743646,152.7767630450419,142.28176704113284,143.5592498779297,8266300,0.0,0.0,-,140.69153175354003,142.62846435546874,138.73578720092775,139.05663299560547,2575724.0
11/21/2024,138.4395052927814,140.73896528835684,136.85739512602248,140.4834747314453,5871200,0.0,0.0,-,140.68602661132812,142.80849060058594,138.64390716552734,138.79229278564452,2438626.0
11/20/2024,134.6267225279383,137.16203048874831,134.43019016547527,136.9065399169922,3698000,0.0,0.0,-,140.68219680786132,142.99952270507814,138.71367721557618,138.70188598632814,2353882.0
11/19/2024,138.49848494831096,138.79329101776312,135.08859489927417,136.8475799560547,2586700,0.0,0.0,-,140.69093605041505,143.231630859375,139.00454864501953,138.6301513671875,2317388.0
11/18/2024,138.07591082314585,139.0880667206484,136.66086883619417,138.85223388671875,2238400,0.0,0.0,-,140.702847366333,143.4582360839844,139.32342758178712,138.93085021972655,2321254.0
11/15/2024,139.8742184124229,140.71932109825954,137.7811269303941,138.2528076171875,2837800,0.0,0.0,-,140.7092706298828,143.63751525878905,139.61773910522462,138.86796112060546,2319396.0
11/14/2024,137.57474131726883,141.79041786435843,137.51578311296024,139.8643798828125,3187900,0.0,0.0,-,140.7159114074707,143.8236862182617,140.07026138305665,138.8060501098633,2319004.0
11/13/2024,137.5747412844519,139.09789320470685,137.40768804079846,138.0267791748047,2374100,0.0,0.0,-,140.7006930541992,144.0287957763672,140.40732040405274,138.54957122802733,2310574.0
11/12/2024,137.42737155056943,139.63839459307044,136.8770598868675,137.87939453125,4312800,0.0,0.0,-,140.70553787231447,144.24360198974608,140.76697998046876,138.46407928466797,2327428.0
11/11/2024,141.5054799696239,141.93786022420028,138.56727050836008,139.89389038085938,3164300,0.0,0.0,-,140.71321670532225,144.45978729248046,141.0588348388672,138.336328125,2290708.0
11/08/2024,139.82507592546338,142.42917845426285,139.57940672431954,140.9158477783203,2846000,0.0,0.0,-,140.70506843566895,144.61470489501954,141.1060028076172,138.41494140625,2273178.0
11/07/2024,137.34874118768192,140.11006060970155,136.32674891392483,139.57940673828125,3118500,0.0,0.0,-,140.6871775817871,144.77251373291017,141.1040382385254,138.49552154541016,2255788.0
11/06/2024,142.33092461004082,143.13672689942217,136.04179818214308,136.18919372558594,4311500,0.0,0.0,-,140.66582534790038,144.91980041503905,141.05441284179688,138.72546844482423,2250010.0
11/05/2024,138.7441389063003,139.98230626839924,137.99729494661,139.8545684814453,2730900,0.0,0.0,-,140.66215576171874,145.2021389770508,141.2411201477051,139.37894592285156,2209440.0
11/04/2024,137.60425162097593,138.4296966573783,136.35624770045266,138.2233428955078,2407400,0.0,0.0,-,140.63698944091797,145.4284228515625,141.21655349731446,139.71600494384765,2202696.0
11/01/2024,137.29959102726272,138.65568968436543,136.72963673651603,137.63369750976562,2255700,0.0,0.0,-,140.6170532989502,145.70693664550782,141.19001998901368,140.36751708984374,2257034.0
10/31/2024,136.88686864575718,138.11521453275347,136.24811978784513,137.29959106445312,2214100,0.0,0.0,-,140.59928497314453,145.94450439453124,141.46124038696288,141.33447265625,2276232.0
10/30/2024,135.92387092090468,137.51580264112906,135.87473407885082,137.17185974121094,2332000,0.0,0.0,-,140.57406776428223,146.2167904663086,141.80812606811523,142.26506958007812,2295426.0
10/29/2024,139.08805379084728,139.88403451473823,135.90419087310954,136.6018829345703,4081600,0.0,0.0,-,140.5567069244385,146.3690963745117,142.20807495117188,143.06988067626952,2279538.0
10/28/2024,141.81009558712296,142.37022859592577,140.22798523917857,140.68002319335938,2095300,0.0,0.0,-,140.53975746154785,146.52691986083985,142.65912399291992,143.78134155273438,2225180.0
10/25/2024,142.38004082600327,143.0973906909191,141.24996850478826,141.72164916992188,1565100,0.0,0.0,-,140.50334381103517,146.60318054199217,143.02025756835937,143.79706420898438,2245618.0
10/24/2024,143.0089480112307,143.83439289285403,141.22048410104676,141.87887573242188,1573600,0.0,0.0,-,140.45777191162108,146.66645111083983,143.38089904785156,143.71255493164062,2263178.0
10/23/2024,142.22279379521694,143.64767200333742,141.947645520316,142.72396850585938,1610900,0.0,0.0,-,140.41112121582032,146.59992462158203,143.79558868408202,143.38335723876952,2262300.0
10/22/2024,143.65753892807874,143.84424993886546,141.8985388738392,143.22515869140625,2299600,0.0,0.0,-,140.3598062133789,146.52257446289062,144.18079986572266,143.1032943725586,2254446.0
10/21/2024,146.5564224970712,147.05758228465947,143.82458209672683,144.73846435546875,1554100,0.0,0.0,-,140.29959678649902,146.41598724365235,144.50115127563475,142.71710205078125,2242622.0
10/18/2024,147.18533675056997,148.33506686071314,146.40902864002257,147.30325317382812,4003500,0.0,0.0,-,140.23557594299317,146.25894012451172,144.63332138061523,142.01252288818358,2236054.0
10/17/2024,146.13387961751943,147.00846140620024,145.2396400935709,146.60556030273438,1573300,0.0,0.0,-,140.1562927246094,146.04236267089843,144.8500015258789,141.58800811767577,2193834.0
10/16/2024,144.4141835553234,145.45581852403294,143.9424879135075,145.219970703125,2312100,0.0,0.0,-,140.09468925476074,145.78307922363283,145.1079544067383,141.35118255615234,2190796.0
10/15/2024,141.75113796657985,144.738469042629,141.75113796657985,143.71649169921875,2956300,0.0,0.0,-,140.0434761810303,145.5642510986328,145.25289916992188,141.3462692260742,2183084.0
10/14/2024,141.08291896210855,141.8100902161527,140.05110529697038,140.83724975585938,1937200,0.0,0.0,-,139.99885391235352,145.35745513916015,145.45287399291993,141.53690643310546,2175260.0
10/11/2024,139.26496693274015,140.90603550296768,138.9013812898065,140.87655639648438,2530200,0.0,0.0,-,139.9647752380371,145.29019561767578,145.93684158325195,142.2434509277344,2183786.0
10/10/2024,138.6851724750407,139.5499178060231,137.14236280301415,138.58689880371094,2048800,0.0,0.0,-,139.92850067138673,145.275869140625,146.5210418701172,143.0492431640625,2170424.0
10/09/2024,139.54009651647598,140.11005082270913,137.39786842926665,139.92333984375,2215200,0.0,0.0,-,139.90084579467774,145.31223693847656,147.09345092773438,144.20782012939452,2164324.0
10/08/2024,137.82042565047283,139.59906831679515,137.10307576175654,139.3632354736328,1945900,0.0,0.0,-,139.86387535095216,145.31246551513672,147.52288131713868,145.25830535888673,2144222.0
10/07/2024,142.55693503737848,142.96965750696754,136.50364216115528,137.6926727294922,2382100,0.0,0.0,-,139.82351203918458,145.30742767333984,147.9636116027832,146.2852005004883,2137216.0
10/04/2024,145.67202963178795,146.24198403538372,141.84941707540463,143.05810546875,1788300,0.0,0.0,-,139.7976461791992,145.31619537353515,148.46978759765625,147.25411987304688,2126648.0
10/03/2024,143.80492448084948,144.8662172623212,142.74363169937777,144.2373046875,1697500,0.0,0.0,-,139.7409053039551,145.22157501220704,148.69495010375977,148.11199493408202,2126892.0
10/02/2024,144.89568910181086,145.58355985314307,143.8638754775837,145.17083740234375,1371600,0.0,0.0,-,139.6729042816162,145.1225845336914,148.98907775878905,148.8647262573242,2131738.0
10/01/2024,147.1754947676329,147.421163944653,144.9251567092333,145.62286376953125,1688800,0.0,0.0,-,139.60340530395507,145.03805694580078,149.16889038085938,149.15952911376954,2142434.0
09/30/2024,149.17035629902716,149.8778848660154,146.94949691035762,147.90269470214844,1869200,0.0,0.0,-,139.5471541595459,144.96683929443358,149.32218017578126,149.36884155273438,2147806.0
09/27/2024,150.3298778791799,150.8506953323959,148.84604145513418,148.93447875976562,1727300,0.0,0.0,-,139.46818992614746,144.82218505859376,149.30903396606445,149.63023223876954,2181436.0
09/26/2024,151.51893080921573,151.70564179123258,149.022923461923,150.17266845703125,1699800,0.0,0.0,-,139.38328636169433,144.67650054931642,149.30262451171876,149.9928405761719,2190266.0
09/25/2024,149.93685365441746,150.84091466611034,149.1998459280358,150.42819213867188,1492300,0.0,0.0,-,139.27653770446778,144.56682983398437,149.14117813110352,149.9790817260742,2197434.0
09/24/2024,147.53908069829,149.67148736050316,147.19513785187058,149.63218688964844,2382900,0.0,0.0,-,139.16646324157716,144.47694702148436,149.13507461547852,149.78745727539064,2208128.0
09/23/2024,152.01028091220851,152.04958138776416,147.31308687424115,147.38186645507812,3155900,0.0,0.0,-,139.06412384033203,144.38749603271484,149.21190338134767,149.64202270507812,2214182.0
09/20/2024,151.63685607910156,151.79408796729595,150.60504243020588,151.63685607910156,3351600,0.0,0.0,-,138.97210960388185,144.4146124267578,149.45026168823242,149.68545532226562,2184038.0
09/19/2024,149.94665971601617,151.84323386871088,149.94665971601617,151.76461791992188,2345100,0.0,0.0,-,138.8608197784424,144.33839569091796,149.34402313232422,149.2779052734375,2152598.0
09/18/2024,148.295755583259,150.1726718205251,147.77493809252448,148.11886596679688,1364900,0.0,0.0,-,138.7447703552246,144.20531646728514,149.30148696899414,149.1134292602539,2134338.0
09/17/2024,150.48712902033955,151.5975586355359,147.2836079552286,147.7159881591797,1756700,0.0,0.0,-,138.63838848114014,144.12162536621094,149.13490142822266,149.17825164794922,2133314.0
09/16/2024,153.35653687520914,153.54324786372467,150.42816425040036,150.5166015625,1655900,0.0,0.0,-,138.52828098297118,144.04324737548828,148.9737548828125,149.27551879882813,2119958.0
09/13/2024,150.8015773869412,152.86518952057918,150.54607184102156,152.56056213378906,1411400,0.0,0.0,-,138.40952133178712,143.88650604248048,148.67257766723634,148.9878356933594,2118874.0
09/12/2024,148.70847533171073,150.34954371541338,148.42349067548477,150.0350799560547,1634000,0.0,0.0,-,138.2843846130371,143.65849761962892,148.2888084411621,148.61240844726564,2114058.0
09/11/2024,148.23679933100607,148.77725956834186,145.66217595258686,148.51194763183594,1873300,0.0,0.0,-,138.17187530517577,143.48884063720703,147.71468200683594,148.30327453613282,2118468.0
09/10/2024,148.34490945243016,148.59057867416914,146.4679929996741,148.17784118652344,2780000,0.368,0.0,-,138.06644653320313,143.36611541748047,147.2319076538086,148.4826919555664,2120318.0
09/09/2024,147.37507028101146,148.62982559997872,147.01237201223813,147.81619262695312,2145500,0.0,0.0,-,137.96142372131348,143.25164031982422,146.71780548095703,148.7817840576172,2236438.0
09/06/2024,150.30613901821937,150.30613901821937,147.2084546507566,147.5613555908203,2818200,0.0,0.0,-,137.85193412780762,143.1592984008789,146.17130126953126,149.2150680541992,2229418.0
09/05/2024,148.94352650994676,151.21776498663397,147.3848871924658,150.11985778808594,2766400,0.0,0.0,-,137.74075141906738,143.12420379638672,145.61695251464843,149.41014099121094,2207404.0
09/04/2024,148.42400127412316,148.9729549518188,147.1202288106631,148.76708984375,3216800,0.0,0.0,-,137.574602394104,143.03245025634766,144.79302902221679,149.4895446777344,2187848.0
09/03/2024,147.10061302850104,148.79649091866503,147.10061302850104,148.68865966796875,2476800,0.0,0.0,-,137.43379898071288,142.98324005126952,144.06860275268554,149.0915512084961,2156624.0
08/30/2024,148.84550907897997,149.28663148717632,146.39481241359425,147.6397705078125,2287800,0.0,0.0,-,137.29742511749268,142.93638244628906,143.3030044555664,148.67199096679687,2197276.0
08/29/2024,148.46318619077024,150.16887628459614,146.70849413481608,148.80628967285156,1976500,0.0,0.0,-,137.15442668914795,142.8728598022461,142.79472961425782,148.3573196411133,2205818.0
08/28/2024,149.98261017120993,150.44334226182897,146.84572196965914,146.94374084472656,2829600,0.0,0.0,-,137.01031414031982,142.81188690185547,142.3624267578125,147.9652084350586,2216492.0
08/27/2024,150.56098888122924,151.3746219265866,150.08066193293405,150.30612182617188,2283000,0.0,0.0,-,136.8708445739746,142.82129821777343,142.03550415039064,147.12608947753907,2212936.0
08/26/2024,152.47251951932043,154.29583822582228,150.66881057207618,151.16876220703125,2393700,0.0,0.0,-,136.71660614013672,142.67621673583983,141.5169364929199,145.9811233520508,2220690.0
08/23/2024,160.33434909447135,160.37356861088134,150.34530878448572,152.14903259277344,5124300,0.0,0.0,-,136.55985427856444,142.5083935546875,140.9140655517578,144.65382690429686,2212888.0
08/22/2024,150.76684027748115,151.07072422725705,149.23760817031004,149.5120849609375,3215600,0.0,0.0,-,136.393239402771,142.29626190185547,140.21316680908203,143.12753448486328,2153642.0
08/21/2024,153.17833593372026,154.7369903498002,149.10038813181947,150.9138946533203,3173800,0.0,0.0,-,136.23548000335694,142.14059356689452,139.65391693115234,141.82376403808593,2131850.0
08/20/2024,144.7871551513672,145.32631140616718,144.25781125620512,144.7871551513672,1537600,0.0,0.0,-,136.05645908355712,141.953203125,139.07261123657227,140.0965133666992,2118652.0
08/19/2024,144.5028696098464,145.46353843364878,143.9637133972507,144.49305725097656,1363700,0.0,0.0,-,135.8966893005371,141.87896118164062,138.88047637939454,139.045654296875,2128558.0
08/16/2024,144.2872071248081,144.9733991418098,143.26770902137918,144.49305725097656,3117200,0.0,0.0,-,135.7383413696289,141.80805877685546,138.7589225769043,137.93401794433595,2135400.0
08/15/2024,141.9443418622222,144.9537893350506,141.63064553577192,144.8851776123047,2443100,0.0,0.0,-,135.57381565093993,141.7408724975586,138.5677688598633,137.23213958740234,2154624.0
08/14/2024,138.16044587625203,139.48381279696585,137.43503444503733,138.55255126953125,1529700,0.0,0.0,-,135.39803859710693,141.5993539428711,138.40602264404296,136.7596450805664,2156924.0
08/13/2024,138.26830237387472,139.1211399869511,137.55270316931484,138.85646057128906,1218200,0.0,0.0,-,135.26122108459472,141.58996398925783,138.71285171508788,136.94491882324218,2178074.0
08/12/2024,137.37625123473055,138.3761396591945,136.35676800666965,137.8957977294922,1708400,0.0,0.0,-,135.12896446228027,141.54594329833984,139.06673126220704,137.05274963378906,2217804.0
08/09/2024,136.38617167793842,137.08216113444507,135.50391192910692,136.8861083984375,1225700,0.0,0.0,-,135.00282451629639,141.52270080566407,139.429923248291,137.17430419921874,2247262.0
08/08/2024,134.69026635806924,136.65082345182782,133.94526004727186,136.47438049316406,1892500,0.0,0.0,-,134.87492305755615,141.50518157958984,140.02250213623046,137.29879913330078,2283590.0
08/07/2024,135.44509703573806,137.0625657562095,133.47474236665272,133.64138793945312,1421400,0.0,0.0,-,134.75516056060792,141.46734436035158,140.59008407592773,137.48406982421875,2322888.0
08/06/2024,133.16104739739438,135.6019466055351,132.857163411044,134.278564453125,1926500,0.0,0.0,-,134.6524816894531,141.5739730834961,141.16354751586914,138.0487091064453,2447288.0
08/05/2024,135.63133732478272,136.9547193167509,132.84734990351663,133.37669372558594,2565100,0.0,0.0,-,134.551383895874,141.46702087402343,141.64633483886718,138.71529846191407,2487028.0
08/02/2024,140.7581979555981,141.4051854094037,134.94515314592562,137.47427368164062,2363500,0.0,0.0,-,134.45849239349366,141.3712615966797,142.16735458374023,139.58382720947264,2514380.0
08/01/2024,140.87584670439304,140.87584670439304,138.81725562446786,140.1602325439453,1862100,0.0,0.0,-,134.33728141784667,141.20899963378906,142.42761764526367,139.9033981323242,2512680.0
07/31/2024,140.55233944949387,141.53261797273962,139.83672535786295,140.40528869628906,1743800,0.0,0.0,-,134.18148071289062,140.9777651977539,142.47761306762695,140.05240020751953,2520634.0
07/30/2024,139.41522222085678,140.46411253372452,139.01330440920074,139.9347686767578,1210100,0.0,0.0,-,134.0300973892212,140.75746948242187,142.53496017456055,140.48078460693358,2557850.0
07/29/2024,138.64079887372,139.6014826967124,136.8959041163421,139.11134338378906,1595600,0.0,0.0,-,133.88335289001463,140.58589080810546,142.65700607299806,141.080712890625,2578960.0
07/26/2024,139.19955779725075,139.69949448619855,137.65071585216864,138.1310577392578,1853700,0.0,0.0,-,133.73795288085938,140.40457641601563,142.82414321899415,141.68554229736327,2586226.0
07/25/2024,139.29756841566223,140.4836969185233,138.2290535779377,138.32708740234375,1800500,0.0,0.0,-,133.59730834960936,140.24013000488281,143.07754516601562,142.74620513916017,2620366.0
07/24/2024,140.74840124039105,140.91504680514734,138.99369419420475,139.28778076171875,1939800,0.0,0.0,-,133.4523273086548,140.08623413085937,143.45152206420897,143.69609832763672,2623284.0
07/23/2024,142.06197503012012,142.39526616919014,140.41511413739923,140.9444580078125,1906400,0.0,0.0,-,133.29933235168457,139.91077758789064,143.76374206542968,144.27838592529298,2620364.0
07/22/2024,141.473822981593,142.1502026904289,140.62097037851248,142.06198120117188,1957400,0.0,0.0,-,133.1393673324585,139.72936950683595,144.03184814453124,144.5773712158203,2626002.0
07/19/2024,142.14040084998365,142.5227089160242,139.99358826457726,140.66998291015625,3550700,0.0,0.0,-,132.97342559814453,139.4843490600586,144.24603805541992,144.75088195800782,2618976.0
07/18/2024,144.875363208165,144.875363208165,141.11109709108868,141.65025329589844,2168800,0.0,0.0,-,132.8268965911865,139.24409301757814,144.43572082519532,144.95183715820312,2586142.0
07/17/2024,145.70861589064646,146.0517193964723,143.86568726802065,144.6891326904297,2058200,0.0,0.0,-,132.66807235717772,139.0018310546875,144.6410903930664,144.90282592773437,2598826.0
07/16/2024,144.9831801980721,146.4045959504524,144.24797134319778,145.93405151367188,2027000,0.0,0.0,-,132.48850841522216,138.6667204284668,144.77734909057617,144.5891357421875,2632312.0
07/15/2024,147.44368807836153,148.39455938970244,144.95377239126964,145.15963745117188,2685600,0.0,0.0,-,132.2886619567871,138.2449153137207,144.63324890136718,144.2332992553711,2643730.0
07/12/2024,148.2769539617022,150.0414586511715,148.18873246669526,148.73768615722656,1648700,0.0,0.0,-,132.0957521057129,137.8413363647461,144.5141471862793,143.962744140625,2659028.0
07/11/2024,145.68900411164392,148.12010586547717,145.5811728648379,147.82601928710938,1779600,0.0,0.0,-,131.88553565979004,137.4000277709961,144.15438537597657,143.40888519287108,2690410.0
07/10/2024,143.93432527385303,145.33611665414568,143.93432527385303,145.11065673828125,1432100,0.0,0.0,-,131.6895576095581,137.00648193359376,143.84951782226562,143.20694580078126,2725652.0
07/09/2024,144.31661897482772,144.8753700075897,143.77746274471377,143.93431091308594,1313700,0.0,0.0,-,131.51430694580077,136.71711029052733,143.67120361328125,143.2490982055664,2736178.0
07/08/2024,143.3265590230546,144.08136287195342,142.80699753735252,143.79708862304688,1088900,0.0,0.0,-,131.3537910461426,136.42271392822266,143.5282409667969,143.4863250732422,2757190.0
07/05/2024,141.3953725041588,142.98341884585494,141.17971004320472,142.67953491210938,1601700,0.0,0.0,-,131.2005281829834,136.14005798339844,143.38578338623046,143.74119415283204,2782748.0
07/03/2024,141.55224651081758,141.94436698829102,140.95427587080405,141.16014099121094,1170600,0.0,0.0,-,131.059517288208,135.88913970947266,143.30849380493163,143.9196044921875,2802516.0
07/02/2024,142.38547366918309,143.2579210678776,141.3463806952172,141.55223083496094,1854500,0.0,0.0,-,130.92853546142578,135.68190734863282,143.14094924926758,144.37935485839844,2822856.0
07/01/2024,142.89523317036128,143.39516993261665,141.56205351314745,142.3756866455078,1965800,0.0,0.0,-,130.79379337310792,135.45842407226561,142.96749038696288,144.96556243896484,2848206.0
06/28/2024,142.87559890114045,143.4637720152683,142.01294898918323,142.45408630371094,8586000,0.0,0.0,-,130.6501670074463,135.18835540771485,142.68147735595704,145.03319854736327,2839004.0
06/27/2024,145.44392804514726,145.49294496569212,143.08146803667108,143.1990966796875,1794500,0.0,0.0,-,130.5138342666626,134.9360794067383,142.39545669555665,145.0655502319336,2710316.0
06/26/2024,145.2380620572887,146.33596915983514,144.88516120891842,145.80662536621094,1717500,0.0,0.0,-,130.3737277984619,134.6892413330078,142.0360092163086,144.89988555908204,2710300.0
06/25/2024,146.58107120553015,146.58107120553015,144.5813092609401,145.5321807861328,1788600,0.0,0.0,-,130.22530208587648,134.38673248291016,141.47480392456055,144.49208984375,2725758.0
06/24/2024,146.9535670492742,146.9535670492742,145.41452248285913,146.30657958984375,1655600,0.0,0.0,-,130.07854049682618,134.13547302246093,141.1468360900879,144.0933090209961,2735792.0
06/21/2024,145.47333210018328,146.6496783366899,144.70871602117225,146.3457794189453,4509400,0.0,0.0,-,129.93048496246337,133.94597106933594,140.2780548095703,143.57015686035157,2736838.0
06/20/2024,145.443916809377,146.43400767115938,144.0225159705658,144.46363830566406,2714900,0.0,0.0,-,129.78544395446778,133.72341766357422,139.39020233154298,143.0303726196289,2684696.0
06/18/2024,147.0418073778281,147.21825036690575,145.45376064466473,145.7576446533203,2510200,0.0,0.0,-,129.65511573791503,133.57038330078126,138.63507919311525,142.69738311767577,2670912.0
06/17/2024,142.7873902641089,147.473120965755,142.140402771949,147.414306640625,2651800,0.0,0.0,-,129.5172230911255,133.39831329345702,137.7771224975586,141.9025436401367,2660096.0
06/14/2024,142.77757092040218,143.73825471008146,142.7481637592757,143.0520477294922,2670700,0.0,0.0,-,129.3702709579468,133.17863861083984,136.8759323120117,140.96941833496095,2637640.0
06/13/2024,141.67969566522476,143.36577642043983,141.05231782313547,142.77760314941406,2003600,0.0,0.0,-,129.24207397460938,133.04972900390624,136.29112167358397,140.3297561645508,2620256.0
06/12/2024,142.08160626224256,142.6305599761084,140.5915783547018,141.54244995117188,2162000,0.0,0.0,-,129.10996170043944,132.96170471191405,135.65452270507814,139.7253631591797,2616676.0
06/11/2024,141.02286649183966,141.7776851297703,139.8367229179487,141.72866821289062,2126000,0.368,0.0,-,128.9795137786865,132.9406231689453,135.07283706665038,139.17213287353516,2606048.0
06/10/2024,140.840365064168,142.02349332891748,140.840365064168,141.54437255859375,2513900,0.0,0.0,-,128.8474556350708,132.94339111328125,134.51801834106445,138.4575180053711,2594192.0
06/07/2024,141.31950464817697,141.63240354061688,140.62528447531656,141.07505798339844,2032900,0.0,0.0,-,128.73096885681153,132.9825033569336,133.96654739379883,138.2003631591797,2583120.0
06/06/2024,141.44661774265444,141.7203968059823,140.21459703783918,140.94793701171875,1705800,0.0,0.0,-,128.59698825836182,133.03941101074219,133.50649719238282,136.98595275878907,2582614.0
06/05/2024,138.1808378891786,141.29019275506673,137.04660161917155,141.1337432861328,4078400,0.0,0.0,-,128.47028903961183,133.04762481689454,132.94964828491212,135.75003204345703,2587478.0
06/04/2024,138.12213384089176,139.7061583253571,136.64568140224955,137.8092498779297,2558100,0.0,0.0,-,128.34052642822266,133.05251342773437,132.3258201599121,134.5727752685547,2542554.0
06/03/2024,136.38169917957214,138.2492755550871,136.28392945112412,138.0830535888672,2587200,0.0,0.0,-,128.1999298095703,133.1391458129883,131.91221542358397,133.65170135498047,2533000.0
05/31/2024,136.8509952471739,137.26166375721235,134.87586248189064,136.65542602539062,3204700,0.0,0.0,-,128.06849075317382,133.2558935546875,131.40474281311035,132.7824462890625,2521250.0
05/30/2024,137.08567686471872,140.72304417126674,136.27411220504834,136.73367309570312,3181300,0.0,0.0,-,127.93827171325684,133.3970867919922,130.81416130065918,132.2524871826172,2489156.0
05/29/2024,133.46789549825155,136.21547396345838,133.37989826879505,136.01014709472656,3042100,0.0,0.0,-,127.80819488525391,133.52595916748047,130.22651214599608,131.58368225097655,2474284.0
05/28/2024,138.14166143130396,138.50343762504244,134.46518993756973,134.58251953125,3857400,0.0,0.0,-,127.67819458007813,133.62784393310548,129.7596176147461,130.97354125976562,2458458.0
05/24/2024,138.7088175183854,141.95506150248818,137.75059075992522,138.9728240966797,7641400,0.0,0.0,-,127.55770942687988,133.77412109375,129.43792800903321,130.57851867675782,2472418.0
05/23/2024,129.06784351976498,129.90874067282374,127.55227116113288,128.9309539794922,3913500,0.0,0.0,-,127.41114940643311,133.85019287109375,129.02139053344726,129.73273162841798,2371952.0
05/22/2024,129.9674127538411,130.7594176325468,127.95317444013484,128.58872985839844,3932700,0.0,0.0,-,127.31552642822265,134.1408303833008,129.03556747436522,130.02704162597655,2330720.0
05/21/2024,128.75493767443783,130.03585070630697,128.30516417486618,129.36117553710938,2278500,0.0,0.0,-,127.22297271728516,134.4266079711914,129.0893455505371,130.14926452636718,2294840.0
05/20/2024,128.79406509788572,129.410075492184,127.9531679405265,128.5985107421875,2259800,0.0,0.0,-,127.12233657836914,134.68484252929687,129.12796783447266,130.07886505126953,2282136.0
05/17/2024,131.02340476586645,131.30695631592886,129.2242809976041,129.3905029296875,3604600,0.0,0.0,-,127.02551376342774,134.9557946777344,129.23796844482422,130.1727294921875,2298526.0
05/16/2024,130.59316268375989,132.46073848139343,129.61537618277953,131.3558349609375,2265600,0.0,0.0,-,126.92075317382813,135.2163687133789,129.28734664916993,130.02703933715821,2284786.0
05/15/2024,130.23140562901315,131.18963236351587,129.80117711805758,130.04562377929688,1958900,0.0,0.0,-,126.81693500518799,135.4786001586914,129.16316757202148,129.37583541870117,2321368.0
05/14/2024,131.1896353292936,131.88387042763725,129.22428949964208,129.9087371826172,3560700,0.0,0.0,-,126.72282100677491,135.7875177001953,129.15290069580078,128.8693420410156,2348210.0
05/13/2024,131.61985278070765,132.85185850645084,130.44651186287996,130.63229370117188,1946400,0.0,0.0,-,126.62924591064453,136.11458374023437,129.20032348632813,128.54569396972656,2342156.0
05/10/2024,131.87407641571798,132.754093323958,130.34873167857629,130.51495361328125,1793800,0.0,0.0,-,126.52657150268554,136.42074127197264,129.20276794433593,128.2973373413086,2331750.0
05/09/2024,130.09449037145268,132.04027586147234,129.96737335839472,131.87405395507812,2188300,0.0,0.0,-,126.42448379516601,136.7161767578125,129.32548065185546,128.31004943847657,2351588.0
05/08/2024,128.62784529272105,129.87941109385213,128.11939202356118,129.8109588623047,1606100,0.0,0.0,-,126.31089515686035,137.0134945678711,129.57335205078124,128.0440933227539,2339704.0
05/07/2024,129.84029438409084,130.40741248255463,128.50073132727903,128.6571807861328,1909000,0.0,0.0,-,126.20854358673095,137.3358837890625,129.84370956420898,128.02942657470703,2339948.0
05/06/2024,128.04114295596534,129.57627496762672,128.04114295596534,129.5371551513672,2803000,0.0,0.0,-,126.10871082305908,137.6466262817383,130.25144653320314,128.17707061767578,2333802.0
05/03/2024,125.17625079173436,128.4909469299983,125.17625079173436,127.93360137939452,3732500,0.0,0.0,-,126.0053028869629,137.94347564697264,130.63229598999024,128.30320739746094,2309374.0
05/02/2024,125.96825187987736,126.17357871469795,124.69712629157544,124.8437957763672,2597900,0.0,0.0,-,125.91195011138916,138.25035354614258,131.0571445465088,128.54765396118165,2276746.0
05/01/2024,126.05625383146284,126.84825863521064,124.93179768570036,124.9806900024414,3450500,0.0,0.0,-,125.83060218811035,138.5784535217285,131.64528312683106,128.95049972534179,2254470.0
04/30/2024,127.80649250161484,128.0607116453804,126.24202798040068,126.67225646972656,3217800,0.0,0.0,-,125.74051719665528,138.89659820556642,132.31506805419923,129.43645935058595,2221228.0
04/29/2024,130.3389750799201,130.5247569472015,127.28827031372738,128.1487274169922,3541700,0.0,0.0,-,125.64842613220215,139.17369415283204,133.0058738708496,129.85495300292968,2194400.0
04/26/2024,128.5985040722021,131.3167497589914,128.5985040722021,130.64207458496094,1958400,0.0,0.0,-,125.54846759796142,139.4273080444336,133.69179077148436,130.1081985473633,2161392.0
04/25/2024,129.67405369192997,130.21183930413233,127.77714530698324,129.21449279785156,2364300,0.0,0.0,-,125.43623630523682,139.63300537109376,134.33468627929688,130.34091186523438,2151254.0
04/24/2024,129.24383535387426,130.4269637936505,128.98961618988292,129.66429138183594,2366800,0.0,0.0,-,125.3286205291748,139.8760321044922,135.0699836730957,131.10261077880858,2136060.0
04/23/2024,130.9451859228828,131.1896325845339,130.0260640879002,130.1336212158203,2590100,0.0,0.0,-,125.21186737060548,140.11923126220702,135.6547004699707,131.65799255371093,2127706.0
04/22/2024,131.46341070258472,131.69808486721746,130.1042878704136,130.79852294921875,2187600,0.0,0.0,-,125.08248352050781,140.3620169067383,136.21692810058593,132.32582244873046,2101564.0
04/19/2024,128.87228215550294,130.94518505826835,128.36382892507066,130.37806701660156,3122000,0.0,0.0,-,124.95884647369385,140.59521087646485,136.78404541015624,132.96138458251954,2084544.0
04/18/2024,131.04294046863825,131.1993749570998,128.67669911751423,128.87225341796875,1505700,0.0,0.0,-,124.84356945037842,140.78199981689454,137.46116409301757,133.56663513183594,2058192.0
04/17/2024,131.92297665093358,131.92297665093358,129.12650615833385,129.8402862548828,2151600,0.0,0.0,-,124.7382954788208,140.97764251708983,138.20330581665038,134.3400665283203,2063998.0
04/16/2024,130.71051603946322,131.68830271810614,130.12385298418187,130.85719299316406,1793700,0.0,0.0,-,124.6330322265625,141.16543365478515,138.87015609741212,135.1936767578125,2078552.0
04/15/2024,135.06167789807728,135.23767233767066,130.57362573051864,130.68118286132812,2490400,0.0,0.0,-,124.50687030792237,141.35102752685546,139.38251571655275,136.15679473876952,2081802.0
04/12/2024,135.1594402427652,135.74611818243076,132.5291918490028,132.96920776367188,2290300,0.0,0.0,-,124.37901744842529,141.52902313232423,139.94327545166016,137.27538299560547,2066566.0
04/11/2024,135.77547043969597,137.20304567769907,135.14968750847973,136.83148193359375,1707900,0.0,0.0,-,124.24253810882568,141.6060531616211,140.43363571166992,138.32846069335938,2053096.0
04/10/2024,135.3941184860033,136.17635078920244,133.9665434136768,135.21810913085938,1902300,0.0,0.0,-,124.0803925704956,141.64933837890624,140.76520309448242,139.0373565673828,2055890.0
04/09/2024,138.35682502022672,139.39327658726717,136.0199152862901,136.81192016601562,2025700,0.0,0.0,-,123.93140743255616,141.7332794189453,141.14817810058594,139.65140838623046,2054262.0
04/08/2024,135.76568896652168,138.05370625876446,135.58967960258866,137.15414428710938,1969400,0.0,0.0,-,123.77105754852295,141.7623257446289,141.4212272644043,140.1080337524414,2051952.0
04/05/2024,137.02702297367776,137.44747899898,136.10790111914034,136.43057250976562,1529000,0.0,0.0,-,123.60550388336182,141.76599639892578,141.67082595825195,140.60670623779296,2054816.0
04/04/2024,139.7745863005861,140.08748516250088,136.35233332754697,136.6065673828125,1801500,0.0,0.0,-,123.44376209259033,141.74356414794923,141.9702575683594,141.3556930541992,2054258.0
04/03/2024,140.48839664433163,140.82085548684978,137.8581627527385,138.3763885498047,1824600,0.0,0.0,-,123.28385684967041,141.7205383300781,142.36329956054686,142.06654510498046,2052272.0
04/02/2024,141.18260785977048,141.18260785977048,139.33459176577588,140.48837280273438,1630600,0.0,0.0,-,123.1152965927124,141.64943664550782,142.71905517578125,142.54663543701173,2046382.0
04/01/2024,143.1772959965169,143.50975480588014,141.4172919132371,141.8670654296875,1533200,0.0,0.0,-,122.92822082519531,141.52439147949218,143.00773849487305,142.60823669433594,2049490.0
03/28/2024,144.36044189562915,144.8102303863048,143.19687322177063,143.49998474121094,1960300,0.0,0.0,-,122.73517318725585,141.3686508178711,143.21139373779297,142.61116790771484,2046336.0
03/27/2024,142.56131762622718,143.9595455808786,141.99419949501953,143.92044067382812,2007600,0.0,0.0,-,122.53366996765136,141.14377410888673,143.30073089599608,142.53881072998047,2046428.0
03/26/2024,141.2119503656077,141.91595796794937,140.83061415765937,141.35862731933594,1949000,0.0,0.0,-,122.31512355804443,140.93935913085937,143.44170608520508,142.49304962158203,2041492.0
03/25/2024,142.1213012607069,142.473305065656,141.05550243026826,141.378173828125,1832200,0.0,0.0,-,122.10914360046387,140.77642639160158,143.67029571533203,142.64494781494142,2021128.0
03/22/2024,143.69556156607038,143.69556156607038,142.04309940785393,142.140869140625,2080400,0.0,0.0,-,121.89700222015381,140.61680877685546,143.81110229492188,142.7344207763672,2015034.0
03/21/2024,144.26265710000763,145.49467800981276,143.79332361618984,143.92044067382812,1999700,0.0,0.0,-,121.68919700622558,140.42613677978517,143.92304000854492,142.73494567871094,2000606.0
03/20/2024,142.96220285870675,144.05731921047243,142.96220285870675,143.715087890625,1600000,0.0,0.0,-,121.46972892761231,140.1987026977539,143.89089279174806,142.58482208251954,1992186.0
03/19/2024,141.1141763635062,143.27507650296596,140.95772691888428,143.1772918701172,2437700,0.0,0.0,-,121.25063266754151,139.97362030029296,143.767578125,142.6600540161133,1993904.0
03/18/2024,142.28751375619646,142.8350718786705,140.9283909451127,141.10438537597656,2250800,0.0,0.0,-,121.0226208114624,139.73373992919923,143.65310974121093,142.89147491455077,1978468.0
03/15/2024,141.8377127583942,143.8617380527674,141.18259756857674,141.89637756347656,4555400,0.0,0.0,-,120.81812538146973,139.55033813476564,143.6242431640625,143.40724029541016,1976888.0
03/14/2024,144.45820722081874,144.59509675708966,142.36574435505443,142.7764129638672,2618100,0.368,0.0,-,120.60792922973633,139.3413427734375,143.57089538574218,143.8116195678711,1918132.0
03/13/2024,142.7898422682543,144.2431049609984,142.01932982684227,143.46282958984375,1851900,0.0,0.0,-,120.39386486053466,139.1715118408203,143.47842178344726,144.06265106201172,1908248.0
03/12/2024,141.76572188017394,143.16045139825263,141.4340948596935,142.8776092529297,2138700,0.0,0.0,-,120.17138813018799,139.00180236816405,143.37357177734376,144.39036254882814,1911442.0
03/11/2024,142.55576050065574,143.38479093478676,140.7513747561999,142.2729034423828,1643300,0.0,0.0,-,119.94758247375488,138.8400909423828,143.32090377807617,144.69564361572264,1897532.0
03/08/2024,142.2241471835617,143.55059586750707,141.12200774659175,142.1461181640625,3079300,0.0,0.0,-,119.72883110046386,138.6750631713867,143.32090377807617,144.88778381347657,1892482.0
03/07/2024,145.81338502567567,146.301055209708,142.14611059945696,142.41920471191406,2917600,0.0,0.0,-,119.52396224975585,138.5045736694336,143.33650894165038,145.11113433837892,1891458.0
03/06/2024,140.74161484531072,146.2035118511138,139.78578547373488,144.4674072265625,4094700,0.0,0.0,-,119.31840488433838,138.3173080444336,143.201424407959,145.19696350097655,1861560.0
03/05/2024,146.45709304342216,146.91550414379702,144.54541963733652,145.4915008544922,3301000,0.0,0.0,-,119.10560428619385,138.078544921875,142.91077346801757,144.8751022338867,1812858.0
03/04/2024,146.8472344400575,147.1983575463546,145.6183110092736,146.2620391845703,3258000,0.0,0.0,-,118.87999526977539,137.7945263671875,142.5976905822754,144.41474456787108,1790820.0
03/01/2024,145.0623551100118,146.39858140849418,144.69173592516904,145.94017028808594,1426100,0.0,0.0,-,118.64637523651123,137.51967559814454,142.29143295288085,143.84124603271485,1752052.0
02/29/2024,147.32518598516197,147.3934520814783,145.0331298496313,145.28672790527344,2785700,0.0,0.0,-,118.42142398834228,137.23507080078124,141.97347259521484,143.33017120361328,1761406.0
02/28/2024,145.79386318092315,147.32515458821896,145.58905005310754,146.7399444580078,1594100,0.0,0.0,-,118.20032020568847,136.9420782470703,141.55017166137696,142.89419250488282,1817166.0
02/27/2024,144.7210074001085,146.16450696601342,144.35037330085086,145.930419921875,1618300,0.0,0.0,-,117.96237651824951,136.6327001953125,141.16296157836913,142.35678100585938,1846482.0
02/26/2024,144.5551914486266,145.39398469634105,143.511570190971,144.19430541992188,1601700,0.0,0.0,-,117.72567604064942,136.4015444946289,140.83719863891602,141.9461639404297,1880014.0
02/23/2024,144.05775932819634,145.92066287293065,143.61885916971488,144.37962341308594,1581600,0.0,0.0,-,117.50795524597169,136.15985534667968,140.5406951904297,141.75402374267577,1887326.0
02/22/2024,141.83399673787025,143.29700731265817,141.32681557150676,143.27749633789062,2101100,0.0,0.0,-,117.29293422698974,135.9113381958008,140.18859786987304,141.56188354492187,1898182.0
02/21/2024,141.56089572417272,141.99979589872274,140.15640325960263,141.24879455566406,1484100,0.0,0.0,-,117.08153812408447,135.62224700927734,139.7901710510254,141.2058853149414,1885020.0
02/20/2024,140.5270529923707,141.39510539244603,140.27346983457272,140.88792419433594,1788400,0.0,0.0,-,116.87250091552734,135.365537109375,139.50049514770507,140.94644470214843,1905992.0
02/16/2024,140.7903999216326,141.86326548720888,139.28836729430594,140.5270538330078,1876400,0.0,0.0,-,116.67087673187255,135.1310647583008,139.19716415405273,140.7806365966797,1901548.0
02/15/2024,141.61944546460953,141.63895644279398,140.22471561599403,140.8294219970703,1891300,0.0,0.0,-,116.47482845306396,134.90010406494142,138.8826171875,140.7416198730469,1900420.0
02/14/2024,141.44387014363826,141.98031034457273,139.98085953155166,140.92694091796875,1451500,0.0,0.0,-,116.2820068359375,134.6710934448242,138.54514770507814,140.6167739868164,1908210.0
02/13/2024,140.4100001138003,141.46335457102896,139.91256702190154,141.36582946777344,1604600,0.0,0.0,-,116.09343616485596,134.42364929199218,138.1116081237793,140.2061508178711,1917578.0
02/12/2024,142.09734338537965,142.32166750732088,140.89767887628636,141.82424926757812,1949100,0.0,0.0,-,115.89696548461914,134.13318252563477,137.72830123901366,139.9691421508789,1936824.0
02/09/2024,142.17537832911003,142.80934365418162,141.61942714165113,142.2729034423828,1283000,0.0,0.0,-,115.69409271240234,133.81058731079102,137.29768829345704,139.72823333740234,1930176.0
02/08/2024,141.40485198072773,142.5167394803956,141.2390458928183,142.45822143554688,1336600,0.0,0.0,-,115.48578556060791,133.50042266845702,136.8539077758789,139.3273666381836,1941604.0
02/07/2024,138.76168460129918,140.41976032542297,137.913128322634,139.71751403808594,1804400,0.0,0.0,-,115.28801120758057,133.20192260742186,136.36136016845703,138.81531219482423,1956234.0
02/06/2024,139.23958371118084,139.23958371118084,137.79608415299757,138.65438842773438,1796000,0.0,0.0,-,115.10350521087646,132.95823669433594,136.002921295166,138.37445678710938,1937270.0
02/05/2024,139.13230314591473,139.5419592135855,137.96189763367784,139.22984313964844,2879300,0.0,0.0,-,114.92291259765625,132.73367279052735,135.6932502746582,138.0545455932617,1931588.0
02/02/2024,138.99574023617149,141.18050785708735,137.97164483130055,140.1368865966797,1956200,0.0,0.0,-,114.73088443756103,132.49254150390624,135.29092178344726,137.6136917114258,1920914.0
02/01/2024,137.32792922593794,139.62973313053297,137.30841825112836,139.58096313476562,1728600,0.0,0.0,-,114.53156490325928,132.20816925048828,134.88079223632812,137.02361450195312,1949884.0
01/31/2024,139.00547642923868,139.37609555035917,136.30378016161612,136.82070922851562,1616800,0.0,0.0,-,114.33739429473877,131.92304626464843,134.47407455444335,136.47352142333983,2095642.0
01/30/2024,138.99574279785156,139.5614419659032,137.5619913455941,138.99574279785156,1847600,0.0,0.0,-,114.15905578613281,131.52443313598633,134.34728240966797,136.0170654296875,2157588.0
01/29/2024,137.92289149026706,139.5224491736334,137.63028638961796,139.4151611328125,1820900,0.0,0.0,-,113.96785957336425,131.15664642333985,134.14636306762696,135.48746032714843,2202088.0
01/26/2024,137.9716462643428,138.50807152674705,137.24988908004534,138.2642364501953,1910200,0.0,0.0,-,113.7682805633545,130.7966209411621,133.9152069091797,134.8671432495117,2213282.0
01/25/2024,136.6159346430634,137.64003013959754,136.4111066142487,137.33767700195312,2112600,0.0,0.0,-,113.58528705596923,130.41213790893553,133.70307083129882,134.3804489135742,2213672.0
01/24/2024,136.05997618295766,136.46961733610163,134.98709586578602,135.3089599609375,1501100,0.0,0.0,-,113.41422760009766,130.065059967041,133.51726913452148,133.90740814208985,2207754.0
01/23/2024,135.42601746851233,136.00146471985755,133.96300690118602,135.4552764892578,1702200,0.0,0.0,-,113.25128089904786,129.73987731933593,133.4046173095703,133.63138580322266,2212522.0
01/22/2024,134.3336341032163,134.9090962712528,134.04102899586985,134.82130432128906,1530100,0.0,0.0,-,113.0887629699707,129.41994049072267,133.25831604003906,133.3319549560547,2207276.0
01/19/2024,134.46043864437527,135.02613790647362,133.25101109618075,134.23611450195312,1786000,0.0,0.0,-,112.93942386627197,129.11988220214843,133.08177947998047,132.96815185546876,2212852.0
01/18/2024,131.8855166717173,134.25558645918034,131.72945865177826,134.0800323486328,1375500,0.0,0.0,-,112.79349422454834,128.81168106079102,132.9959487915039,132.73796997070312,2206004.0
01/17/2024,133.25098567249643,133.61187169994534,132.14886126477955,132.2561492919922,1964900,0.0,0.0,-,112.63625694274903,128.48928451538086,132.87744369506837,132.47462768554686,2215568.0
01/16/2024,132.64632213431585,133.70943982079427,132.56829310009957,133.69969177246094,1760800,0.0,0.0,-,112.47363346099854,128.1463557434082,132.79649124145507,132.67749938964843,2209122.0
01/12/2024,133.84595564791846,134.08004269589208,132.6852982191329,133.2119903564453,930800,0.0,0.0,-,112.3006010055542,127.72902587890626,132.6750587463379,132.80526580810547,2202030.0
01/11/2024,132.3829308743249,133.52407720599865,131.6514256707511,133.3972930908203,1527500,0.0,0.0,-,112.13324661254883,127.32125549316406,132.73309097290038,132.96327056884766,2231372.0
01/10/2024,132.8120824090309,133.6411275892198,132.25614619558965,132.60726928710938,1359000,0.0,0.0,-,111.95282928466797,126.88506790161132,132.66871871948243,133.02569274902345,2248942.0
01/09/2024,131.3295612363084,132.84134162939765,130.9686900992687,132.54873657226562,1578700,0.0,0.0,-,111.77974674224853,126.4275178527832,132.63604354858398,133.12713012695312,2253470.0
01/08/2024,131.18327456472957,132.6170260423949,131.046727513643,132.46096801757812,1685900,0.0,0.0,-,111.60840744018554,126.00032409667969,132.44975357055665,133.17784881591797,2259918.0
01/05/2024,131.93428953050994,132.82183791286414,131.1247552773088,131.1832733154297,1665900,0.0,0.0,-,111.44224552154542,125.5992074584961,132.24737014770508,133.18467712402344,2262750.0
01/04/2024,131.44662547063754,132.73406701659144,131.300315486032,131.93429565429688,2171800,0.0,0.0,-,111.28986991882324,125.2288981628418,132.14642181396485,133.19540710449218,2275988.0
01/03/2024,134.38237828823625,134.5969543335718,131.43684656977524,131.4466094970703,1617600,0.0,0.0,-,111.12406871795655,124.81632858276367,131.99865798950196,133.2539276123047,2271140.0
01/02/2024,134.0995641483773,135.88443896204052,133.83621805914458,134.2848663330078,2123900,0.0,0.0,-,110.96031917572022,124.43783401489257,131.895272064209,133.28025970458984,2321882.0
12/29/2023,134.5969738002875,135.7868902665143,134.5969738002875,134.97735595703125,2011600,0.0,0.0,-,110.7880838394165,124.01424896240235,131.60876541137696,132.9154830932617,2321458.0
12/28/2023,134.46042580542633,135.08464305529102,133.91423757210885,134.7920379638672,1443200,0.0,0.0,-,110.60784099578858,123.59588195800781,131.2020221710205,132.54485168457032,2319392.0
12/27/2023,133.64113276889816,134.15806193998858,133.30950575446252,134.02151489257812,1390800,0.0,0.0,-,110.43519737243652,123.19600906372071,130.74714469909668,132.50291137695314,2333086.0
12/26/2023,132.9876777201918,134.0995652496774,132.65605065296575,133.62164306640625,3028100,0.0,0.0,-,110.26500411987304,122.78022033691406,130.38430252075196,132.3117446899414,2364578.0
12/22/2023,132.22689312693925,133.28024756637643,132.19761922569347,133.05592346191406,1422700,0.0,0.0,-,110.0989619064331,122.28778930664062,130.0798812866211,132.14495697021485,2339802.0
12/21/2023,132.0513289709492,133.03641736360964,131.70995389653058,132.5292510986328,1659600,0.0,0.0,-,109.9424477005005,121.82924331665039,129.80374603271486,131.7216583251953,2350284.0
12/20/2023,132.4414676597384,133.34854197949443,131.28082507372693,131.2905731201172,2199100,0.0,0.0,-,109.80533939361572,121.39037567138672,129.54859313964843,131.31006317138673,2362126.0
12/19/2023,132.28542855178625,132.74383974888306,131.88553539984835,132.51950073242188,1319600,0.0,0.0,-,109.67837657928467,120.96519104003906,129.34272842407228,131.0974365234375,2356442.0
12/18/2023,131.83672940482114,131.83672940482114,130.55903615933155,131.70993041992188,1893800,0.0,0.0,-,109.55751110076905,120.51484405517579,129.01266708374024,130.7433883666992,2358672.0
12/15/2023,131.30032457179104,131.66121065278043,129.7495368522456,130.63710021972656,5573700,0.0,0.0,-,109.44083812713623,120.06726303100587,128.69341125488282,130.51028442382812,2355852.0
12/14/2023,132.55849815543695,134.2458326361867,130.79313466807588,131.2710418701172,3059900,0.0,0.0,-,109.3226852798462,119.62829681396484,128.00605888366698,130.3020477294922,2280648.0
12/13/2023,132.5194794214305,134.44090096856456,131.84649224530082,134.3726348876953,3294900,0.0,0.0,-,109.19972404479981,119.18190505981445,127.4728271484375,129.85919265747071,2256368.0
12/12/2023,132.1683660625209,132.5097411395543,131.319824716626,132.10984802246094,1967300,0.0,0.0,-,109.06062824249267,118.67192504882813,126.82488975524902,128.99137802124022,2239956.0
12/11/2023,129.9543304142516,132.01229878101188,129.9543304142516,131.95376586914062,2124400,0.0,0.0,-,108.93467781066894,118.25701171875,126.17140159606933,128.4568603515625,2253872.0
12/08/2023,127.78907876800096,129.037513049001,127.18435771633708,128.82293701171875,1443000,0.0,0.0,-,108.81211040496827,117.81564453125,125.57290229797363,128.01480560302736,2260906.0
12/07/2023,129.6324748604552,130.38347612979084,128.24749350566066,128.41329956054688,2532700,0.0,0.0,-,108.70534183502197,117.41471267700196,125.08424682617188,127.88583374023438,2280444.0
12/06/2023,130.16892082485435,130.4907700218996,129.06678154175154,129.164306640625,1566200,0.0,0.0,-,108.6062604522705,116.96574188232422,124.63650360107422,127.78712310791016,2277358.0
12/05/2023,128.71567309134142,129.16432133873838,127.8866278027626,128.97901916503906,1820000,0.0,0.0,-,108.50462886810303,116.51400909423828,124.16920776367188,127.58802032470703,2283792.0
12/04/2023,128.2572555459058,130.38349035735737,127.86712536036816,129.37889099121094,2280800,0.335,0.0,-,108.41732254028321,116.06831665039063,123.66155967712402,127.28194580078124,2293060.0
12/01/2023,127.31918717934752,128.72011899883714,126.6187212696027,128.5547332763672,1919900,0.0,0.0,-,108.32623348236083,115.65334701538086,123.09062538146972,126.8765380859375,2288454.0
11/30/2023,125.82097713078822,126.9786920294654,125.59722172395946,126.84249114990234,2566900,0.0,0.0,-,108.24562721252441,115.28346282958984,122.41837425231934,125.7100700378418,2298538.0
11/29/2023,126.77437213434229,126.9105730019226,125.49019464641071,125.69448852539062,1616700,0.0,0.0,-,108.17435337066651,114.9832356262207,121.71790962219238,125.08646163940429,2292556.0
11/28/2023,127.56241516474223,127.7180775681433,126.30742229368292,126.7646713256836,1854400,0.0,0.0,-,108.10872318267822,114.73223617553711,121.07435874938965,124.65840148925781,2299000.0
11/27/2023,127.20244694110684,127.93209768837896,126.96895335785806,127.53321838378906,2068100,0.0,0.0,-,108.03003055572509,114.48648986816406,120.31552085876464,123.88594284057618,2301776.0
11/24/2023,127.066246062074,128.4088081873851,126.8813988309332,127.53321838378906,856200,0.0,0.0,-,107.94672397613526,114.2351010131836,119.42534828186035,123.13099899291993,2333872.0
11/22/2023,127.6499634720474,127.74724132452644,126.69654254219564,127.42619323730467,1511900,0.0,0.0,-,107.86086303710937,113.97651290893555,118.60813980102539,122.28265991210938,2365672.0
11/21/2023,126.25878071002134,127.38731091016535,124.78001751137693,127.17327880859376,2345600,0.0,0.0,-,107.77553722381592,113.70099731445312,117.85708694458008,121.4858840942383,2383150.0
11/20/2023,125.32483881077538,126.8619568920841,124.78002036581265,125.91827392578124,3404700,0.0,0.0,-,107.69735599517823,113.46128250122071,117.13181343078614,120.75039520263672,2366414.0
11/17/2023,123.67093443654142,127.74724471415178,123.2720551498838,125.32481384277344,9016500,0.0,0.0,-,107.62357002258301,113.2464730834961,116.4011905670166,120.04117355346682,2334502.0
11/16/2023,119.92539519522626,120.56749142435125,116.48145015272588,116.89005279541016,4714100,0.0,0.0,-,107.55646255493164,113.06240646362305,115.76104393005372,119.30471267700197,2177964.0
11/15/2023,120.63559200826931,121.45279729460977,120.11997332678432,120.60640716552734,4072600,0.0,0.0,-,107.54324073791504,113.04820266723632,115.571821975708,119.1266784667969,2115538.0
11/14/2023,120.6355899264118,122.44512436909928,120.49938904770552,121.41388702392578,2380600,0.0,0.0,-,107.50984661102295,112.96998397827149,115.24445190429688,118.3493576049805,2072024.0
11/13/2023,119.4778723072292,120.17833819452127,118.88442245396182,119.0400848388672,1929700,0.0,0.0,-,107.47631912231445,112.88845779418945,114.91367721557617,117.49031600952151,2059014.0
11/10/2023,119.48761528258385,120.0907959521964,118.1645145651311,119.98377990722656,1816700,0.0,0.0,-,107.45697402954102,112.87561599731445,114.62327690124512,116.74509887695312,2060340.0
11/09/2023,119.7600168667183,120.25618149055347,118.68013308551974,119.0498275756836,1739500,0.0,0.0,-,107.43883861541748,112.83952270507812,114.0740924835205,115.71969757080078,2071930.0
11/08/2023,119.90595334469012,120.295101939415,119.2930493181131,119.45843505859376,1439900,0.0,0.0,-,107.42291496276856,112.81900375366212,113.62803230285644,114.93361968994141,2069400.0
11/07/2023,118.81632992344214,119.99349895366367,118.49528922239374,119.81838989257812,1808900,0.0,0.0,-,107.39299549102783,112.77808807373047,113.18440399169921,114.22828979492188,2089634.0
11/06/2023,118.31043875303214,119.0011739127774,117.57105724049713,118.82605743408205,1443600,0.0,0.0,-,107.35192607879638,112.7088232421875,112.69505157470704,113.51323165893555,2095644.0
11/03/2023,117.00679149494036,119.00117318892907,116.75385124466776,117.960205078125,1853700,0.0,0.0,-,107.31557735443116,112.64135940551758,112.25385627746581,112.7612075805664,2124870.0
11/02/2023,113.33909170355572,115.25564233882945,113.33909170355572,115.10971069335938,1642600,0.0,0.0,-,107.28365432739258,112.58849609375,111.82238998413087,112.21737518310547,2186704.0
11/01/2023,113.00831502938286,113.40718692474375,111.60738317322624,112.83319854736328,1406200,0.0,0.0,-,107.27383979797364,112.65124221801757,111.50134391784668,112.01696548461913,2239076.0
10/31/2023,111.75331805808324,112.9207563571968,110.9652901549095,112.82347106933594,2397900,0.0,0.0,-,107.28687862396241,112.68015701293945,111.3072566986084,112.13954620361328,2268374.0
10/30/2023,110.5177606111722,112.06462399310496,110.3718289830818,111.5879135131836,2406000,0.0,0.0,-,107.3011710357666,112.73584945678711,111.10976486206054,112.33703842163087,2276408.0
10/27/2023,111.12096818272362,112.03546634650276,109.34061821713374,109.72976684570312,1585400,0.0,0.0,-,107.31556838989258,112.80771560668946,111.0985782623291,112.5014549255371,2355426.0
10/26/2023,112.56078834524251,113.22233866887676,110.81936171832623,111.18904876708984,1901100,0.0,0.0,-,107.34306407928467,112.80691879272462,111.10636024475097,112.42848739624023,2395104.0
10/25/2023,112.4732365512054,113.15424097927487,111.4614532420796,112.40513610839844,1827500,0.0,0.0,-,107.36446826934815,112.81904266357422,110.9857250213623,112.32244491577148,2415886.0
10/24/2023,111.3155229926494,113.601760655339,111.3155229926494,112.66780853271484,2327800,0.0,0.0,-,107.37468318939209,112.7831723022461,110.6637062072754,112.14051818847656,2419734.0
10/23/2023,112.52190148877496,112.53162482335922,110.1578322660601,111.30581665039062,1929400,0.0,0.0,-,107.39727260589599,112.74418228149415,110.35919914245605,111.87687149047852,2414452.0
10/20/2023,113.10560023571084,113.62121892618984,111.97707014739412,112.52188110351562,4154700,0.0,0.0,-,107.41139358520508,112.71826766967773,110.12862815856934,111.74650497436524,2408156.0
10/19/2023,114.4968149741792,114.60383102710809,112.51216375039678,113.1056137084961,2102700,0.0,0.0,-,107.41736179351807,112.67753982543945,109.93405456542969,111.42740478515626,2357868.0
10/18/2023,114.65245562116338,115.03187342593974,113.74768837383712,114.05900573730467,1908300,0.0,0.0,-,107.4100972366333,112.60864395141601,109.7818000793457,110.98572235107422,2347850.0
10/17/2023,112.92075821556897,115.31401196381243,112.92075821556897,114.79839324951172,2127900,0.0,0.0,-,107.3992223739624,112.52359100341796,109.67040634155273,110.47496719360352,2334174.0
10/16/2023,109.9048725779758,113.61149638672995,109.9048725779758,113.2320785522461,2965400,0.0,0.0,-,107.38363849639893,112.4291828918457,109.5877124786377,109.88249130249024,2320440.0
10/13/2023,110.07997522966448,110.29400729858988,108.6109430112692,109.00009155273438,1789300,0.0,0.0,-,107.36831928253174,112.3492202758789,109.64997634887695,109.6957015991211,2296382.0
10/12/2023,111.03339124733832,111.03339124733832,109.2627722773164,110.12862396240234,1946800,0.0,0.0,-,107.37777473449707,112.35389739990234,109.94816055297852,109.78423309326172,2309252.0
10/11/2023,109.90486441959207,110.66370003223044,108.8541655302198,110.58586883544922,2251700,0.0,0.0,-,107.38370830535888,112.3200926208496,110.17192001342774,109.64900512695313,2309688.0
10/10/2023,110.10917275447076,110.90692401628873,109.7200241681808,110.03134155273438,1914900,0.0,0.0,-,107.38002960205078,112.32021926879882,110.32514724731445,109.18689422607422,2289710.0
10/09/2023,109.17521542161592,110.29401477072744,107.81319914541024,110.0021514892578,1431100,0.0,0.0,-,107.38476257324218,112.34404891967773,110.58295707702636,108.84152679443359,2279426.0
10/06/2023,107.96887024778336,110.16754610188735,107.03491064072544,109.33087921142578,1752800,0.0,0.0,-,107.38588222503662,112.36788024902344,110.84173965454102,108.51075134277343,2283530.0
10/05/2023,109.48654064890108,109.63247230010894,108.0856086731329,108.68878936767578,1813500,0.0,0.0,-,107.39310535430909,112.38321090698243,111.18126983642578,108.44070434570312,2294834.0
10/04/2023,109.00010051767848,110.01188383974775,107.64781497721847,108.95145416259766,1845900,0.0,0.0,-,107.39886390686036,112.4113833618164,111.5558235168457,108.57787780761718,2285082.0
10/03/2023,111.2766114653408,111.84087654624008,108.36773894778234,108.8736343383789,2474300,0.0,0.0,-,107.40205604553222,112.41548080444336,111.94302444458008,108.86584548950195,2276648.0
10/02/2023,109.88541826266068,111.73386862133196,109.78813296428692,111.36418151855467,2663100,0.0,0.0,-,107.42361465454101,112.4248210144043,112.36622161865235,109.29293365478516,2262714.0
09/29/2023,109.17521721191892,111.06258297228489,109.17521721191892,109.88540649414062,2476100,0.0,0.0,-,107.43325065612792,112.37134994506836,112.71791229248046,109.60425109863282,2329598.0
09/28/2023,106.48037574065803,108.94173746322738,106.22743546153234,108.7763442993164,2419900,0.0,0.0,-,107.44478614807129,112.35075317382812,113.13259773254394,110.11208801269531,2314304.0
09/27/2023,106.6749565920892,107.20030609890132,105.41022547320163,105.96475982666016,2378400,0.0,0.0,-,107.4546374130249,112.36048721313476,113.59497451782227,110.69483489990235,2299506.0
09/26/2023,106.26634984663724,107.3851418448941,106.10095668462016,106.57766723632812,1887900,0.0,0.0,-,107.48939086914062,112.41267623901368,114.16736907958985,111.4634002685547,2294648.0
09/25/2023,107.6964494981825,108.06614396791238,106.43172596419836,106.69439697265624,2283400,0.0,0.0,-,107.51250080108643,112.42039672851563,114.65624313354492,112.32438735961914,2293532.0
09/22/2023,110.31346617878222,110.40102813005228,108.50393169137608,108.63040924072266,2050500,0.0,0.0,-,107.54066604614258,112.45158966064453,115.0941665649414,113.1727279663086,2284130.0
09/21/2023,111.3933554533852,111.77277327554862,109.41843514253668,110.0605239868164,2424100,0.0,0.0,-,107.56315166473388,112.44212188720704,115.42849807739258,113.92183532714844,2281998.0
09/20/2023,113.15423155063934,113.2709783381768,111.78249205343128,111.83113098144533,2267800,0.0,0.0,-,107.58489688873291,112.40482772827148,115.83782272338867,114.53376922607421,2273198.0
09/19/2023,113.97145204816786,114.45788589607092,113.07641554940017,113.14451599121094,1938900,0.0,0.0,-,107.59288581848145,112.32203186035156,115.96021308898926,115.0202033996582,2265892.0
09/18/2023,114.8470504833512,115.41130818463148,114.31197020704208,114.47735595703124,1993200,0.0,0.0,-,107.59281761169433,112.18541473388672,116.08339195251465,115.43950958251953,2274322.0
09/15/2023,114.72055870700024,115.206992562531,113.98118459071544,114.96377563476562,3672900,0.0,0.0,-,107.58185485839844,111.98100463867188,116.11858520507812,115.83157348632812,2283450.0
09/14/2023,113.81578532056166,114.99295429697946,113.6601303548028,114.60381317138672,2446200,0.0,0.0,-,107.56644104003907,111.80315139770508,115.85489273071289,116.15310745239258,2247470.0
09/13/2023,115.16808487148606,115.29456243293932,113.50448186202556,113.6504135131836,2385800,0.0,0.0,-,107.55075996398926,111.65752838134766,115.71446418762207,116.49511413574218,2233556.0
09/12/2023,115.8685425738247,116.22850629795596,114.9929601518781,115.18753814697266,1508800,0.0,0.0,-,107.5402784729004,111.5408692932129,115.5625244140625,116.871337890625,2210036.0
09/11/2023,116.77330542708124,116.77330542708124,115.0124173167633,115.17780303955078,1809100,0.0,0.0,-,107.51845794677735,111.41287124633789,115.33906288146973,116.9880989074707,2232580.0
09/08/2023,116.1214828491211,116.77330239072872,115.86853518282892,116.1214828491211,1189600,0.0,0.0,-,107.48240901947021,111.22181137084961,115.0806770324707,117.01560516357422,2230698.0
09/07/2023,117.12354586533772,117.39594764318868,116.00474648711406,116.17986297607422,1592800,0.0,0.0,-,107.41900009155273,111.00159393310547,114.79887733459472,116.93516082763672,2240790.0
09/06/2023,117.1527217045554,117.47376981336956,116.11175360641748,116.69547271728516,1896900,0.0,0.0,-,107.3088624572754,110.79146347045898,114.47292518615723,117.14187622070312,2247864.0
09/05/2023,118.0283130192664,118.320176307996,117.14300724226564,117.33757781982422,1730100,0.0,0.0,-,107.18927253723145,110.54560150146484,114.12846946716309,116.90022277832031,2249062.0
09/01/2023,118.68985827129826,118.991444880265,117.50295850100264,118.3979949951172,1996000,0.335,0.0,-,107.0727214050293,110.30727157592773,113.7654899597168,116.72727432250977,2363092.0
08/31/2023,117.93656723354324,118.73212458038758,117.41266253167312,118.17911529541016,2396200,0.0,0.0,-,106.93562950134277,110.03415054321289,113.30728759765626,116.40559692382813,2370326.0
08/30/2023,117.41265419510972,118.40225436237144,117.41265419510972,118.0238800048828,1613000,0.0,0.0,-,106.80703506469726,109.75143646240234,112.86002922058105,115.5566780090332,2354828.0
08/29/2023,116.33574458234312,117.82983398374876,116.03497998166284,117.41265106201172,2451600,0.0,0.0,-,106.68383159637452,109.47260314941406,112.3807544708252,114.93381423950196,2368554.0
08/28/2023,115.99617454451231,116.53948719806009,115.19092066150247,116.35514831542967,2109400,0.0,0.0,-,106.53575492858887,109.21686050415039,112.03973197937012,114.2537109375,2389108.0
08/25/2023,115.83123994611024,116.45216232861056,114.77373405784454,115.45286560058594,2904900,0.0,0.0,-,106.39666721343994,108.98304428100586,111.78311576843262,113.69002685546874,2412676.0
08/24/2023,117.8977467585666,118.3537382531799,114.8804559832322,115.3170394897461,4945400,0.0,0.0,-,106.26713844299316,108.73545135498047,111.57015838623047,113.14574890136718,2391752.0
08/23/2023,114.60879633410175,119.04257417587566,114.11400366564786,118.24701690673828,4261200,0.0,0.0,-,106.14184608459473,108.49426132202149,111.30917701721191,112.66259384155273,2337256.0
08/22/2023,114.60880008321683,115.52078310522396,113.70652105560822,114.27893829345705,2871100,0.0,0.0,-,105.99430862426757,108.19330780029297,110.90169677734374,111.80397415161133,2318416.0
08/21/2023,115.08418864368332,115.734215568995,114.32743259409108,115.60809326171876,2799600,0.0,0.0,-,105.86805362701416,107.91195220947266,110.64556617736817,111.35671615600586,2310130.0
08/18/2023,113.0273931055774,117.08279686244038,112.86246220541766,115.18122100830078,6356900,0.0,0.0,-,105.74515163421631,107.60304306030274,110.33219375610352,110.80370559692383,2301536.0
08/17/2023,112.30944949005868,112.62960728583816,109.48618667669984,109.68992614746094,3569300,0.0,0.0,-,105.62923927307129,107.27841659545898,110.00766410827637,110.20897827148437,2225500.0
08/16/2023,112.29973895990624,113.94906261882838,111.7855383157239,111.79524230957033,2940200,0.0,0.0,-,105.53914890289306,107.09621459960937,109.96594619750977,110.1633804321289,2196878.0
08/15/2023,110.46608772732375,110.78625293919843,109.47648750916188,110.6116180419922,2019900,0.0,0.0,-,105.4349266052246,106.8608462524414,109.83933639526367,109.82769470214843,2181272.0
08/14/2023,110.4951600907622,111.90193545107272,110.45635152470147,110.7183074951172,2063700,0.0,0.0,-,105.3308058166504,106.64653060913086,109.73746604919434,109.82575302124023,2186802.0
08/11/2023,109.88396374620056,110.43697296940428,109.34065111496317,110.01008605957033,1614600,0.0,0.0,-,105.22461334228515,106.38366287231446,109.54973526000977,109.87620468139649,2204670.0
08/10/2023,110.75714893465732,111.94077724192182,110.1944356627251,110.48548889160156,1640300,0.0,0.0,-,105.09321537017823,106.18756713867188,109.46193313598633,109.99456787109375,2243542.0
08/09/2023,110.27204581289764,111.22282999626694,109.55409827625516,109.66082000732422,1601800,0.0,0.0,-,104.9497299194336,105.97500030517578,109.34550971984864,109.9557601928711,2261522.0
08/08/2023,109.6996365985348,109.92278407125222,108.6227226168565,109.80635833740234,1224500,0.0,0.0,-,104.79796546936035,105.7810546875,109.27225952148437,109.99941940307617,2273948.0
08/07/2023,109.7675265150216,110.45636197331154,109.0301784940724,110.07798767089844,1441200,0.0,0.0,-,104.65109767913819,105.5642771911621,109.16650848388672,109.93441619873047,2308484.0
08/04/2023,110.00040056089698,110.50490470315964,109.0787208345807,109.23394775390624,1762500,0.0,0.0,-,104.50767890930176,105.32504699707032,108.97829208374023,109.86068191528321,2329614.0
08/03/2023,109.52500840536392,109.96159198057065,108.32197202316652,109.23394775390624,2432800,0.0,0.0,-,104.36631706237793,105.11082061767578,108.72943725585938,109.80634994506836,2345604.0
08/02/2023,109.56381157774037,109.80635964132324,108.16673236286952,108.43838500976562,1968600,0.0,0.0,-,104.21168762207031,104.94958862304688,108.57129554748535,109.76851196289063,2353254.0
08/01/2023,111.0578967223154,111.6594111187396,110.3108446208497,110.59220123291016,1252800,0.0,0.0,-,104.08026447296143,104.80697555541992,108.51550941467285,109.85097808837891,2432930.0
07/31/2023,111.01908463962178,111.30044124279082,110.17501483011462,111.22282409667967,1400700,0.0,0.0,-,103.93355350494384,104.63327728271484,108.37677230834962,109.64917907714843,2482010.0
07/28/2023,110.89296077205712,112.04748434584576,110.59219618559293,111.19371795654295,1636300,0.0,0.0,-,103.79152507781983,104.41621475219726,108.25501289367676,109.22326583862305,2520902.0
07/27/2023,110.9220739839724,111.6206135395774,109.56380344829373,110.097412109375,2318000,0.0,0.0,-,103.6483443069458,104.18310104370117,107.97656745910645,108.9292984008789,2548756.0
07/26/2023,108.91377646259754,110.16532526605998,108.76824615485,110.097412109375,1325900,0.0,0.0,-,103.5154040145874,104.00015121459961,107.7272274017334,108.73525924682617,2550186.0
07/25/2023,108.66152620030051,109.2436400388349,108.07941236176616,109.15632629394533,1424200,0.0,0.0,-,103.38909763336181,103.81952239990234,107.50602378845215,108.54509963989258,2563228.0
07/24/2023,109.17571395872552,109.8354448715048,108.34134817485824,109.34064483642578,1777600,0.0,0.0,-,103.27509189605713,103.61942001342773,107.2683261871338,108.39860076904297,2574576.0
07/21/2023,109.5444019020096,110.44667351778756,108.56450573387008,108.6906280517578,6007300,0.0,0.0,-,103.15804943084717,103.40441360473633,107.07234802246094,108.09590225219726,2591270.0
07/20/2023,109.60262011277706,110.42728204823663,108.83616734392092,108.8555679321289,1711400,0.0,0.0,-,103.027816696167,103.24360397338867,106.87491378784179,107.65252456665038,2512030.0
07/19/2023,108.82645534130896,109.75783894832934,108.22494092538813,109.26304626464844,1680000,0.0,0.0,-,102.88863521575928,103.09400100708008,106.63430595397949,107.37407913208008,2505518.0
07/18/2023,106.62412275360953,108.99138665481014,106.62412275360953,108.57421112060548,2135500,0.0,0.0,-,102.74626262664795,102.92870559692383,106.37526435852051,107.1800407409668,2507224.0
07/17/2023,108.0697102444468,108.33166628762396,106.78905681663409,106.96369171142578,1832100,0.0,0.0,-,102.6216594696045,102.74604843139649,106.17782974243164,107.10436553955078,2488926.0
07/14/2023,107.47788688608114,108.40927047651836,105.8867723271702,108.25404357910156,1813300,0.0,0.0,-,102.49256237030029,102.61803634643555,106.0628620147705,107.28675994873046,2480878.0
07/13/2023,108.14731657511392,108.75853494472663,107.84655938717444,108.15702056884766,1943900,0.0,0.0,-,102.34994693756103,102.4793034362793,105.80382080078125,107.02383651733399,2473772.0
07/12/2023,109.13690352921569,109.98097329210133,108.09879831374806,108.19581604003906,1984100,0.0,0.0,-,102.21507541656494,102.36146499633789,105.55884666442871,106.71919555664063,2460002.0
07/11/2023,106.5465104573806,107.72044216804753,106.3427709772132,107.69133758544922,1902500,0.0,0.0,-,102.09034519195556,102.26180480957031,105.30902290344238,106.46694793701172,2448736.0
07/10/2023,104.4314844912547,106.74053918903324,104.10162270670584,106.31365966796876,2360400,0.0,0.0,-,101.97419429779053,102.14941192626954,104.935013961792,106.1380516052246,2435474.0
07/07/2023,105.56660916419136,106.03230466934583,104.1016242958902,104.25685119628906,2449600,0.0,0.0,-,101.86709506988525,102.04813262939453,104.6274627685547,106.04879379272461,2420274.0
07/06/2023,106.43978395279156,106.91517605189094,105.799460958369,106.07111358642578,1873900,0.0,0.0,-,101.78200923919678,101.97522506713867,104.3621150970459,106.0973030090332,2405814.0
07/05/2023,107.66222813845232,107.66222813845232,106.72114053307136,107.32266235351562,1750500,0.0,0.0,-,101.685496635437,101.91186981201172,104.08755073547363,105.8945327758789,2403678.0
07/03/2023,107.83686709601892,108.53540668108458,107.76895393646971,107.81745910644533,1209800,0.0,0.0,-,101.57940933227539,101.82174285888672,103.72275886535644,105.57048797607422,2391546.0
06/30/2023,106.34275500641256,109.20481869576314,106.1293115634414,108.78763580322266,2636000,0.0,0.0,-,101.47036735534668,101.71611099243164,103.32667770385743,105.2512939453125,2405854.0
06/29/2023,104.91656582439296,106.03228814239748,104.54789551667766,105.62480926513672,1715000,0.0,0.0,-,101.35839736938476,101.5568424987793,102.76604194641114,104.83896408081054,2377162.0
06/28/2023,105.21733268751,105.96438476668148,104.47999200409257,105.11061096191406,1694200,0.0,0.0,-,101.28685401916503,101.44980590820313,102.49506645202636,104.58380508422852,2376778.0
06/27/2023,105.10092995971954,106.07112222578844,104.65464240556538,105.67333984375,1946500,0.0,0.0,-,101.21081516265869,101.36253051757812,102.23239326477051,104.3984977722168,2383762.0
06/26/2023,104.64492229674693,105.3531583968119,104.1307216592256,104.40237426757812,1956800,0.0,0.0,-,101.12595378875733,101.27212387084961,101.94690322875977,104.15109786987304,2371326.0
06/23/2023,103.79115845079876,106.34276111568109,103.79115845079876,105.42108154296876,7431600,0.0,0.0,-,101.0468703842163,101.19920639038087,101.67515869140625,103.73197631835937,2366826.0
06/22/2023,105.01359597636753,105.43077889588568,103.80085579195186,104.741943359375,2357700,0.0,0.0,-,100.93663887023926,101.08077194213867,101.30992851257324,103.20613174438476,2251240.0
06/21/2023,104.3829770503598,104.44119361671244,103.2963665048334,104.0434112548828,1621300,0.0,0.0,-,100.83302364349365,101.01924377441406,100.99896278381348,102.62692718505859,2242952.0
06/20/2023,104.45089211571354,104.91658021015704,103.71354399720276,104.08221435546876,2299300,0.0,0.0,-,100.73679496765136,101.00089126586914,100.85540962219238,102.28056869506835,2244862.0
06/16/2023,105.37257090583226,105.72184067498092,104.11131813924226,104.62551879882812,3479300,0.0,0.0,-,100.62964195251465,100.97363937377929,100.71668548583985,101.87502975463867,2233056.0
06/15/2023,103.5971271646909,105.1494332827068,103.1023270451429,104.66433715820312,3287800,0.0,0.0,-,100.5200598526001,100.9401628112793,100.58077392578124,101.40206146240234,2214812.0
06/14/2023,103.15083645333048,103.92699318951276,102.01571333329674,103.0732192993164,1858700,0.0,0.0,-,100.4133016204834,100.9459457397461,100.36604194641113,100.69311981201172,2194658.0
06/13/2023,103.6165115568886,103.90756472411796,103.01498983478352,103.25753784179688,2220600,0.0,0.0,-,100.31593601226807,100.9854850769043,100.18928260803223,100.40632781982421,2230230.0
06/12/2023,101.03580908655005,103.27695056617706,101.03580908655005,103.1993408203125,3319200,0.0,0.0,-,100.23513339996337,100.97298583984374,100.07390174865722,100.06628875732422,2260284.0
06/09/2023,100.07533242910952,101.12314183936655,99.6678534591138,100.2111587524414,2456800,0.0,0.0,-,100.15294509887696,100.90362808227539,99.96723327636718,99.74270858764649,2231592.0
06/08/2023,98.94989561197195,100.32757409473658,98.561817270376,100.16263580322266,2369900,0.0,0.0,-,100.0732430267334,100.88126892089844,99.91423568725585,99.61834106445312,2246260.0
06/07/2023,100.5798209147168,100.98729985137297,98.50361025425478,98.94989776611328,2555100,0.0,0.0,-,99.9945021057129,100.8728384399414,99.8356201171875,99.41372528076172,2244276.0
06/06/2023,100.08503364884037,101.09402705076091,99.59993753554116,100.57982635498048,2138200,0.0,0.0,-,99.93571670532226,100.84011703491211,99.92063255310059,99.37099838256836,2230706.0
06/05/2023,100.24026844213216,101.35599107089187,99.67755512996048,100.02682495117188,2159900,0.335,0.0,-,99.87352401733398,100.78833572387695,99.96041221618653,99.43025054931641,2238818.0
06/02/2023,98.15515045416684,100.05055937068352,97.66195502152006,99.89583587646484,2296400,0.0,0.0,-,99.81802433013917,100.75341674804687,100.00898475646973,99.55834121704102,2233476.0
06/01/2023,99.98286258008928,100.2342965486619,97.34283173298496,97.57492065429688,2957100,0.0,0.0,-,99.76231735229493,100.74007171630859,99.9862606048584,99.75948638916016,2263494.0
05/31/2023,99.60572825999964,100.717832526847,98.63868235456276,100.2052993774414,3558200,0.0,0.0,-,99.70633514404297,100.80273635864258,100.1356689453125,100.03896408081054,2246554.0
05/30/2023,99.9635228406064,100.57275901317335,98.79339835667534,99.85714721679688,2539300,0.0,0.0,-,99.63700942993164,100.77411148071289,100.19127388000489,99.97223739624023,2215998.0
05/26/2023,99.18989943853492,100.45672722919736,98.78374192399846,99.96353912353516,2223100,0.0,0.0,-,99.55998760223389,100.75090255737305,100.31167144775391,100.08151473999024,2222546.0
05/25/2023,98.51297810066195,100.70816926153074,98.1841786260352,98.9674835205078,2951300,0.0,0.0,-,99.47299686431884,100.74838775634765,100.47413482666016,100.19175796508789,2241438.0
05/24/2023,99.30594769189555,100.07957999960044,98.0294473751064,98.1164779663086,2497700,0.0,0.0,-,99.38274723052979,100.74761383056641,100.62934532165528,100.21013031005859,2243898.0
05/23/2023,100.46639301329188,100.59210631803025,98.39691547944132,98.52262878417967,2562000,0.0,0.0,-,99.30082424163818,100.79055053710937,100.78600616455078,100.25751495361328,2238382.0
05/22/2023,101.51081262293395,102.34247271436767,101.0562998545952,101.17234802246094,2815300,0.0,0.0,-,99.21169704437256,100.81975524902344,100.8904483795166,100.47026672363282,2245550.0
05/19/2023,97.5846063493742,101.91696789583338,95.7375451192814,101.30773162841795,5952400,0.0,0.0,-,99.10706977844238,100.80457229614258,100.97699851989746,100.49057388305664,2238406.0
05/18/2023,100.56309447511492,102.32311760248392,98.89010930958035,101.90728759765624,3706800,0.0,0.0,-,99.00569370269776,100.81347930908203,101.05242767333985,100.45962829589844,2160040.0
05/17/2023,100.1472737614544,102.21675145339051,98.93846635364244,100.36969757080078,3345300,0.0,0.0,-,98.87856597900391,100.8774853515625,101.0838565826416,100.21303482055664,2123966.0
05/16/2023,100.27298946495512,100.38903024842784,98.95780648045113,99.53803253173828,3029000,0.0,0.0,-,98.77095813751221,100.98805160522461,101.10658226013183,100.23237380981445,2111892.0
05/15/2023,101.89762888019808,102.07169743687484,100.09892292052974,100.94992065429688,2389500,0.0,0.0,-,98.66252677917481,101.16421905517578,101.14332962036133,100.41031036376953,2098612.0
05/12/2023,99.60572996645212,101.22069488548549,99.11253448039692,101.06597137451172,1978000,0.0,0.0,-,98.54770652770996,101.31272735595704,101.13317565917968,100.54182815551758,2095772.0
05/11/2023,98.59031862262208,99.24791007684054,97.63294532447178,99.15120697021484,1991600,0.0,0.0,-,98.42689311981201,101.43153854370117,101.13752746582031,100.75651168823242,2107602.0
05/10/2023,101.53014475904428,101.76224108212004,97.81669212552654,98.59032440185548,2612300,0.0,0.0,-,98.3045878982544,101.58209030151367,101.2177921295166,101.04856033325196,2169402.0
05/09/2023,100.62113628570606,100.9209181759188,99.82815888419552,100.650146484375,2045300,0.0,0.0,-,98.2074577331543,101.74135330200195,101.2632438659668,101.31449737548829,2187542.0
05/08/2023,100.76617600093915,101.68487399782478,100.118257043266,101.37541961669922,1385800,0.0,0.0,-,98.10295051574707,101.86674560546875,101.31401329040527,101.3106300354004,2186496.0
05/05/2023,100.23430861350552,101.71388765416803,100.15694317109808,100.99827575683594,1765300,0.0,0.0,-,97.99658935546876,101.98804290771484,101.40153160095215,101.46342315673829,2200850.0
05/04/2023,100.58246754436324,101.24972434043606,98.85145412937848,99.44135284423828,1220600,0.0,0.0,-,97.88670093536376,102.11746185302735,101.48759880065919,101.64522705078124,2203056.0
05/03/2023,101.39474741504696,102.16838698152031,100.51473960170787,100.5630874633789,1429700,0.0,0.0,-,97.77832180023194,102.30057525634766,101.66311569213867,101.95467834472656,2240150.0
05/02/2023,101.90729667435262,101.90729667435262,99.34463088167062,101.31739807128906,1458000,0.0,0.0,-,97.65451393127441,102.46607330322266,101.88263549804688,101.98079071044921,2260490.0
05/01/2023,103.0000554831378,103.444895688495,101.86860623210448,102.26509857177734,1255400,0.0,0.0,-,97.52147361755371,102.67008041381835,102.06927490234375,101.87634887695313,2260792.0
04/28/2023,101.9169614275592,103.27082709164364,101.7815755989482,103.21280670166016,1420800,0.0,0.0,-,97.3788565826416,102.84800003051758,102.08764877319337,101.72452316284179,2282706.0
04/27/2023,101.67520107659136,102.3424650805916,100.88222376692812,102.07169342041016,1239400,0.0,0.0,-,97.22843528747559,103.03241348266602,101.91358108520507,101.5185432434082,2287724.0
04/26/2023,99.50901676775838,102.1683927838269,99.19956239918938,101.24969482421876,1600400,0.0,0.0,-,97.07768371582031,103.24273406982422,101.76465644836426,101.38702392578125,2301504.0
04/25/2023,102.38116914604608,102.545565205721,100.25366338481317,100.6114730834961,1726600,0.0,0.0,-,96.92879066467285,103.46910919189453,101.68922729492188,101.21199035644531,2304532.0
04/24/2023,102.72928228468234,103.5125870499763,102.18773160013195,102.90335083007812,1767100,0.0,0.0,-,96.78720832824708,103.67740264892578,101.52434501647949,101.31739654541016,2297420.0
04/21/2023,102.75829430709304,103.71566763481232,102.39081216140178,102.81631469726562,1143900,0.0,0.0,-,96.63934024810791,103.83677368164062,101.27871551513672,101.33964004516602,2304896.0
04/20/2023,100.36001271692372,102.758289565714,100.00221049006974,102.5358657836914,1925200,0.0,0.0,-,96.47969203948975,103.98766799926757,101.05194358825682,101.32997055053711,2335838.0
04/19/2023,99.67342409846816,101.2593788396116,99.47034533773363,100.82421112060548,1201400,0.0,0.0,-,96.32063179016113,104.14417129516602,100.88657951354979,101.37155303955078,2348052.0
04/18/2023,101.3947490095844,101.52046968344828,99.58637811482302,100.27297973632812,1695800,0.0,0.0,-,96.15844146728516,104.358427734375,100.88077659606932,101.78448028564453,2365494.0
04/17/2023,101.27871962301872,101.60751168522006,100.08924992828678,100.74684143066406,2043400,0.0,0.0,-,95.99349842071533,104.5761897277832,100.80583038330079,102.26220092773437,2407190.0
04/14/2023,100.81454289167624,102.7196246428631,100.27299950663948,101.15300750732422,1324700,0.0,0.0,-,95.83375476837158,104.79931930541993,100.7033233642578,102.45077438354492,2437392.0
04/13/2023,99.83780234399978,100.89188606050266,99.02548744582757,100.75650024414062,1731800,0.0,0.0,-,95.67662696838379,105.06117294311524,100.63756294250487,102.30861892700196,2455166.0
04/12/2023,102.08137009661463,102.19741826893154,99.37364581099747,99.49935913085938,1652300,0.0,0.0,-,95.53853504180908,105.32459457397461,100.54617729187012,102.14228897094726,2464694.0
04/11/2023,103.32885513699586,103.72534750585628,101.39476329586174,101.66553497314452,1943300,0.0,0.0,-,95.4124292755127,105.62877517700196,100.584375,102.16646423339844,2465448.0
04/10/2023,102.25544294378874,103.69634680959422,102.12972961866784,103.12578582763672,1716800,0.0,0.0,-,95.25848712921143,105.89888580322265,100.50024147033692,101.73129348754883,2464326.0
04/06/2023,102.69060955358478,103.02907415311384,101.4818021424275,102.71961975097656,1709000,0.0,0.0,-,95.09163902282715,106.16350402832032,100.36461219787597,101.21779098510743,2466936.0
04/05/2023,104.2572009735941,104.31522873618776,102.56487089442282,102.95169067382812,2567100,0.0,0.0,-,94.93779155731201,106.42641357421876,100.31628532409667,100.77391662597657,2466246.0
04/04/2023,105.50469941389429,106.52010049463452,104.77941503564392,104.95348358154295,2280100,0.0,0.0,-,94.78115497589111,106.63687057495117,100.42408027648925,100.40160598754883,2452538.0
04/03/2023,102.4875206027778,105.20491703189664,102.43916535994988,105.05018615722656,3637300,0.0,0.0,-,94.60900058746338,106.7698910522461,100.4713066101074,99.97707290649414,2449590.0
03/31/2023,100.36969218421665,102.70994142943148,100.01188255463606,102.63257598876952,3723300,0.0,0.0,-,94.44781158447266,106.90001358032227,100.63611755371093,99.34945983886719,2421660.0
03/30/2023,100.41805472767638,101.39477326935504,99.24792993405023,99.73145294189452,1884600,0.0,0.0,-,94.28912998199463,107.07887405395508,100.92325553894042,98.9558723449707,2379570.0
03/29/2023,98.27121309333876,100.19563248755456,97.38152520304,99.09320068359376,3190200,0.0,0.0,-,94.14892993927002,107.3471810913086,101.28700942993164,98.96650695800781,2377122.0
03/28/2023,97.58460356853088,100.07957633873453,97.58460356853088,99.7411117553711,2270700,0.0,0.0,-,94.02327419281006,107.67413635253907,101.66628913879394,98.95006561279297,2347482.0
03/27/2023,98.43560431452843,98.62901054583028,97.14943148024442,97.31382751464844,1876600,0.0,0.0,-,93.90664199829102,107.99295318603515,102.00690727233886,99.00228576660156,2348856.0
03/24/2023,98.09713644027376,98.74505540923994,96.39513362543056,97.99076080322266,2543800,0.0,0.0,-,93.80832572937011,108.33602432250977,102.4872039794922,99.269189453125,2366266.0
03/23/2023,99.2285844265361,99.99255160397648,97.420205863888,98.28087615966795,1892800,0.0,0.0,-,93.70403804779053,108.68078720092774,102.95968017578124,99.51143341064453,2366068.0
03/22/2023,101.72356458033326,102.30379066754487,99.20923923912456,99.22858428955078,3797300,0.0,0.0,-,93.6022278213501,109.02456741333008,103.41909751892089,99.8586540222168,2360138.0
03/21/2023,100.1666094637868,101.11431025140308,99.4606627571968,100.7081527709961,2110100,0.0,0.0,-,93.50085243225098,109.3289581298828,103.88751945495605,100.4465545654297,2335818.0
03/20/2023,99.35428147396142,99.79912164786391,98.01976095225396,98.77405548095705,2030400,0.0,0.0,-,93.39441764831543,109.65850891113281,104.2940113067627,100.96554031372071,2342974.0
03/17/2023,98.89977980109538,99.1995690436456,97.72965516100636,98.69670104980467,2866700,0.0,0.0,-,93.2950286102295,109.96562805175782,104.93119621276855,101.92277526855469,2343542.0
03/16/2023,98.23250699744756,99.87648178681192,97.8166770385415,99.83779907226562,3167700,0.0,0.0,-,93.20728908538818,110.26600448608399,105.55441513061524,102.89063873291016,2326386.0
03/15/2023,98.74504617046192,99.70241943637366,97.62326951305111,98.92878723144533,3074300,0.0,0.0,-,93.12477272033692,110.50230255126954,106.18419914245605,103.60751190185547,2297184.0
03/14/2023,101.1239835034556,101.53014098678597,99.42198075400904,100.26331329345705,2221900,0.0,0.0,-,93.04527420043945,110.76140747070312,106.86714591979981,104.38251266479492,2266656.0
03/13/2023,99.50901400509882,101.40442288220868,98.83207752029064,99.9828643798828,2920400,0.335,0.0,-,92.93223491668701,110.98977355957031,107.48240280151367,105.01152877807617,2254092.0
03/10/2023,101.83982873833676,102.49530544085393,100.085465704283,100.41320037841795,2458100,0.0,0.0,-,92.80270160675049,111.19348098754882,108.03456687927246,105.70521850585938,2222114.0
03/09/2023,104.9822737736651,105.04010758057215,101.47353995159308,101.75308227539062,2034100,0.0,0.0,-,92.67645698547364,111.40304061889648,108.55750198364258,106.40792694091797,2200204.0
03/08/2023,106.07152578953708,106.38962645694969,104.37499625091849,105.10758972167967,1903100,0.0,0.0,-,92.51067932128906,111.59428573608399,108.9878993988037,106.979541015625,2185864.0
03/07/2023,108.5102759488012,108.69342614338086,105.705225994321,105.89801025390624,2741600,0.0,0.0,-,92.42753684997558,111.68913650512695,109.2505714416504,107.32848434448242,2192804.0
03/06/2023,108.07650413305512,109.47420835469894,107.71020375594318,108.34640502929688,2365000,0.0,0.0,-,92.34091957092285,111.79073501586915,109.53252258300782,107.62248229980469,2189412.0
03/03/2023,107.00654820046884,108.4428109259878,106.71736442963336,108.37533569335938,2247500,0.0,0.0,-,92.24330112457275,111.82832855224609,109.67325630187989,107.93961715698242,2184840.0
03/02/2023,106.6691546535584,107.06436456476122,105.53170995015525,107.00653076171876,2569500,0.0,0.0,-,92.13957260131836,111.87633193969727,109.84965553283692,108.21819152832032,2188368.0
03/01/2023,103.12187603820432,106.80411124697812,101.30967165987975,106.67879486083984,5081600,0.0,0.0,-,92.04388107299805,111.93301132202149,110.21161346435547,108.76088638305664,2243466.0
02/28/2023,106.91013335397938,107.854786410134,106.41852398967602,106.55347442626952,3519300,0.0,0.0,-,91.93579761505127,111.99123306274414,110.57405281066895,109.35177917480469,2207696.0
02/27/2023,108.67412459316432,108.73196574447915,106.69806053278953,106.91976165771484,1993000,0.0,0.0,-,91.8222798538208,112.12387069702149,110.9817985534668,109.95327682495117,2181000.0
02/24/2023,106.45707343657756,107.81621910736514,105.878706065948,107.4402847290039,2103500,0.0,0.0,-,91.71537780761719,112.25130310058594,111.39436378479004,110.36391525268554,2184400.0
02/23/2023,108.17289954122188,108.4717173490905,106.57276224460696,107.46922302246094,1875600,0.0,0.0,-,91.62396022796631,112.34634750366212,111.84018440246582,110.70707702636719,2177220.0
02/22/2023,108.90548220688524,109.82121837850254,107.9608217804376,108.5970230102539,3075300,0.0,0.0,-,91.54590370178222,112.41189498901367,112.25997810363769,110.99625778198242,2180460.0
02/21/2023,110.37064413007607,110.80441227884516,108.66448107677203,108.8379898071289,2446700,0.0,0.0,-,91.47962715148925,112.49826354980469,112.50385398864746,111.17265853881835,2168306.0
02/17/2023,110.8237185329748,111.980438743642,110.53453480318412,111.51775360107422,1473100,0.0,0.0,-,91.43137836456299,112.54549682617187,112.64217987060547,111.44256286621093,2159050.0
02/16/2023,110.88153713406857,112.48167413881656,110.39956921999942,111.16107940673828,2351100,0.0,0.0,-,91.35317070007324,112.56169067382812,112.64410781860352,111.40689544677734,2182620.0
02/15/2023,111.7008859885585,113.02148077822964,111.02613382113356,112.43347930908205,1671700,0.0,0.0,-,91.28089832305908,112.60101974487304,112.6648338317871,111.48111953735352,2176040.0
02/14/2023,112.56843994079148,113.0986076591185,110.7948013090206,112.58772277832033,1928400,0.0,0.0,-,91.19486682891846,112.64054153442383,112.70050010681152,111.6623405456543,2185018.0
02/13/2023,111.57559797127875,112.9733023043816,110.96832090630794,112.56845092773438,1751800,0.0,0.0,-,91.12906242370606,112.65736541748046,112.84316215515136,111.7963264465332,2188534.0
02/10/2023,110.61165317148787,111.16109638326785,109.65735861508014,111.0261459350586,1371000,0.0,0.0,-,91.04941917419434,112.66861389160157,112.99883728027343,112.01032028198242,2211820.0
02/09/2023,111.50810368115816,112.81905707556903,110.76587628417784,110.87190246582033,2140900,0.0,0.0,-,90.98598217010498,112.69378707885743,113.17089920043945,112.42481231689453,2237896.0
02/08/2023,109.77302903028514,110.37067199780256,107.87408128789131,110.36103057861328,2691000,0.0,0.0,-,90.93562896728515,112.71396926879883,113.3887493133545,112.97329177856446,2235200.0
02/07/2023,110.60201457860848,110.63093148192824,107.98974890117026,110.36103057861328,2535900,0.0,0.0,-,90.87756973266602,112.73610061645508,113.64419212341309,113.52369842529296,2204070.0
02/06/2023,110.94903153585912,112.57808572050727,110.54418018304358,111.53703308105467,2073500,0.0,0.0,-,90.83726348876954,112.75996231079101,113.84854660034179,113.83504943847656,2216518.0
02/03/2023,111.69124705391305,112.12501523487656,110.65019459450446,111.16107940673828,3780600,0.0,0.0,-,90.79694725036622,112.74569030761718,114.13097953796387,113.841796875,2256494.0
02/02/2023,114.66981912186984,114.9108031080929,111.55631013824662,111.9033203125,3553500,0.0,0.0,-,90.75349979400634,112.68182907104492,114.2794261932373,113.88132019042969,2275610.0
02/01/2023,114.72765738326416,115.01684111966792,111.96116582064226,114.24568939208984,2213400,0.0,0.0,-,90.69264453887939,112.51255661010742,114.37003631591797,113.8485481262207,2439044.0
01/31/2023,114.82404243218365,115.15177709494884,113.47453075567174,113.92758178710938,2208200,0.0,0.0,-,90.61334850311279,112.11068954467774,114.24038696289062,113.73865966796875,2485446.0
01/30/2023,114.40957146182562,115.6434084219631,113.99507866856864,114.70838928222656,1690000,0.0,0.0,-,90.53492710113525,111.68768768310547,114.13820953369141,113.88999786376954,2507904.0
01/27/2023,116.41453714197264,117.46523111283896,115.07466680934527,115.17106628417967,1887200,0.0,0.0,-,90.44907012939453,111.27406692504883,113.9868709564209,113.98735427856445,2556144.0
01/26/2023,115.9518457852796,116.79047263320264,115.09394345597477,116.35669708251952,1847300,0.0,0.0,-,90.34906433105469,110.79023788452149,113.73672943115234,113.91698608398437,2567848.0
01/25/2023,112.69375427504733,115.88437988307702,111.99971922157012,115.86509704589844,1674500,0.0,0.0,-,90.22943382263183,110.31230850219727,113.46345367431641,113.80420684814453,2588756.0
01/24/2023,112.03827821047004,113.64804947485425,111.28640199521652,113.47454071044922,1881700,0.0,0.0,-,90.10515048980713,109.86267028808594,113.23596572875977,113.7646858215332,2614008.0
01/23/2023,111.91296666809212,112.08647543999685,110.85263855278464,111.60450744628906,2132700,0.0,0.0,-,89.98728408813477,109.3491258239746,113.05474510192872,113.86204376220704,2628664.0
01/20/2023,110.90083581010283,112.10575576738668,110.20680073802772,111.55631256103516,2240800,0.0,0.0,-,89.87380466461181,108.88778778076171,113.02341651916504,114.42016220092773,2638282.0
01/19/2023,112.1925181644812,112.72268594262748,111.49848302008914,111.57559967041016,1618800,0.0,0.0,-,89.76066158294678,108.44760375976563,112.9569049835205,114.67753219604492,2649618.0
01/18/2023,115.65304428803144,115.81691164268908,113.06969551895074,113.14680480957033,1762200,0.0,0.0,-,89.63520488739013,108.0212631225586,112.91690025329589,114.89152450561524,2666752.0
01/17/2023,115.59518966264002,115.68194771657244,114.74692873064647,115.4409637451172,1708200,0.0,0.0,-,89.50117626190186,107.53311752319335,112.75158500671387,114.7421142578125,2672940.0
01/13/2023,114.23604953003012,115.797621035469,113.87939058713177,115.68195343017578,2339400,0.0,0.0,-,89.36593746185302,107.00485702514648,112.45903091430664,114.38642120361328,2705300.0
01/12/2023,115.17106075796984,115.26745287393172,113.69623270218996,114.4673843383789,2747100,0.0,0.0,-,89.24352439880371,106.51177185058594,112.33420104980469,113.98638763427735,2711378.0
01/11/2023,115.71087270070473,115.93257385155448,114.72765391009544,115.2289047241211,2533900,0.0,0.0,-,89.10814247131347,106.06239913940429,112.27540092468261,113.55647277832031,2715832.0
01/10/2023,114.44811703988856,115.7108707640436,114.44811703988856,115.46988677978516,1596300,0.0,0.0,-,88.96255805969238,105.59125808715821,112.12358093261719,113.12270050048828,2711032.0
01/09/2023,116.395267526482,116.8772355079581,114.33244515410404,114.4481201171875,2581300,0.0,0.0,-,88.81672313690186,105.10087600708007,111.88741645812988,112.70724563598633,2726048.0
01/06/2023,115.1132280933821,118.0339528124566,114.8722441085839,117.1856918334961,2467900,0.0,0.0,-,88.67275192260742,104.6076628112793,111.81078300476074,112.2474464416504,2733204.0
01/05/2023,112.72266697478103,114.67945568335448,112.26961592319068,114.13001251220705,2058800,0.0,0.0,-,88.5243511581421,104.05354522705078,111.51148109436035,111.62667083740234,2755756.0
01/04/2023,113.01184630179404,114.61198347461033,112.33709409292425,113.71552276611328,2008900,0.0,0.0,-,88.38831768035888,103.44555480957031,111.42135276794434,111.2362777709961,2750424.0
01/03/2023,112.42384667538929,112.89618058373944,110.61164974539044,111.65270233154295,1707600,0.0,0.0,-,88.26514213562012,102.80701232910157,111.39195327758789,110.94227600097656,2754126.0
12/30/2022,110.794788346114,111.9033086841509,110.39957111973804,111.884033203125,1547900,0.0,0.0,-,88.14693572998047,102.16011688232422,111.5297966003418,110.76105575561523,2754300.0
12/29/2022,111.1225331309018,112.28889472681138,110.9008319847875,111.6816177368164,1593700,0.0,0.0,-,88.02342067718506,101.5310922241211,111.60704078674317,110.531640625,2752926.0
12/28/2022,110.83335390851254,111.70089034208613,110.14895294227516,110.1682357788086,1321500,0.0,0.0,-,87.88240104675293,100.92534454345703,111.6795036315918,110.68201446533203,2758860.0
12/27/2022,111.66232621936727,112.24069361735089,110.293539066533,110.89118194580078,1362600,0.0,0.0,-,87.74083541870117,100.34121139526367,111.78533210754395,110.99432907104492,2792576.0
12/23/2022,109.75375908841204,111.4888469176938,108.84765684931509,111.31533813476562,1317100,0.0,0.0,-,87.6037202835083,99.68954895019532,111.83482360839844,111.1244613647461,2821092.0
12/22/2022,109.5031106807825,110.12967045179526,108.44278272058614,109.85012817382812,2250100,0.0,0.0,-,87.47323440551757,99.10631729125977,111.84243659973144,111.06758728027344,2854526.0
12/21/2022,111.79728717665223,112.25997228306755,110.45740953061302,110.97793579101562,2572000,0.0,0.0,-,87.34517646789551,98.5343148803711,111.92763595581054,111.37411956787109,2852026.0
12/20/2022,110.38031514058888,111.12254263629492,110.12004829815108,110.22608184814452,2136400,0.0,0.0,-,87.19859214782714,97.97109893798829,111.91991081237794,111.39629135131835,2839208.0
12/19/2022,110.12966981756506,111.31531413768404,109.57058526485052,110.77550506591795,2423900,0.0,0.0,-,87.05224811553956,97.41772857666015,111.80700759887695,111.60642776489257,2833216.0
12/16/2022,108.8187301120366,110.34175069631902,108.34640355006216,109.84049987792967,5324400,0.0,0.0,-,86.92370059967041,96.8724055480957,111.44021720886231,111.84163055419921,2819600.0
12/15/2022,111.75873781194431,112.50096526697672,109.3199810042336,109.58988189697266,3293100,0.0,0.0,-,86.81927799224853,96.37231826782227,110.65580902099609,112.29853744506836,2748890.0
12/14/2022,113.50345676487936,114.09145827573786,111.373159223182,113.18535614013672,2184500,0.0,0.0,-,86.72309909820557,95.90762420654296,109.81518936157227,112.68244094848633,2718382.0
12/13/2022,116.04823901762435,116.04823901762435,111.9515115624757,113.2913818359375,2163000,0.0,0.0,-,86.58302539825439,95.36256011962891,108.85728912353515,112.67699279785157,2714136.0
12/12/2022,111.33460247373566,112.22142178469748,110.11040705036962,112.1925048828125,1744500,0.0,0.0,-,86.45117156982423,94.74961410522461,107.7417007446289,112.57633514404297,2725008.0
12/09/2022,112.19250117042525,112.51060178912958,110.65984658725466,110.74659729003906,2037600,0.0,0.0,-,86.33118450164795,94.12614944458008,106.75508689880371,112.54518585205078,2764536.0
12/08/2022,111.38279649460652,113.05040148783796,111.08397136389227,112.91545104980467,2467600,0.0,0.0,-,86.20848804473877,93.52698806762696,105.88691635131836,112.61728591918946,2764804.0
12/07/2022,111.74909683193536,112.6648330579312,110.99722795513914,111.19965362548828,1983900,0.0,0.0,-,86.06248794555664,92.94175064086915,104.63100967407226,112.48115234375,2757504.0
12/06/2022,113.45524918907134,114.73728566380962,112.01898679902646,112.32744598388672,2651600,0.0,0.0,-,85.94513507843017,92.34064300537109,103.49790725708007,112.4435302734375,2763072.0
12/05/2022,113.57094264984282,113.84084356130028,112.29854738565172,113.12753295898438,2022100,0.31,0.0,-,85.82799243927002,91.68871322631836,102.35889053344727,112.00758743286133,2762656.0
12/02/2022,111.65989284914384,114.87105598899844,111.6502765458407,114.4095687866211,2120600,0.0,0.0,-,85.69866992950439,91.04981689453125,101.21544227600097,111.03880386352539,2782090.0
12/01/2022,113.49621638312304,113.61158268073558,112.19828685426089,113.42891693115234,2104200,0.0,0.0,-,85.58172138214111,90.42662094116211,99.93194007873535,109.01308059692383,2813304.0
11/30/2022,112.2752069959779,113.57312924045964,111.50607141984706,113.13087463378906,2916100,0.0,0.0,-,85.47200626373291,89.8472657775879,98.7118911743164,106.9479377746582,2817612.0
11/29/2022,111.94830807879892,112.97703233995374,110.80421019893063,112.28480529785156,2674800,0.0,0.0,-,85.35465084075928,89.2825245666504,97.60673217773437,105.03758544921875,2800394.0
11/28/2022,111.24646804372604,112.65014743859048,111.09264388262184,111.88101196289062,2006100,0.0,0.0,-,85.24152576446534,88.78162216186523,96.59242935180664,102.90706634521484,2788172.0
11/25/2022,112.04445139667216,112.30403287525176,110.48694051992648,111.46759796142578,1134500,0.0,0.0,-,85.14135730743408,88.27937377929688,95.58197135925293,100.96498794555664,2827298.0
11/23/2022,110.98687819988876,112.76551256384307,110.41963376927843,111.55411529541016,3158300,0.0,0.0,-,85.04729793548584,87.77212585449219,94.55613059997559,99.15654678344727,2845296.0
11/22/2022,109.64088453184142,111.33299422532674,108.42948723598688,110.82343292236328,4072300,0.0,0.0,-,84.94358043670654,87.26122482299805,93.4677978515625,96.78086700439454,2823222.0
11/21/2022,103.10320266952408,108.48718056142772,102.83400487519232,107.968017578125,4736400,0.0,0.0,-,84.83338710784912,86.77262893676757,92.40061683654785,94.55228424072266,2793824.0
11/18/2022,110.37157696774273,111.4291428477377,102.4878887071385,103.439697265625,11725200,0.0,0.0,-,84.7413228225708,86.4395913696289,91.18874053955078,92.7101936340332,2742270.0
11/17/2022,93.39280960674326,94.17156139022056,90.70081708508197,94.15233612060548,4533500,0.0,0.0,-,84.67294635772706,86.1688542175293,90.10617561340332,91.39208068847657,2548698.0
11/16/2022,92.29677633176811,93.13321850790672,91.171911130646,92.7774887084961,3331100,0.0,0.0,-,84.66503528594971,86.05982879638673,89.36395530700683,90.85079956054688,2500912.0
11/15/2022,92.77749616541026,94.57536323950686,92.13334328924284,94.02735137939452,4102000,0.0,0.0,-,84.6697526550293,85.9759928894043,88.74672088623046,90.47584457397461,2491650.0
11/14/2022,92.32561026839797,92.51789960424624,90.85463169082723,90.9796142578125,2472400,0.0,0.0,-,84.66446392059326,85.76294143676758,88.11506500244141,90.17587890625,2446066.0
11/11/2022,93.9215978760242,94.67150810083815,91.78723349149854,92.4602279663086,2892700,0.0,0.0,-,84.6649980545044,85.62372711181641,87.61416320800781,90.27779235839844,2438514.0
11/10/2022,91.83529185607456,93.7100745801268,91.34497049901584,93.38318634033205,2937100,0.0,0.0,-,84.65384910583496,85.47047607421875,86.90655479431152,90.19895477294922,2425632.0
11/09/2022,88.2972552022694,89.4125115554165,87.56657759340358,87.79731750488281,2614500,0.0,0.0,-,84.63756225585938,85.25584457397461,86.34508323669434,89.95571441650391,2409964.0
11/08/2022,90.4027717232692,90.8161846758843,86.82627033508082,88.53760528564453,2613600,0.0,0.0,-,84.65800239562988,85.15408020019531,86.01771774291993,90.15472869873047,2396882.0
11/07/2022,90.30663803624958,90.91233306173032,88.1915062632242,89.54711151123047,2807600,0.0,0.0,-,84.68254013061524,85.0495819091797,85.73169441223145,90.24894943237305,2389828.0
11/04/2022,90.03744418865422,91.62379675541273,88.65298997256099,90.2585678100586,2475500,0.0,0.0,-,84.68861988067627,84.93064163208008,85.38221702575683,89.66728744506835,2384282.0
11/03/2022,88.97988107616037,90.23934539955476,88.36456970174706,88.7395248413086,2071600,0.0,0.0,-,84.70065334320068,84.8674105834961,85.04475631713868,88.82027053833008,2384282.0
11/02/2022,90.5277665831534,93.56586526759958,88.85488207792534,89.02793884277344,3326200,0.0,0.0,-,84.72789070129394,84.82785369873046,84.84958686828614,87.87711105346679,2397784.0
11/01/2022,92.7390295662145,93.60431329947504,89.11446152283635,91.02769470214844,2643300,0.0,0.0,-,84.75454193115235,84.73270980834961,84.71594886779785,87.01759719848633,2374234.0
10/31/2022,91.43150428791658,92.8448000299826,91.06616547547972,91.99874877929688,2969800,0.0,0.0,-,84.78574619293212,84.60044494628906,84.4611717224121,86.05425109863282,2394730.0
10/28/2022,90.41238798617366,92.11410663429334,89.54710420954966,91.6718521118164,2293900,0.0,0.0,-,84.82379371643066,84.5043263244629,83.99343833923339,84.95053405761719,2433560.0
10/27/2022,90.30662993331146,91.60455192007709,89.83553384465202,90.9507827758789,2347100,0.0,0.0,-,84.86685207366943,84.43371505737305,83.46080932617187,83.61415481567383,2449138.0
10/26/2022,90.00859125573558,91.87375035581888,89.42212154849251,89.78746032714844,2939100,0.0,0.0,-,84.9206014251709,84.39323715209962,82.95269660949707,82.73445205688476,2479130.0
10/25/2022,85.73025415096569,90.03744080874063,85.23993274708045,89.47981262207031,3595500,0.0,0.0,-,84.96204902648925,84.37257675170899,82.64600257873535,81.88070678710938,2488996.0
10/24/2022,81.9518570270732,83.95162259425534,81.2596299203494,83.7304916381836,1792200,0.0,0.0,-,85.01392757415772,84.3105500793457,82.22922554016114,81.21443939208984,2460006.0
10/21/2022,79.22139656015197,82.04798018362462,78.97142408491686,81.78839874267578,2194000,0.0,0.0,-,85.11571464538574,84.36274337768555,82.02924880981445,81.0971466064453,2462332.0
10/20/2022,80.903898687445,81.94223923572214,79.1733311069831,79.30792999267578,1716300,0.0,0.0,-,85.22825839996338,84.41603103637695,81.99896469116212,81.26924209594726,2468804.0
10/19/2022,80.71160702317198,81.77878911149786,79.038729966508,80.43280029296875,1479200,0.0,0.0,-,85.36984867095947,84.48118026733398,82.19605674743653,81.82206268310547,2470476.0
10/18/2022,82.56716589346063,83.62473912747909,80.75007346059574,81.39423370361328,1890400,0.0,0.0,-,85.50581459045411,84.49087539672851,82.39747467041016,82.41430053710937,2477578.0
10/17/2022,80.35588340940339,81.64418907029845,80.1443687880412,80.96157836914062,3007300,0.0,0.0,-,85.64229949951172,84.49762832641602,82.5724536895752,82.8680923461914,2476494.0
10/14/2022,82.79791980929056,83.44207276906165,78.07731975688532,78.30805969238281,2788400,0.0,0.0,-,85.78090007781982,84.4923405456543,82.88635902404785,83.03634262084961,2443348.0
10/13/2022,79.21179732628323,82.67292551683444,78.42342919768497,82.15375518798828,2988800,0.0,0.0,-,85.92820297241211,84.53111724853515,83.30938568115235,83.30746383666992,2421136.0
10/12/2022,82.92288463960342,83.31707230771833,81.16347558769837,81.25000762939453,2125100,0.0,0.0,-,86.05080871582031,84.50869247436523,83.5069580078125,83.17094116210937,2421176.0
10/11/2022,81.96147111449567,84.172751275081,81.52883285203275,82.817138671875,1931100,0.0,0.0,-,86.17893177032471,84.41332717895507,83.74491081237792,83.41129837036132,2460734.0
10/10/2022,83.80741182604845,84.249666426505,80.85583749847623,82.55756378173828,1836800,0.0,0.0,-,86.28870956420899,84.3339469909668,83.92373580932617,83.24401168823242,2470008.0
10/07/2022,83.92276656996464,84.3938626394985,82.84596821879859,83.50935363769531,1743100,0.0,0.0,-,86.39441150665283,84.23983093261718,84.36166458129883,82.96135101318359,2473920.0
10/06/2022,86.24943171987115,87.22047297697458,84.7399948359018,84.83613586425781,1788900,0.0,0.0,-,86.49307186126708,84.12936126708985,84.68133888244628,82.72868728637695,2469932.0
10/05/2022,85.03802416161206,86.92242330283861,84.58616064829967,86.35517883300781,1767700,0.0,0.0,-,86.57230613708496,83.97070434570313,84.87458534240723,82.57005081176757,2471946.0
10/04/2022,84.3746482075662,86.04752541886769,84.36503190509094,85.9321517944336,1972200,0.0,0.0,-,86.65445484161377,83.7374040222168,84.98611106872559,82.38064880371094,2505194.0
10/03/2022,82.17298498227453,84.1150599962472,80.90390444465633,82.64408111572266,2706600,0.0,0.0,-,86.74442520141602,83.60204681396485,84.85824241638184,82.27681503295898,2495442.0
09/30/2022,80.2020621651615,82.70176539973207,78.0965466543768,81.01927185058594,3720900,0.0,0.0,-,86.84869598388671,83.54413925170898,84.9269832611084,82.73637542724609,2474914.0
09/29/2022,82.82675175165613,82.82675175165613,79.96170248999482,80.78852844238281,2051000,0.0,0.0,-,86.96480007171631,83.52581756591798,85.11590347290038,83.31130752563476,2439258.0
09/28/2022,81.90378674778722,84.25927473735003,81.39423274201084,83.65357971191406,2102600,0.0,0.0,-,87.08243827819824,83.49045883178711,85.2090576171875,83.84297485351563,2447136.0
09/27/2022,80.49050255409195,82.19222158469607,79.34640445145482,81.14427185058594,2262300,0.0,0.0,-,87.20087368011474,83.37269775390625,85.16183357238769,84.07852325439453,2453570.0
09/26/2022,81.53843297095263,82.7306049754161,79.64442498709413,79.73095703125,2630800,0.0,0.0,-,87.33028629302979,83.26584259033203,85.27025451660157,84.60345993041992,2467298.0
09/23/2022,82.69215308493173,82.73061095899486,79.85594538726411,81.1827163696289,2993800,0.0,0.0,-,87.4696187210083,83.16541015625,85.46371154785156,85.76197814941406,2472198.0
09/22/2022,84.35541112121214,84.83612352818182,82.70175926762222,83.24977111816406,3681300,0.0,0.0,-,87.60154968261719,83.01658966064453,85.75942649841309,86.63399047851563,2474226.0
09/21/2022,85.51872445948639,87.35504916438308,84.20157730988309,84.4611587524414,2319600,0.0,0.0,-,87.72114814758301,82.81416519165039,85.93502197265624,87.17911987304687,2463892.0
09/20/2022,86.25903556360575,86.37440184693286,83.49974370430137,84.89381408691406,2055200,0.0,0.0,-,87.82149322509765,82.56336959838868,85.92550125122071,87.59157333374023,2474058.0
09/19/2022,85.94176303429832,87.47043229386921,85.78793887920386,87.23968505859375,2063700,0.0,0.0,-,87.92142990112305,82.29491500854492,85.90153312683105,87.43966979980469,2472346.0
09/16/2022,85.32645555744541,87.23007999056075,84.75921841599099,86.76859283447266,3962400,0.0,0.0,-,87.9826485824585,81.99602142333984,85.89918975830078,87.1175910949707,2483000.0
09/15/2022,86.08597645285826,88.14342491368869,85.86484552403749,86.1052017211914,2034400,0.0,0.0,-,88.06623901367188,81.72724426269531,85.96782455444335,86.92049942016601,2451492.0
09/14/2022,86.67244919530293,87.14354530439373,84.90342370806654,86.00906372070312,2054600,0.0,0.0,-,88.16533634185791,81.42287368774414,86.10890884399414,86.57514038085938,2460204.0
09/13/2022,88.65298556755303,89.5278857120536,86.00906719935705,86.39363861083984,2602400,0.0,0.0,-,88.25708808898926,81.11716873168945,86.24617767333984,86.24514389038086,2495602.0
09/12/2022,90.41239747794113,92.13334891015036,90.41239747794113,91.3161392211914,2158700,0.0,0.0,-,88.37300437927246,80.75701889038086,86.24541969299317,85.9370491027832,2503110.0
09/09/2022,88.56645970768612,90.0855053940466,88.56645970768612,89.90283966064453,2046600,0.0,0.0,-,88.46392875671387,80.2763835144043,85.99662055969239,85.16544494628906,2570562.0
09/08/2022,87.71079857071398,89.22023539984617,87.13393775135441,88.70106506347656,2144200,0.0,0.0,-,88.54171371459961,79.85428894042968,85.72411766052247,84.88486251831054,2585774.0
09/07/2022,83.86510071957638,89.20100473399124,83.79780126719929,88.585693359375,2868000,0.0,0.0,-,88.63314403533936,79.47481658935547,85.417333984375,84.69092407226563,2615140.0
09/06/2022,84.32658746170141,84.71115893597944,82.34605427154202,83.3747787475586,1822800,0.0,0.0,-,88.75712020874023,79.16586502075195,85.03392715454102,84.25942916870117,2600244.0
09/02/2022,85.31681979653801,85.79753211257565,83.33628740169098,84.0188980102539,2094800,0.31,0.0,-,88.89292152404785,78.98393356323243,84.9517822265625,84.36339645385742,2782052.0
09/01/2022,82.19175837203164,84.90306300203724,82.19175837203164,84.79767608642578,2248600,0.0,0.0,-,89.01838737487793,78.72109771728516,84.78569679260254,84.68078842163087,2796594.0
08/31/2022,83.01567782979598,83.3414138477141,82.03845515724538,82.651611328125,2153700,0.0,0.0,-,89.14199890136719,78.42026748657227,84.55815773010254,85.0151496887207,2818324.0
08/30/2022,83.7438025836867,84.43359778613448,82.02887892490278,82.70909881591797,1960400,0.0,0.0,-,89.2765779876709,78.20623779296875,84.47720298767089,85.6426773071289,2839342.0
08/29/2022,82.71869237211517,84.56774389277017,82.2588288023873,83.31269073486328,2260900,0.0,0.0,-,89.41072731018066,77.98454330444336,84.16583518981933,86.24721145629883,2910920.0
08/26/2022,87.3556812193185,87.79638678248892,83.47554550597677,83.60009765625,2530300,0.0,0.0,-,89.55703685760498,77.72874160766601,83.94260711669922,86.55379028320313,2931766.0
08/25/2022,86.11020996444324,88.25626413925609,85.74615072681918,87.09701538085938,2475500,0.0,0.0,-,89.70475521087647,77.51298736572265,83.6551902770996,86.8277961730957,2933488.0
08/24/2022,84.08869943208023,86.95329647926269,83.54260697625652,86.76168060302734,2746700,0.0,0.0,-,89.83190605163574,77.18897216796876,83.19963302612305,86.56337280273438,2946244.0
08/23/2022,84.48151816199503,85.55454528888765,84.06955310795047,84.27074432373047,2148700,0.0,0.0,-,89.96561893463135,76.88756744384766,82.70671348571777,86.14374389648438,2986376.0
08/22/2022,86.26350296921505,86.87665921852505,84.26115888209407,84.4144515991211,3668100,0.0,0.0,-,90.1020154953003,76.68139358520507,82.22768440246583,85.80842514038086,3023070.0
08/19/2022,87.91136083413724,89.8370512030493,85.5257923261555,87.19281768798828,4911300,0.0,0.0,-,90.2364603805542,76.5213980102539,81.96517639160156,85.54016799926758,3004102.0
08/18/2022,87.94009756228859,88.5340958352975,86.9628748328029,88.14128875732422,3072800,0.0,0.0,-,90.3437799835205,76.33055313110351,81.59297065734863,84.89060516357422,2957022.0
08/17/2022,87.39399713517977,90.47894313048344,86.45509766771426,88.92688751220703,3846700,0.0,0.0,-,90.4438433456421,76.11039184570312,81.19106559753418,84.10116577148438,2969002.0
08/16/2022,86.58922845510537,90.4310408210201,86.58922845510537,88.75444030761719,3432400,0.0,0.0,-,90.53613670349121,75.89023071289063,80.69575080871581,83.3117286682129,2945588.0
08/15/2022,85.84196176335679,86.87666575291689,85.4587372513642,86.37847900390625,2146000,0.0,0.0,-,90.62820140838623,75.69421203613281,80.14630508422852,82.08445892333984,2938128.0
08/12/2022,84.61564989126029,86.43596085663783,84.33781230044059,86.34015655517578,1908500,0.0,0.0,-,90.72118915557861,75.55506637573242,79.61745681762696,81.33142395019532,2966914.0
08/11/2022,83.56178778758944,85.89945074741972,83.48514142281475,84.4527816772461,2517600,0.0,0.0,-,90.8295467376709,75.4061882019043,79.03591575622559,80.48258438110352,3004860.0
08/10/2022,82.50791043239057,83.7054822478952,82.4791625689239,82.56539154052734,1799900,0.0,0.0,-,90.94383110046387,75.34010848999023,78.50036125183105,79.83589324951171,3039082.0
08/09/2022,81.56903632567375,81.73190438906822,79.76789038539246,80.91755676269531,1834300,0.0,0.0,-,91.05460369110108,75.35549118041992,78.02851905822754,79.26968307495117,3078434.0
08/08/2022,81.45404264537193,83.35099964656702,81.0612428847063,81.73188018798828,1836200,0.0,0.0,-,91.17513317108154,75.39772171020508,77.57871017456054,78.64694366455078,3147922.0
08/05/2022,79.5666811481931,81.03250800618336,79.34632469916632,80.69718933105469,1350000,0.0,0.0,-,91.28438137054444,75.31619323730469,77.06567039489747,78.39018478393555,3199406.0
08/04/2022,80.60137141834666,81.38697824258524,79.79660666105764,80.24689483642578,1677800,0.0,0.0,-,91.39628917694091,75.18377349853516,76.64556121826172,78.29533615112305,3295396.0
08/03/2022,77.40147716764389,81.52112061031475,77.30567286607474,81.03251647949219,2990800,0.0,0.0,-,91.5144327545166,75.08212112426757,76.29970321655273,78.28096542358398,3517638.0
08/02/2022,79.37507370433153,79.37507370433153,75.90690973899567,76.48174285888672,4103000,0.0,0.0,-,91.62490119934083,74.83342178344726,75.79241104125977,78.07977294921875,4149332.0
08/01/2022,77.59306907100341,79.57624765519871,77.13320559868461,78.84812927246094,2394800,0.0,0.0,-,91.75541984558106,75.07336883544922,75.50451469421387,78.2081512451172,4214404.0
07/29/2022,78.04336945617034,78.27330122834522,76.61586571104404,77.85176086425781,2032400,0.0,0.0,-,91.86699184417725,75.26789733886719,74.98141555786133,77.90348968505859,4306772.0
07/28/2022,77.28648527422762,78.05293408397631,76.14640198920834,77.98587036132812,1543700,0.0,0.0,-,91.98145858764649,75.48731643676757,74.4530460357666,77.58924713134766,4345292.0
07/27/2022,75.00633960686183,77.17155209581348,74.19199200857746,76.90328979492188,1889600,0.0,0.0,-,92.0921242904663,75.68019165039063,73.9936580657959,77.16482925415039,4365696.0
07/26/2022,75.13086823649527,76.09850836895527,74.41232510345442,74.6901626586914,3430100,0.0,0.0,-,92.21925449371338,75.89949035644531,73.63486595153809,76.7873550415039,4381940.0
07/25/2022,79.8828345321435,79.8828345321435,78.19665853552229,79.16429138183594,1484600,0.0,0.0,-,92.35764011383057,76.10692916870117,73.55726356506348,76.5104766845703,4375178.0
07/22/2022,80.28522016490832,81.38698042511409,79.01100195563205,79.74870300292969,1680200,0.0,0.0,-,92.46402629852295,76.20064178466797,73.31295928955078,75.74115600585938,4412246.0
07/21/2022,78.83855196286339,80.19899184843936,78.23497837375821,80.10318756103516,1938100,0.0,0.0,-,92.57906387329102,76.31645477294921,72.86937942504883,74.99578628540038,4490010.0
07/20/2022,77.98588780407094,79.21220032643444,77.51644164053474,79.02059173583984,2444900,0.0,0.0,-,92.70129371643067,76.49752639770507,72.35202827453614,74.31844100952148,4515758.0
07/19/2022,76.55837862602586,78.12959234727725,75.97396296404102,77.7655258178711,2424300,0.0,0.0,-,92.83311038970947,76.75427291870118,71.99850502014161,73.50504913330079,4535786.0
07/18/2022,75.56199929169144,77.85175618149432,75.56199929169144,75.801513671875,2948700,0.0,0.0,-,92.9605776977539,77.10579666137696,71.69144744873047,72.80087814331054,4541690.0
07/15/2022,74.35485138156773,75.32249161019654,74.31652820020228,74.70933532714844,2875800,0.0,0.0,-,93.12689346313476,77.57353103637695,71.42750205993653,72.05934143066406,4531700.0
07/14/2022,72.18963571021085,74.00036391451336,72.036350301443,73.74169158935547,3095200,0.0,0.0,-,93.29667789459228,77.99686874389648,71.3326545715332,71.31684494018555,4523178.0
07/13/2022,70.49388893317533,73.39680266109075,70.44598312331915,73.12854766845703,3164600,0.0,0.0,-,93.48102405548096,78.4561669921875,71.19038276672363,70.8224868774414,4522456.0
07/12/2022,71.30822284975268,72.83153082674743,71.10703164388916,71.92137908935547,2827900,0.0,0.0,-,93.66554260253906,78.8981396484375,71.11852760314942,70.48237686157226,4513100.0
07/11/2022,72.189627685108,72.42914204856847,70.46512865383154,71.47108459472656,1969600,0.0,0.0,-,93.85405742645264,79.4482489013672,71.22056121826172,70.60405044555664,4504008.0
07/08/2022,72.78361708701311,73.24348051567243,71.77765395905006,72.29500579833984,2596400,0.0,0.0,-,94.03832553863525,79.95162322998047,71.46774063110351,70.88476257324218,4517576.0
07/07/2022,71.0208123133378,73.45427966772996,71.0208123133378,73.3297348022461,2387000,0.0,0.0,-,94.21676654815674,80.47249801635742,71.73551902770996,70.74297256469727,4514148.0
07/06/2022,71.38486697107959,71.78724937020289,69.89029228813796,70.88667297363281,2470000,0.0,0.0,-,94.38671363830566,81.02192855834961,71.92569351196289,70.38561553955078,4521372.0
07/05/2022,67.30355037627632,71.07829988229535,67.15984026590608,70.72381591796875,3824500,0.0,0.0,-,94.5759433746338,81.57917877197265,72.27730140686035,70.49196090698243,4520574.0
07/01/2022,67.19815720819176,68.53943926474113,66.33590393545293,68.38614654541016,2977800,0.0,0.0,-,94.76138656616212,82.2106980895996,72.68878593444825,70.58201675415039,4494820.0
06/30/2022,67.5238847581394,68.57774637367486,66.66163168746587,67.28437042236328,5531300,0.0,0.0,-,94.95500804901123,82.91245086669922,73.24053840637207,70.79566268920898,4476718.0
06/29/2022,69.3633687225223,69.66036422675768,68.48195752263733,68.79811096191406,2807200,0.0,0.0,-,95.15181427001953,83.61619522094726,73.82113227844238,71.34846420288086,4426696.0
06/28/2022,73.39681074302167,74.06744829845177,69.61248524849255,69.72744750976562,3612500,0.0,0.0,-,95.34641159057617,84.23487838745118,74.43866653442383,71.55827865600585,4429946.0
06/27/2022,74.25904789555746,74.99674904406716,72.65908612098785,73.13811492919922,2123200,0.0,0.0,-,95.53285217285156,84.80805908203125,75.11902046203613,71.75467834472656,4401012.0
06/24/2022,71.8447386474354,74.98716646148317,71.55732574799418,74.27820587158203,10913200,0.0,0.0,-,95.7091646194458,85.3101628112793,75.61356887817382,71.83707199096679,4404550.0
06/23/2022,70.21604361823583,71.1645186123148,69.19092226055061,70.87710571289062,2821900,0.0,0.0,-,95.87968170166016,85.7753385925293,75.78243141174316,72.05071868896485,4282798.0
06/22/2022,70.81003365305597,71.63395638212732,69.46875168512344,69.75616455078125,3335100,0.0,0.0,-,96.06848487854003,86.26119461059571,75.94238624572753,72.72806549072266,4306248.0
06/21/2022,72.44832070948348,73.10937550468135,71.19326024210268,71.95012664794922,3204600,0.0,0.0,-,96.26697193145752,86.71468322753907,76.21279182434083,73.465771484375,4293994.0
06/17/2022,70.6184111801727,72.53452601010895,70.35015627348531,71.62437438964844,5539300,0.0,0.0,-,96.46063152313232,87.09584930419922,76.04516296386718,74.06264190673828,4286124.0
06/16/2022,71.04954039048185,71.33695322523943,69.8902845026132,70.5226058959961,3303200,0.0,0.0,-,96.65861701965332,87.46138702392578,76.88789901733398,74.7955551147461,4242472.0
06/15/2022,71.61481342817608,73.74170270216909,71.61481342817608,72.81238555908203,2616400,0.0,0.0,-,96.86622787475586,87.82910736083984,77.79049644470214,75.68541412353515,4225444.0
06/14/2022,71.81598982243402,72.54411557413059,70.28309927365076,70.89625549316406,3113300,0.0,0.0,-,97.06276844024659,88.15141357421875,78.59101295471191,76.2938003540039,4221452.0
06/13/2022,72.10340941387578,72.7740467393466,71.336960490996,71.69144439697266,4753300,0.0,0.0,-,97.2708295059204,88.4631736755371,79.42768173217773,77.3190544128418,4202400.0
06/10/2022,75.0446612687933,76.02187690501046,73.91415289232239,73.96205139160156,3983400,0.0,0.0,-,97.47661811828613,88.75616638183594,80.23652076721191,78.48336257934571,4165892.0
06/09/2022,76.78831471432716,77.48769263821009,76.33802649268793,76.4146728515625,2719700,0.0,0.0,-,97.69343425750732,89.04478942871094,80.79152336120606,79.39006576538085,4129986.0
06/08/2022,77.19070285255351,79.73913965342618,76.34761477067515,77.65057373046875,2557300,0.0,0.0,-,97.89708812713623,89.34048278808594,81.16328582763671,79.51414413452149,4124934.0
06/07/2022,76.12726101749199,77.9954778458013,75.61949162565506,77.13322448730469,3671800,0.0,0.0,-,98.09768531799317,89.5352912902832,81.55772476196289,79.15670700073242,4103718.0
06/06/2022,79.44213903522736,79.7582998157801,77.71763964106661,77.91883087158203,2676000,0.31,0.0,-,98.29457633972169,89.71486724853516,82.15890197753906,78.95981216430664,4075966.0
06/03/2022,78.74352257773184,80.14659014514675,78.5049058426478,78.95350646972656,3059400,0.0,0.0,-,98.50391075134277,89.88254867553711,82.8558563232422,78.02768402099609,4057234.0
06/02/2022,78.74352530660384,79.9747885761477,78.17084657895683,79.42119598388672,3585300,0.0,0.0,-,98.69610076904297,90.01655609130859,83.67526664733887,78.98024291992188,4053222.0
06/01/2022,81.51148547602303,81.84554747871874,78.60990484317007,78.89624786376953,3805800,0.0,0.0,-,98.8703853225708,90.17824295043945,84.66361846923829,79.89557876586915,4021676.0
05/31/2022,82.41823917302465,82.51368443420226,80.29932087765081,81.14879608154297,4228700,0.0,0.0,-,99.06641033172608,90.3387843322754,85.51261711120605,80.88822555541992,3987464.0
05/27/2022,83.3917990438247,85.15756184725238,82.170074952571,83.33452606201172,3767500,0.0,0.0,-,99.2505101776123,90.49741668701172,86.29050750732422,81.53630905151367,3992158.0
05/26/2022,78.64808316661336,83.34405911327968,78.62898974846941,83.02908325195312,5308700,0.0,0.0,-,99.42732475280762,90.59095458984375,86.88514022827148,81.98967895507812,3966156.0
05/25/2022,73.83758751836658,78.81036104907002,73.10264365320658,77.65545654296875,4410400,0.0,0.0,-,99.61427795410157,90.67399337768555,87.70502815246581,82.19298095703125,3927514.0
05/24/2022,74.17164765929232,75.01157620118705,72.13863507845257,74.07620239257812,6149500,0.0,0.0,-,99.8209546661377,90.79043807983399,88.65424537658691,82.81242752075195,3894186.0
05/23/2022,68.97932676941097,76.16646938415629,68.95069392458018,75.16427612304688,12789900,0.0,0.0,-,100.02527626037597,90.94601623535156,89.86737251281738,83.95874252319337,3812458.0
05/20/2022,66.81269343518598,71.25096666978162,66.57407667291746,68.59754943847656,34575500,0.0,0.0,-,100.23187007904053,91.11209381103515,91.14922180175782,85.35799179077148,3601224.0
05/19/2022,87.83960426266259,90.35939677289086,87.05694154784935,88.47909545898438,7356600,0.0,0.0,-,100.45984703063965,91.44450607299805,92.65680351257325,87.68402862548828,2954416.0
05/18/2022,91.01798801740853,93.92911573805809,87.96369604984709,88.57455444335938,7013200,0.0,0.0,-,100.57909488677979,91.35969497680664,93.34783782958985,88.37029037475585,2877048.0
05/17/2022,87.33374924984997,88.9086215943634,85.29119001388945,88.82271575927734,3958400,0.0,0.0,-,100.71347976684571,91.22142532348633,94.09279937744141,89.43165817260743,2799988.0
05/16/2022,87.3623813923923,88.16413762466362,85.94977401849573,87.62963104248047,2563900,0.0,0.0,-,100.84193954467773,91.06411651611329,94.77524299621582,90.13700866699219,2813658.0
05/13/2022,85.93065835403674,88.00184988811243,85.62522922127906,87.86822509765625,2701800,0.0,0.0,-,100.9843138885498,91.01284393310547,95.38037490844727,91.04470596313476,2849338.0
05/12/2022,83.18180208077524,85.59660247135909,83.00045101710113,85.06210327148438,3092000,0.0,0.0,-,101.12497482299804,91.03459899902344,95.90628776550292,91.78060150146484,2860634.0
05/11/2022,85.04300589725855,86.36971440809418,83.68766454233375,83.84992218017578,3338000,0.0,0.0,-,101.27304214477539,91.14043899536132,96.56534767150879,93.21707534790039,2908334.0
05/10/2022,90.3689540810044,90.78892197596431,83.82130855761677,85.53935241699219,5568400,0.0,0.0,-,101.42929950714111,91.16685287475586,97.2497013092041,94.49606323242188,2921624.0
05/09/2022,91.15160139686276,91.96289691624528,88.7940666668178,89.15676879882812,3225500,0.0,0.0,-,101.58070579528808,91.19447814941407,97.73122901916504,95.7760025024414,2873810.0
05/06/2022,94.61632730588026,94.70223313724745,90.74119295191724,91.85791778564452,3446300,0.0,0.0,-,101.71066555023194,91.17524459838867,97.8949203491211,96.94045181274414,2859802.0
05/05/2022,97.73742728385324,98.60598851188784,93.99591819907744,95.34171295166016,2719500,0.0,0.0,-,101.8248483657837,91.06223236083984,97.85244598388672,97.6295783996582,2876474.0
05/04/2022,95.91440954397444,99.46502879137762,94.41589628977546,99.188232421875,2449200,0.0,0.0,-,101.92374141693115,90.82970672607422,97.58042335510254,98.32538528442383,2927582.0
05/03/2022,96.99295278429535,97.0502184820967,94.32044189613596,95.876220703125,2449700,0.0,0.0,-,101.98892311096192,90.60052368164062,97.06644287109376,98.75394058227539,2945894.0
05/02/2022,95.82849604026146,97.09793900105576,94.37770200449484,96.70660400390624,3059100,0.0,0.0,-,102.05623344421387,90.46097763061523,96.71901664733886,99.41347732543946,2962100.0
04/29/2022,97.851965036774,98.5773620802524,94.96947756501407,95.22718048095705,2696800,0.0,0.0,-,102.13808177947998,90.2721061706543,96.20789947509766,99.71604385375977,2962948.0
04/28/2022,97.77561763649082,99.7322709339973,96.75433807246372,99.42684173583984,2373300,0.0,0.0,-,102.24724727630615,90.18795974731445,95.7635944366455,100.03197402954102,2957644.0
04/27/2022,98.04286893132476,98.28148572398004,95.79032582609834,96.63980102539062,2648000,0.0,0.0,-,102.3410451889038,90.02914077758788,95.2119125366211,99.91361999511719,2961482.0
04/26/2022,99.53182900394754,100.40993699692145,98.28147942086498,98.3387451171875,2425000,0.0,0.0,-,102.43827411651611,89.88954055786132,94.93988952636718,100.00333938598632,2954930.0
04/25/2022,98.48190676722815,101.05896479147832,97.32700255446387,100.80126190185548,2748200,0.0,0.0,-,102.53377449035645,89.71596145629883,94.39250221252442,99.68645553588867,2950184.0
04/22/2022,101.1258051367614,101.56486649257116,98.58692596529444,98.74918365478516,2430100,0.0,0.0,-,102.62013236999512,89.53688262939453,93.65804023742676,98.84938888549804,2944620.0
04/21/2022,104.42824658916987,105.39225309573484,101.90844680163696,102.2997817993164,2536800,0.0,0.0,-,102.70208263397217,89.41501342773438,93.03572616577148,98.07531356811525,2952560.0
04/20/2022,103.00609126210148,104.37097955378935,102.90109929489424,103.47378540039062,2072700,0.0,0.0,-,102.77773048400879,89.18523010253907,92.2034309387207,96.83546142578125,2945056.0
04/19/2022,99.62727298111542,102.9392749734174,99.57955399546054,102.47158813476562,3030200,0.0,0.0,-,102.85900623321533,88.89144973754883,91.40501861572265,95.3789451599121,2953860.0
04/18/2022,97.74698317287236,100.23813570551611,97.64199120505135,99.73226928710938,2969700,0.0,0.0,-,102.94401542663574,88.63312118530274,90.62760505676269,94.02455596923828,2965612.0
04/14/2022,98.02378003669978,99.92317503699417,98.02378003669978,98.38648223876952,2165800,0.0,0.0,-,103.0367593383789,88.43376388549805,90.09501228332519,92.69975509643555,2967360.0
04/13/2022,97.851966375291,99.32184662049572,97.79470067807726,98.24330139160156,2300100,0.0,0.0,-,103.13154781341552,88.3174366760254,89.57625923156738,91.49521484375,2983370.0
04/12/2022,95.69487314632062,98.8064306382652,95.69487314632062,97.53699493408205,4825600,0.0,0.0,-,103.21834606170654,88.22698989868164,89.02314529418945,90.51020507812501,3012618.0
04/11/2022,94.64495411930726,97.832870501758,94.349064388465,95.16990661621094,3994400,0.0,0.0,-,103.30687786102295,88.13564208984376,88.32018013000489,89.87643966674804,2973936.0
04/08/2022,90.85573042456672,93.8336632748956,90.77937130481304,92.43059539794922,2722400,0.0,0.0,-,103.41571468353271,88.05397277832031,87.6544403076172,89.09854888916016,2977802.0
04/07/2022,88.99450445122484,91.45703115326783,87.98277172269789,91.00843048095705,2811100,0.0,0.0,-,103.5363553237915,88.00996963500977,87.20631828308106,88.46669158935546,2967648.0
04/06/2022,87.2478429471158,90.7793683788214,86.92332033962587,89.90126037597656,3356700,0.0,0.0,-,103.65327136993409,87.99231735229492,86.91680488586425,87.99613876342774,2973930.0
04/05/2022,88.00187451612324,89.79627754500663,86.83743062798426,88.90862274169922,2451800,0.0,0.0,-,103.77345218658448,88.03199905395508,86.63366889953613,87.57140045166015,2969578.0
04/04/2022,86.84695769925601,89.28085166967412,86.19791979261159,88.92769622802734,2416800,0.0,0.0,-,103.89391193389892,88.12272964477539,86.27129135131835,87.4310920715332,3012060.0
04/01/2022,87.18101743229954,87.31464951963483,85.85430880652356,86.48426055908203,2160700,0.0,0.0,-,103.99464004516602,88.1594369506836,85.87277030944824,87.23065414428712,3025444.0
03/31/2022,87.97321732803191,88.57453616902609,86.28381402496413,86.34107971191406,2927900,0.0,0.0,-,104.12163822174072,88.28305694580078,85.80185737609864,87.49026947021484,3029826.0
03/30/2022,90.23532563428635,90.51212198285243,88.24048549531243,88.39320373535156,2188100,0.0,0.0,-,104.25290111541749,88.43997528076171,85.93260231018067,87.65730361938476,3013638.0
03/29/2022,88.93725101050339,91.57158243329285,88.89907144994045,91.1993408203125,2467100,0.0,0.0,-,104.37272041320801,88.55927490234374,86.03064727783203,87.53608551025391,3051940.0
03/28/2022,86.2170084726478,87.41963168607961,85.32935384444498,87.39099884033203,1496500,0.0,0.0,-,104.4808275604248,88.68065902709961,85.72921104431153,86.76392059326172,3073642.0
03/25/2022,87.1237551894661,87.37191867290842,84.59441593355069,86.11202239990234,2284200,0.0,0.0,-,104.61204559326171,88.92500411987305,85.70569190979003,86.21033172607422,3082926.0
03/24/2022,86.23608982464032,86.58924522727987,85.0907323662498,86.30290222167969,1739400,0.0,0.0,-,104.73967475891114,89.20843414306641,85.80984535217286,85.94594497680664,3082460.0
03/23/2022,86.84696115758291,86.92332027481845,84.89030793196395,85.65387725830078,2858800,0.0,0.0,-,104.87638053894042,89.51638916015625,85.80506553649903,85.83747100830078,3100574.0
03/22/2022,87.71552285536312,89.12813000345153,86.95194630687894,87.50553894042969,2008000,0.0,0.0,-,105.01718315124512,89.76485122680664,85.70814323425293,85.69593734741211,3125326.0
03/21/2022,89.55764814354858,89.95852257071809,86.32200531481213,86.9233169555664,2095200,0.0,0.0,-,105.14375930786133,90.01185089111328,85.71932029724121,85.11149063110352,3145150.0
03/18/2022,87.22874536342965,89.2140386262403,86.6369731556671,89.08041381835938,4463400,0.0,0.0,-,105.27308086395264,90.35514266967773,85.81810035705567,84.51488647460937,3140134.0
03/17/2022,86.22656488634368,88.37411612454206,85.94977580158647,88.01142120361328,2467400,0.0,0.0,-,105.39166416168213,90.6594773864746,85.72723121643067,84.11344528198242,3097768.0
03/16/2022,84.58487821243698,87.19056935413886,84.3748942823645,87.18102264404297,3376600,0.0,0.0,-,105.52272010803223,91.05176864624023,85.87765312194824,84.20790100097656,3093886.0
03/15/2022,83.47769165039062,84.54669742337792,82.15098296461494,83.47769165039062,2744000,0.0,0.0,-,105.66727436065673,91.46066787719727,86.09289665222168,84.52520904541015,3062218.0
03/14/2022,84.26991105053301,84.68987895420082,81.6833057789572,81.85511016845703,2063100,0.31,0.0,-,105.84648872375489,91.96493835449219,86.40200157165528,84.69450149536132,3030034.0
03/11/2022,86.27388412621062,86.64481084312624,83.31597612270537,83.46815490722656,2228200,0.0,0.0,-,106.03037017822265,92.50147003173828,86.79223556518555,85.20105209350587,3005974.0
03/10/2022,82.78336017326384,85.4083860064355,82.0890572069372,85.2181625366211,2235100,0.0,0.0,-,106.2084521484375,92.98747970581054,87.21119384765625,85.67374572753906,2989396.0
03/09/2022,83.96272204271663,84.93284366024328,82.39341278350629,84.23854064941406,3488200,0.0,0.0,-,106.36706897735596,93.4166145324707,87.58307189941407,85.77266006469726,2967488.0
03/08/2022,81.29965804841329,84.40022459306785,80.31051771755308,81.66107177734375,3160200,0.0,0.0,-,106.52888454437256,93.86933609008788,87.9116756439209,85.72034912109375,2930848.0
03/07/2022,85.3513332493756,85.54155675911076,80.92873642195103,80.957275390625,4641900,0.0,0.0,-,106.70236022949219,94.33156860351562,88.26786041259766,86.3271499633789,2891392.0
03/04/2022,88.15706292297934,88.48994496735672,84.52387763230828,85.06600189208984,4347900,0.0,0.0,-,106.87572025299072,94.78638214111328,88.69775466918945,87.12131423950196,2824446.0
03/03/2022,90.28751380585489,90.28751380585489,87.65298194712703,88.95597839355469,3266600,0.0,0.0,-,107.04109272003174,95.14989059448243,88.93267478942872,87.34101715087891,2767662.0
03/02/2022,90.5062819029131,92.8364637642572,89.47909667366307,90.3541030883789,5477000,0.0,0.0,-,107.18545757293701,95.38443084716796,89.1133819580078,87.54740524291992,2742278.0
03/01/2022,86.54970190410256,87.42470813788869,84.6094659576961,85.17061614990234,4002500,0.0,0.0,-,107.33987224578857,95.63304718017578,89.28172492980957,87.6605842590332,2703590.0
02/28/2022,86.73990568500122,87.47225327497114,85.80783616939932,86.92061614990234,3177700,0.0,0.0,-,107.53002262115479,96.0081593322754,89.67167434692382,88.10950164794922,2658856.0
02/25/2022,86.54969279614214,88.41383915484354,85.37984210734186,88.1950912475586,2525100,0.0,0.0,-,107.68895416259765,96.3397117614746,89.87996559143066,88.38341903686523,2628820.0
02/24/2022,82.47901284128528,86.34997170161903,81.93688863133183,86.20730590820312,4279900,0.0,0.0,-,107.83372470855713,96.66061172485351,89.98173294067382,88.74864196777344,2613910.0
02/23/2022,85.15158759589127,85.89344100017551,82.29830080631582,83.7154312133789,5274900,0.0,0.0,-,108.01217739105225,97.02278900146484,90.17765846252442,89.39348373413085,2561064.0
02/22/2022,88.75626547173975,90.83916772965726,87.4057110904233,87.72908020019531,3364800,0.0,0.0,-,108.21177520751954,97.49529357910156,90.58615417480469,90.10300216674804,2486394.0
02/18/2022,86.96819500033905,89.6027269532319,86.79699748040592,88.89891815185547,3260000,0.0,0.0,-,108.40074531555176,97.88124786376953,90.87195777893066,90.20857086181641,2442986.0
02/17/2022,89.764410099814,90.94377399951333,86.88259127228812,87.26303100585938,3101500,0.0,0.0,-,108.5654568862915,98.25521835327149,90.96516494750976,90.27419509887696,2423140.0
02/16/2022,91.09594871458827,91.80927051879269,89.83098964029088,91.01985931396484,2431600,0.0,0.0,-,108.73674301147462,98.66133590698242,91.23527641296387,90.52433242797852,2404456.0
02/15/2022,90.92474304057272,91.86632570595664,90.29702368241144,91.48589324951172,2565200,0.0,0.0,-,108.90468044281006,98.98432800292969,91.39363327026368,90.6793586730957,2389770.0
02/14/2022,90.26849797365792,91.01035147183164,88.76576499945328,89.6597900390625,2320400,0.0,0.0,-,109.07094875335693,99.24521362304688,91.53724784851075,90.90286560058594,2372848.0
02/11/2022,91.77122369157811,92.28481624945633,89.34593396726287,89.6597900390625,2187700,0.0,0.0,-,109.24073020935059,99.54964080810547,91.9176856994629,91.23384704589844,2374374.0
02/10/2022,89.70735501966738,93.21690082231471,89.70735501966738,91.84732055664062,2470000,0.0,0.0,-,109.41164451599121,99.74611343383789,92.41510887145996,91.37651214599609,2368516.0
02/09/2022,92.14213112158204,93.16931602197262,91.83778084623852,92.65572357177734,2827100,0.0,0.0,-,109.55906509399414,99.97890060424805,92.83691902160645,91.21482391357422,2380954.0
02/08/2022,89.21277456284571,91.44784788133072,88.58504795300833,90.81061553955078,2161600,0.0,0.0,-,109.70551181793213,100.24427947998046,93.28916549682617,90.96183319091797,2364870.0
02/07/2022,89.92608615191779,90.4396713576597,88.4233534581723,88.7847671508789,2512900,0.0,0.0,-,109.85183795928955,100.51525543212891,93.65248374938965,91.06930618286133,2362554.0
02/04/2022,88.93694696334917,90.23043749259487,87.59589875406287,89.55516052246094,3617800,0.0,0.0,-,110.01598731994629,100.93109802246094,94.20602149963379,91.53534469604492,2343236.0
02/03/2022,92.27529621732717,92.52258311660496,89.67880917190418,89.764404296875,3057100,0.0,0.0,-,110.17165889739991,101.33001510620117,94.93265876770019,91.65613479614258,2325372.0
02/02/2022,94.13943070677632,94.54840203997593,91.89484486730152,92.57012176513672,2966300,0.0,0.0,-,110.32406566619873,101.64392364501953,95.6592960357666,91.94622039794922,2325836.0
02/01/2022,93.4546569139254,94.2916184406446,92.75084093616684,93.72096252441406,3762500,0.0,0.0,-,110.45106784820557,101.93226379394531,96.41208915710449,92.10790786743163,2399808.0
01/31/2022,90.4587124296276,93.15982072929974,90.25898320377443,92.9696044921875,2891500,0.0,0.0,-,110.58425830841064,102.32546310424804,97.10734024047852,92.17163009643555,2423008.0
01/28/2022,89.73588675345326,91.14351172197884,88.02391867724572,91.08644104003906,4187700,0.0,0.0,-,110.73262874603272,102.67677185058594,97.89342079162597,92.60152435302734,2444756.0
01/27/2022,91.6665873009984,93.0361672270254,89.80244087739682,90.23043823242188,2214700,0.0,0.0,-,110.88644996643066,103.03728439331054,98.7731834411621,93.45370559692383,2404498.0
01/26/2022,92.5225739383294,94.46280973098554,89.402981695492,90.12581634521484,3125200,0.0,0.0,-,111.03416645050049,103.42307525634766,99.65009346008301,94.45901412963867,2394838.0
01/25/2022,91.21958144901524,93.15981006557772,89.67880398215077,91.88534545898438,3139100,0.0,0.0,-,111.18014019012452,103.8119075012207,100.47754783630371,95.61649780273437,2358364.0
01/24/2022,89.02255583792491,93.63536851970792,88.39483645082032,93.44515228271484,4575900,0.0,0.0,-,111.32491607666016,104.16497985839844,101.22701148986816,96.23566131591797,2341572.0
01/21/2022,92.72231631282092,93.8541225001519,90.40164777534552,90.7630615234375,3086000,0.0,0.0,-,111.46293144226074,104.54756881713867,101.79338874816895,96.87669830322265,2274128.0
01/20/2022,94.5579388481938,95.92751906649514,92.39895466277945,92.6652603149414,2379800,0.0,0.0,-,111.61072257995606,104.99518295288085,102.44013328552246,98.20918273925781,2240964.0
01/19/2022,95.07151566152702,95.9940795579897,94.02531194886308,94.18699645996094,2118500,0.0,0.0,-,111.72993259429931,105.39242141723633,102.96894149780273,99.37237167358398,2221652.0
01/18/2022,96.0416279331355,96.20331242856426,93.95872644117637,94.35818481445312,4103200,0.0,0.0,-,111.84195873260498,105.77876663208008,103.29374122619629,100.71627044677734,2209214.0
01/14/2022,98.7427481897072,99.04709850159016,95.64217439870416,97.26854705810548,3552200,0.0,0.0,-,111.95067447662353,106.12260406494141,103.7150779724121,102.04305038452148,2149100.0
01/13/2022,100.56885488857748,101.13000511146694,99.34194059407425,99.6082534790039,1960700,0.0,0.0,-,112.03317905426026,106.40330169677735,104.04796180725097,103.18531723022461,2105192.0
01/12/2022,102.3473992942146,103.35555832000176,99.44655477775429,100.28352355957033,2260900,0.0,0.0,-,112.10115291595459,106.58427139282226,104.24246101379394,104.0926612854004,2099310.0
01/11/2022,97.92480237284812,101.83380588003304,97.58240737540976,101.70065307617188,2645100,0.0,0.0,-,112.16796894073487,106.74168014526367,104.44028930664062,104.84117279052734,2083748.0
01/10/2022,99.21829240489213,99.31340051335086,96.00359189877244,98.07698059082033,4096400,0.0,0.0,-,112.22604721069337,106.85537826538086,104.57106513977051,105.33859786987304,2069392.0
01/07/2022,103.35555415389074,103.35555415389074,99.76992703722638,99.85552215576172,2999200,0.0,0.0,-,112.31324230194092,107.03718627929688,105.03424911499023,106.21836166381836,2053494.0
01/06/2022,105.00095679866466,105.21019899387684,103.00365746885656,104.08790588378906,1844400,0.0,0.0,-,112.3756371307373,107.1395964050293,105.39281272888184,106.71007919311523,2028690.0
01/05/2022,107.78766885835958,108.2061459988366,104.24007898646428,104.29714965820312,2345100,0.0,0.0,-,112.40030170440674,107.21807174682617,105.56828956604004,106.67108383178712,2032930.0
01/04/2022,108.24419054187612,109.05262762652973,107.2835891870794,107.62598419189452,2273300,0.0,0.0,-,112.42958450317383,107.2783218383789,105.7318775177002,106.56551132202148,2019808.0
01/03/2022,107.71157931495644,109.58523885344938,107.37869729813164,107.62598419189452,1793200,0.0,0.0,-,112.46101013183593,107.22020034790039,105.70905151367188,105.87121200561523,1988710.0
12/31/2021,108.6817025263701,109.4711136994604,108.20615467601944,108.69121551513672,1134800,0.0,0.0,-,112.49550369262695,107.16814971923829,105.5542610168457,105.38710556030273,1968882.0
12/30/2021,107.86375846787791,109.30942062717187,107.85424547985494,108.68169403076172,860100,0.0,0.0,-,112.53345100402832,107.06595581054688,105.36375770568847,104.91060638427734,1971380.0
12/29/2021,106.74146089194237,108.42489688769714,106.74146089194237,107.76863861083984,1399300,0.0,0.0,-,112.57385326385499,106.95389694213867,104.90384407043457,104.3922607421875,1977256.0
12/28/2021,106.49419335331092,107.85426057966124,106.3705462605524,106.6749038696289,1139700,0.0,0.0,-,112.6174520111084,106.87603637695312,104.68974609375,104.0394058227539,1976332.0
12/27/2021,105.21020117816416,107.59744598437942,104.98193300249342,106.87461853027344,1656200,0.0,0.0,-,112.67539360046386,106.80506240844727,104.65223426818848,103.80353240966797,1981200.0
12/23/2021,104.14497085371924,105.40041678745791,103.53627023471162,104.77269744873048,1187400,0.0,0.0,-,112.71848243713379,106.71927947998047,104.52647399902344,103.8501365661621,1974962.0
12/22/2021,103.38408898050484,104.0879049501388,102.49956978085878,103.6979522705078,1294600,0.0,0.0,-,112.76383953094482,106.64707611083985,104.76668395996094,104.07554626464844,1977616.0
12/21/2021,101.54846839109769,103.34604565125112,100.72101990897896,103.24142456054688,1508700,0.0,0.0,-,112.81786693572998,106.58801925659179,105.05683708190918,104.46549530029297,1974974.0
12/20/2021,101.56751031596755,101.56751031596755,98.55253869909647,100.68299102783205,1997400,0.0,0.0,-,112.89023582458496,106.52557098388672,105.16775741577149,104.8982437133789,1973540.0
12/17/2021,103.5077545568905,104.70613000449056,101.86235567938188,102.78491973876952,3542600,0.0,0.0,-,112.95368663787842,106.5584977722168,105.48296432495117,105.54689102172851,1964582.0
12/16/2021,105.7713517314965,106.07570206468472,103.5933417117526,103.9262237548828,1765800,0.0,0.0,-,112.97253211975098,106.55014511108398,106.01276473999023,105.72141647338867,1929016.0
12/15/2021,103.53628231002384,104.32569351171496,100.93028202744505,103.49823760986328,1675900,0.0,0.0,-,112.98044372558594,106.48045120239257,106.3432056427002,105.81690902709961,1958414.0
12/14/2021,103.66943343600298,106.39908076350694,103.48872292726864,104.2400894165039,1779600,0.0,0.0,-,112.98592712402343,106.46561080932617,106.6238971710205,105.41542739868164,1981666.0
12/13/2021,106.8651063357498,107.43576226659654,103.73600081979494,104.31616973876952,1637600,0.0,0.0,-,113.01873596191406,106.47179214477539,106.88789176940918,105.3400863647461,1977618.0
12/10/2021,107.73060555463384,108.234692365337,106.20885390272268,107.34066009521484,1541400,0.0,0.0,-,113.0649627685547,106.49314727783204,107.15045471191407,105.50093612670898,1997552.0
12/09/2021,107.01728144514756,108.0920241947581,106.5036961695998,107.02679443359376,1194400,0.0,0.0,-,113.07755935668945,106.41151382446289,107.26036987304687,105.20281143188477,2030900.0
12/08/2021,108.35832200954586,108.84338279735584,106.72243641637,107.59744262695312,2267700,0.0,0.0,-,113.10175621032715,106.45227127075195,107.53776016235352,105.45782165527343,2026704.0
12/07/2021,105.0675299272297,108.60560664730409,104.83926901969429,107.56890869140624,2167300,0.0,0.0,-,113.14589321136475,106.47364685058594,107.8150764465332,105.64817886352539,2008954.0
12/06/2021,106.27543182843844,108.55806296704516,105.89499209595658,107.16946411132812,1697300,0.285,0.0,-,113.1743964767456,106.53448715209962,108.06299018859863,105.43727111816406,1990300.0
12/03/2021,105.0803774827363,105.61161841737058,103.1641364770491,104.5301742553711,1719100,0.0,0.0,-,113.21073665618897,106.5917430114746,108.37972984313964,105.41903762817383,1978342.0
12/02/2021,100.83047847716688,105.82030374406608,100.83047847716688,104.8811492919922,2396700,0.0,0.0,-,113.24826427459716,106.6936264038086,108.73072395324706,106.30411300659179,1968808.0
12/01/2021,105.27958561575842,106.19975609921454,99.40752873812572,99.4834213256836,1894800,0.0,0.0,-,113.28997089385986,106.76249755859375,109.05183792114258,106.86950225830078,1941600.0
11/30/2021,105.19422646378676,105.28908859915175,101.1530358070874,103.48667907714844,3091900,0.0,0.0,-,113.35518115997314,106.93249328613281,109.5105037689209,107.83236694335938,1934942.0
11/29/2021,106.33257376763076,107.01559264009474,104.6250338239869,105.92466735839844,2022900,0.0,0.0,-,113.40254150390625,107.00914276123046,109.74386787414551,108.43569717407226,1900206.0
11/26/2021,106.4369203639386,106.64562137146848,103.65741753300564,104.35941314697266,2045800,0.0,0.0,-,113.43375606536866,107.06530181884766,109.81691246032715,108.79997329711914,1915654.0
11/24/2021,108.25829380478002,109.64330086784972,107.47092454503372,109.57689666748048,1547000,0.0,0.0,-,113.48593597412109,107.13436264038086,109.95731086730957,109.31792831420898,1915362.0
11/23/2021,104.90961434375824,109.85201250977508,104.63451637090436,109.50101470947266,2724600,0.0,0.0,-,113.50449363708496,107.08503356933593,109.72726745605469,109.6176986694336,1915520.0
11/22/2021,107.95474781298688,108.53341618109158,104.1507165499173,105.45983123779295,3080300,0.0,0.0,-,113.52234741210937,107.02792556762695,109.65280036926269,109.98197402954102,1894438.0
11/19/2021,109.1689941373745,110.83858769786691,105.22266629435804,106.98712921142578,6664900,0.0,0.0,-,113.5632799911499,107.07308044433594,109.74529151916504,110.6887092590332,1859434.0
11/18/2021,111.20855880194554,113.81730680116038,109.77611696496322,113.38092803955078,4922500,0.0,0.0,-,113.58743980407715,107.0736491394043,109.63193054199219,111.34042205810547,1752186.0
11/17/2021,113.6275965877246,117.02371453719906,109.95638062133864,110.53504180908205,3978900,0.0,0.0,-,113.57977188110351,106.97404266357422,109.2140567779541,111.15733489990234,1680542.0
11/16/2021,109.94687217184656,110.28838158139796,108.41007982886522,109.11206817626952,2174800,0.0,0.0,-,113.58134143829346,106.93097427368164,108.86638069152832,111.23417358398437,1640764.0
11/15/2021,110.94293483961668,111.91054724225611,109.12155615378606,109.51998138427734,1731700,0.0,0.0,-,113.58338565826416,106.9214877319336,108.56471481323243,111.18864059448242,1639882.0
11/12/2021,110.07020437590438,110.51606433422532,108.78954756717415,109.5674285888672,1301500,0.0,0.0,-,113.56516506195068,106.9201596069336,108.28249626159668,111.05203857421876,1630120.0
11/11/2021,110.7532158323777,111.578531480917,109.36820860567386,109.5389633178711,2299500,0.0,0.0,-,113.54143272399902,106.94245193481446,107.96043510437012,110.83385162353515,1630722.0
11/10/2021,113.24813071879248,114.24420112921624,112.47973809433292,112.57460021972656,1203700,0.0,0.0,-,113.52961620330811,106.97610214233399,107.61276054382324,110.59669342041016,1614974.0
11/09/2021,112.58407676332448,113.86473341524557,112.36588738410096,113.14376831054688,1427800,0.0,0.0,-,113.47483619689942,106.96550567626953,107.04215698242187,109.83683624267579,1630108.0
11/08/2021,113.78886367234011,113.94064887749268,111.41727412320826,112.52718353271484,1414200,0.0,0.0,-,113.43496459960937,106.94504028320313,106.4222240447998,109.32362670898438,1627674.0
11/05/2021,112.29948587117562,114.40545817648535,112.29948587117562,113.50425720214844,1496600,0.0,0.0,-,113.4070295715332,106.94466598510742,105.80181541442872,108.80187377929687,1642004.0
11/04/2021,111.4551943452543,112.24256362833472,110.89550281662872,111.55005645751952,1097500,0.0,0.0,-,113.37322021484376,106.9315641784668,105.24306907653809,107.9234390258789,1660078.0
11/03/2021,108.58084157972412,111.41726030212924,108.58084157972412,111.30342864990234,1356800,0.0,0.0,-,113.3588830947876,107.04706863403321,104.78393058776855,107.27077865600586,1671790.0
11/02/2021,109.0456751702579,110.03225720611847,107.28121211886518,108.65673828125,1666600,0.0,0.0,-,113.34422512054444,107.16390899658204,104.24083557128907,106.49858779907227,1692528.0
11/01/2021,107.24327175289731,109.22591694685056,106.8258697173214,108.15396118164062,1482800,0.0,0.0,-,113.33771446228027,107.34617446899414,103.94580955505371,105.94078903198242,1693768.0
10/29/2021,107.16737692254272,107.66066430542136,106.5507622658074,107.38555908203124,1927300,0.0,0.0,-,113.34779861450195,107.51332382202149,103.76556930541992,105.51295394897461,1762408.0
10/28/2021,105.74442766890908,107.86936971152112,105.13730137101992,107.1673812866211,3301500,0.0,0.0,-,113.36219577789306,107.76132690429688,103.66548767089844,105.08701858520507,1775742.0
10/27/2021,108.01165974129296,108.22036075012726,104.8811590838102,104.9760284423828,1759000,0.0,0.0,-,113.38752635955811,107.96580947875977,103.47006797790527,104.62882766723632,1760246.0
10/26/2021,107.55632460425431,108.62828769231578,106.92074035404244,108.0116729736328,2056400,0.0,0.0,-,113.43323246002197,108.15185104370117,103.67449989318848,104.24747772216797,1761852.0
10/25/2021,105.29854429779998,107.4329742497824,105.13727799398706,107.30965423583984,1689000,0.0,0.0,-,113.46239467620849,108.353642578125,103.70722732543945,103.52082138061523,1743396.0
10/22/2021,105.27960857637946,105.30806649354123,104.19815706161276,104.71990966796876,718400,0.0,0.0,-,113.5023193359375,108.56682479858398,103.87229080200196,102.80175704956055,1735790.0
10/21/2021,103.92303915974952,105.1183148770228,103.92303915974952,105.02345275878906,801800,0.0,0.0,-,113.55335613250732,108.84637542724609,104.13790817260742,102.56269912719726,1742938.0
10/20/2021,103.2305223145803,105.05190086980087,103.09771391394015,103.5815200805664,1259700,0.0,0.0,-,113.60414669036865,109.15430084228515,104.36795272827149,102.29708251953124,1755628.0
10/19/2021,104.28351467104224,104.28351467104224,102.53802135543708,103.07875061035156,1153900,0.0,0.0,-,113.63803493499756,109.46248641967773,104.60511207580566,101.98308334350585,1763142.0
10/18/2021,102.51906099537022,104.09379974959342,101.5609369007828,103.8756103515625,1353100,0.0,0.0,-,113.67396614074707,109.69972183227539,104.85033493041992,101.950830078125,1761670.0
10/15/2021,103.54360754672408,104.09381809305071,102.68983380889262,103.12620544433594,1383100,0.0,0.0,-,113.73294483184814,109.95187042236329,105.02251205444335,102.01818466186523,1762888.0
10/14/2021,100.28977526894256,103.24951425428088,100.20439428570268,102.5854721069336,1344300,0.0,0.0,-,113.79416355133057,110.17320510864258,105.30283279418946,102.2439567565918,1761336.0
10/13/2021,101.67479323199592,102.09219533242673,100.66924152188612,101.16252899169922,1320100,0.0,0.0,-,113.85323524475098,110.36806900024413,105.56418190002441,102.31130828857422,1763746.0
10/12/2021,100.631277904858,101.65580620918166,100.3466842967072,100.74510955810548,1162500,0.0,0.0,-,113.92488452911377,110.65384902954102,105.86157760620117,103.10152206420898,1760500.0
10/11/2021,102.14909070939132,102.84159794299303,100.0810646294434,100.11901092529295,1437000,0.0,0.0,-,113.97695785522461,110.92924026489258,106.15660285949707,103.89363327026368,1755386.0
10/08/2021,102.78467150454344,103.33488192001684,101.73168535122956,102.32933044433594,1549500,0.0,0.0,-,114.03272686004638,111.24895004272462,106.53653106689453,104.94282455444336,1750602.0
10/07/2021,101.84553412754988,103.8945835725442,101.5419709787538,102.3672866821289,1764300,0.0,0.0,-,114.07085109710694,111.52237167358399,106.77084274291992,105.71311721801757,1742932.0
10/06/2021,102.13958680457942,102.39572245326178,99.53083907086202,100.4415283203125,3235700,0.0,0.0,-,114.10902103424073,111.76853729248047,107.07250862121582,106.43882293701172,1730108.0
10/05/2021,104.26455247163186,104.83373243981946,102.56649371298576,102.75621795654295,2838500,0.0,0.0,-,114.16091690063476,112.06173461914062,107.46951332092286,107.22714080810547,1708404.0
10/04/2021,105.28909099416713,106.66461731955852,104.20764670386885,104.54915618896484,1577200,0.0,0.0,-,114.19667121887207,112.3230224609375,107.76358947753906,107.74983978271484,1675550.0
10/01/2021,103.94200344958274,106.4179429695259,103.38231191395188,105.38392639160156,2634300,0.0,0.0,-,114.20810836791992,112.53501373291016,108.0088104248047,108.02683944702149,1663248.0
09/30/2021,107.57528246120258,108.2772708046289,102.89850849094763,103.2589874267578,3208800,0.0,0.0,-,114.21377048492431,112.72122482299805,108.27371635437012,108.36170883178711,1631074.0
09/29/2021,109.44412254221484,110.53504799886144,108.5998371998877,109.06466674804688,984600,0.0,0.0,-,114.21809543609619,112.95845153808594,108.67184066772461,108.8170555114746,1603508.0
09/28/2021,109.76663525994044,110.2599298737202,107.55631235640588,108.66622161865234,1380200,0.0,0.0,-,114.20408226013184,113.02164962768555,108.82084617614746,108.62163314819335,1623508.0
09/27/2021,109.8045848506788,112.53665312525898,109.8045848506788,110.61092376708984,1234600,0.0,0.0,-,114.19441596984863,113.03509094238281,108.99356002807617,108.41957244873046,1638032.0
09/24/2021,108.88440870710266,110.24095810016752,108.73263075272985,110.03225708007812,1099400,0.0,0.0,-,114.17728672027587,113.08439788818359,109.08843727111817,108.1302375793457,1657294.0
09/23/2021,108.36266383753478,111.43624161069587,108.36266383753478,109.62434387207033,1242400,0.0,0.0,-,114.16149673461913,113.22495834350586,109.22928276062012,107.82856826782226,1665032.0
09/22/2021,109.20693847396176,109.84252262152944,108.21086814791067,108.32470703125,1036300,0.0,0.0,-,114.14835849761963,113.39619995117188,109.6143295288086,107.70619430541993,1665994.0
09/21/2021,108.18242033894704,109.49153505077908,107.59426357637632,107.98320770263672,1561900,0.0,0.0,-,114.14944179534912,113.55141754150391,110.05536651611328,107.71188583374024,1668812.0
09/20/2021,107.51836545810976,108.58084003471106,105.88671815344068,107.31915283203124,1355100,0.0,0.0,-,114.14196620941162,113.74052978515626,110.54470672607422,107.77733917236328,1659158.0
09/17/2021,108.33418776783184,109.83303382398869,107.96422044527,108.7326202392578,2795300,0.0,0.0,-,114.13084102630616,113.95560348510742,111.00432052612305,107.99078140258788,1660312.0
09/16/2021,107.41402894641789,108.37214584102765,107.14840485742486,107.8124542236328,2031200,0.0,0.0,-,114.11246006011963,114.08373580932617,111.55697517395019,108.18572387695312,1637272.0
09/15/2021,106.1712887124354,107.23376313087294,105.71594770275848,107.11044311523438,1554900,0.0,0.0,-,114.07974822998047,114.27607376098632,112.03592796325684,108.52662582397461,1628280.0
09/14/2021,108.60929006719785,108.6567247431865,106.35153989793696,106.64561462402344,1670500,0.0,0.0,-,114.06005947113037,114.52844360351563,112.39431114196778,109.02005920410156,1646106.0
09/13/2021,108.04010770263072,108.68518019892306,107.18633421672686,107.7175750732422,1330100,0.0,0.0,-,114.04919372558594,114.78499984741211,112.96709289550782,109.56754760742187,1637104.0
09/10/2021,108.85591907390604,109.12153584479871,106.93967862852742,107.01556396484376,1302500,0.0,0.0,-,114.04469459533692,114.9962693786621,113.47965240478516,110.04663696289063,1640488.0
09/09/2021,108.4954736133051,110.1366094120358,108.28677258976327,108.40060424804688,1340300,0.0,0.0,-,114.01907558441162,115.2028416442871,114.06374626159668,110.62999725341797,1650288.0
09/08/2021,108.84645175345494,108.9887485475416,107.34761293662032,108.38162231445312,1990000,0.0,0.0,-,113.99034595489502,115.34688858032227,114.66470222473144,111.52246475219727,1648480.0
09/07/2021,108.941304178405,109.21640935916037,107.87883698378012,108.6377410888672,2130700,0.0,0.0,-,113.96740947723389,115.48412322998047,115.19516105651856,112.39884719848632,1634102.0
09/03/2021,109.95635809195016,110.57296545439804,109.2828204333262,109.45357513427734,1243600,0.285,0.0,-,113.9483727645874,115.65011383056641,115.51030006408692,113.31207427978515,1654362.0
09/02/2021,111.05111073467371,111.40125318475545,110.43599874177494,110.68204498291016,1331600,0.0,0.0,-,113.92130100250245,115.792216796875,115.8617733001709,114.0178596496582,1662542.0
09/01/2021,112.26242879146892,112.37599028607276,110.39817632258035,111.22147369384766,1512100,0.0,0.0,-,113.88987636566162,115.86640869140625,116.03731803894043,114.92822647094727,1661740.0
08/31/2021,111.95014594876326,112.30974651412976,111.22147233541212,112.0447769165039,1960400,0.0,0.0,-,113.84299224853515,115.92072769165038,116.09267768859863,115.54523010253907,1662928.0
08/30/2021,112.8207765702949,113.24661958853947,111.49592119592816,112.12049865722656,1306100,0.0,0.0,-,113.77541469573974,115.9398435974121,116.26301536560058,115.76856307983398,1669008.0
08/27/2021,112.80182678063244,113.80493520901558,111.85550270623158,112.50846862792967,2130700,0.0,0.0,-,113.70543346405029,115.87889999389648,116.38272399902344,116.36663818359375,1725856.0
08/26/2021,116.1707670108798,116.27486325602342,112.05425796525424,112.8491668701172,2400300,0.0,0.0,-,113.6581894683838,115.86640853881836,116.56252555847168,116.91266784667968,1757930.0
08/25/2021,116.82372133768848,117.703803145559,115.54618509268435,117.32527923583984,1683100,0.0,0.0,-,113.6017070388794,115.86129837036133,116.72008781433105,117.49749526977538,1758226.0
08/24/2021,118.24317884380568,118.8866794413451,116.84262339143572,117.14544677734376,2393700,0.0,0.0,-,113.45446395874023,115.76193405151368,116.58760223388671,117.80693969726562,1766922.0
08/23/2021,117.12651133136433,118.97184735344922,116.7669108319258,117.77001190185548,1728600,0.0,0.0,-,113.31584354400634,115.67544052124023,116.48539962768555,117.99147491455078,1756172.0
08/20/2021,115.3379817200582,116.93727180117364,112.53686317731292,116.5114288330078,4914800,0.0,0.0,-,113.16119659423828,115.59273239135742,116.3879295349121,117.70852584838867,1790726.0
08/19/2021,116.43572482286494,120.05068280384988,115.9152436499968,119.78571319580078,2594000,0.0,0.0,-,113.0102053451538,115.49526092529297,116.31979408264161,117.7056869506836,1786582.0
08/18/2021,114.35380323014444,118.94348098944867,113.42640963539434,117.39151000976562,2526700,0.0,0.0,-,112.82847915649414,115.37242782592773,116.06523246765137,117.14640960693359,1769414.0
08/17/2021,116.9940523866896,117.39151401789032,113.66299454628754,114.27810668945312,1839300,0.0,0.0,-,112.6426180267334,115.30088562011719,115.9516731262207,116.6401252746582,1754858.0
08/16/2021,117.94983437440128,118.20534592264502,116.1234285861088,118.10124969482422,1133600,0.0,0.0,-,112.4808948135376,115.27173889160156,115.84899635314942,116.7574676513672,1759644.0
08/13/2021,118.71635494104532,118.96240122754226,117.56184560876255,117.96876525878906,1308700,0.0,0.0,-,112.29200290679931,115.16546646118164,115.41084823608398,116.39880981445313,1778358.0
08/12/2021,120.20209306797618,120.50491651401258,117.82682459620464,118.69744110107422,1075800,0.0,0.0,-,112.13283012390137,115.06203262329102,115.16622352600098,116.21238327026367,1799816.0
08/11/2021,119.40715716569456,120.4954311600621,118.66902563452248,120.4197235107422,1436300,0.0,0.0,-,111.97090881347657,114.97253601074219,115.08436546325683,115.94268035888672,1820130.0
08/10/2021,115.26228663505408,119.61537636707688,114.86482499709284,118.99079895019533,1635400,0.0,0.0,-,111.81822467803956,114.88597900390624,114.97270050048829,115.3682647705078,1831056.0
08/09/2021,115.95308771131144,116.20859925459877,114.24024344656192,114.94052124023438,1080300,0.0,0.0,-,111.66199481964111,114.89257431030273,114.82743988037109,114.97932434082031,1839246.0
08/06/2021,114.51469104857668,116.5587475231318,114.3727409775941,116.48303985595705,1414000,0.0,0.0,-,111.52135402679443,114.96639190673828,114.95235481262208,115.06733322143555,1908632.0
08/05/2021,113.1709078870496,114.81751719735897,112.7734534548566,114.19293975830078,1305500,0.0,0.0,-,111.3730477142334,115.01842208862304,115.0318447113037,114.93390121459962,1918664.0
08/04/2021,115.12979234919926,115.24334661936912,112.25296624685842,112.32866668701172,1464800,0.0,0.0,-,111.23044651031495,115.07339385986329,115.07915954589843,114.98405532836914,1946072.0
08/03/2021,115.091929928048,115.5177728491573,112.71665461594144,115.45153045654295,1157800,0.0,0.0,-,111.11675762176513,115.15885360717773,115.33419380187988,115.2632209777832,1966646.0
08/02/2021,116.73853132179266,117.0224314148616,114.24023649435144,114.5146713256836,906800,0.0,0.0,-,110.99249351501464,115.17694717407227,115.54806404113769,114.94052505493164,2017186.0
07/30/2021,115.4988530034654,118.60279472725956,115.1392452443247,116.10449981689452,1197800,0.0,0.0,-,110.87338459014893,115.19923934936523,115.7960018157959,114.42288665771484,2074168.0
07/29/2021,114.836430146721,117.3063366695254,114.836430146721,116.00041198730467,1166000,0.0,0.0,-,110.75268417358399,115.2399592590332,115.90482940673829,114.12006378173828,2129136.0
07/28/2021,115.07302206089264,115.96256912532172,114.2781131930136,114.67556762695312,1123100,0.0,0.0,-,110.63721347808838,115.2765299987793,115.97201766967774,114.22605056762696,2177610.0
07/27/2021,115.7827491425616,116.6439075164304,114.3821935545698,115.10139465332033,2150500,0.0,0.0,-,110.52728393554688,115.40775939941406,116.01838684082031,114.57713623046875,2204870.0
07/26/2021,115.00677071451392,115.87738718399824,114.06044658162745,115.82061004638672,1195800,0.0,0.0,-,110.4126350402832,115.56974533081055,116.02548484802246,114.67555541992188,2191732.0
07/23/2021,115.49886231290964,116.03826677521828,114.48629578822916,115.14871978759766,962100,0.0,0.0,-,110.29099925994873,115.62747161865235,116.08131790161133,114.83737640380859,2193730.0
07/22/2021,115.1771082206138,115.20549678914188,113.89010683488668,114.6944808959961,1025600,0.0,0.0,-,110.16094970703125,115.66748123168945,116.1518180847168,115.12978820800781,2213892.0
07/21/2021,112.57470915296922,115.32851562924044,112.57470915296922,115.12032318115234,1830500,0.0,0.0,-,110.04466213226318,115.81154846191406,116.13667602539063,115.17426376342773,2221698.0
07/20/2021,109.4329180290746,112.9248562583102,108.3446438732544,112.22457122802734,1984600,0.0,0.0,-,109.92219524383545,115.98184188842774,116.07753105163575,115.40516662597656,2209642.0
07/19/2021,111.2687893834268,111.53375897618088,108.25001319480708,109.33828735351562,2106400,0.0,0.0,-,109.80766120910644,116.2478125,116.11633110046387,116.15560302734374,2198712.0
07/16/2021,117.4199026751474,117.8457456561836,112.89647437751913,113.0762710571289,2197700,0.0,0.0,-,109.70044742584228,116.49787139892578,116.10308265686035,117.16911697387695,2189452.0
07/15/2021,116.7006793132625,117.58076095163533,116.10449777238262,117.0602798461914,1486300,0.0,0.0,-,109.56375930786133,116.66675109863282,116.04346389770508,117.68959503173828,2189430.0
07/14/2021,116.79532657921617,118.77314783616336,116.6344532041197,118.1864242553711,1290500,0.0,0.0,-,109.41294364929199,116.81769241333008,115.82013282775878,117.71798477172851,2196376.0
07/13/2021,117.30634561821542,117.62809959685764,115.89632459797772,116.08558654785156,1177200,0.0,0.0,-,109.23610572814941,116.9487550354004,115.52866477966309,117.45963745117187,2194212.0
07/12/2021,117.27794652031382,117.94037050529062,116.6249805780653,117.4388198852539,1079200,0.0,0.0,-,109.063885307312,117.09936492919923,115.3654239654541,117.37541427612305,2195730.0
07/09/2021,116.02878182137428,118.12015691574862,116.02878182137428,118.07283782958984,1412800,0.0,0.0,-,108.88989063262939,117.2274415588379,115.17521324157715,117.32525939941407,2198564.0
07/08/2021,116.69120719355564,116.69120719355564,113.71029244446216,115.13923645019533,1643300,0.0,0.0,-,108.72628875732421,117.29261352539062,114.85346412658691,117.17384796142578,2191116.0
07/07/2021,120.23047744134736,120.73202804935669,116.9088778937486,117.42935180664062,1581600,0.0,0.0,-,108.57641304016113,117.42873016357422,114.7787052154541,117.09908828735351,2188726.0
07/06/2021,119.83303148184127,119.95605824921684,117.92145976445931,119.72893524169922,2446200,0.0,0.0,-,108.42379917144775,117.48166000366211,114.59795761108398,116.74989547729493,2179252.0
07/02/2021,118.41354114612942,119.72893116876232,118.12018296291618,119.47342681884766,1220400,0.0,0.0,-,108.26726932525635,117.51937408447266,114.25254936218262,116.07705917358399,2149662.0
07/01/2021,117.34419276347126,118.6311941649191,117.34419276347126,118.2810516357422,1499300,0.0,0.0,-,108.1220951461792,117.54369506835937,113.91825942993164,115.03704833984375,2148150.0
06/30/2021,115.87737214256587,117.75109685921004,115.50830635623706,117.34417724609376,1792500,0.0,0.0,-,107.97299312591552,117.58298919677735,113.64406051635743,114.39733276367187,2143012.0
06/29/2021,115.6407976588464,116.24644448182843,115.25280854719207,115.60295104980467,1249900,0.0,0.0,-,107.82786895751953,117.59551681518555,113.48798217773438,113.92228088378906,2141622.0
06/28/2021,116.83317967147852,116.83317967147852,114.59038881803085,115.24335479736328,1271100,0.0,0.0,-,107.67473289489746,117.69063888549805,113.5124282836914,113.59769210815429,2142814.0
06/25/2021,117.42935648338997,118.33783399129634,116.46410905857452,116.93727111816406,3143700,0.0,0.0,-,107.52570220947266,117.83864562988282,113.71628875732422,113.35543365478516,2150914.0
06/24/2021,115.46099138191477,116.80476970726768,114.98782938961762,116.55872344970705,1652600,0.0,0.0,-,107.38119987487794,117.9369139099121,113.80099525451661,113.02516708374023,2125756.0
06/23/2021,113.55887720909573,115.03514030245267,113.22766526121164,114.39163970947266,1291500,0.0,0.0,-,107.23915538787841,118.00121414184571,113.92728652954102,112.53308029174805,2137962.0
06/22/2021,112.88700337172918,114.40112049602,112.1772602928541,113.93742370605467,1571500,0.0,0.0,-,107.10667484283448,118.09979263305664,114.05478096008301,112.45832214355468,2142292.0
06/21/2021,109.7546800242032,113.0762726508123,109.7546800242032,113.00057220458984,2264400,0.0,0.0,-,106.9786787033081,118.23785461425781,114.187992477417,112.44601974487304,2136030.0
06/18/2021,110.4549508098491,110.82401663360656,108.41088727530324,109.07331848144533,4148500,0.0,0.0,-,106.85899307250976,118.39880767822265,114.35577430725098,112.42803955078125,2115040.0
06/17/2021,112.66933935028078,112.90592036334276,110.3319177860476,111.88389587402344,3734400,0.0,0.0,-,106.74344985961915,118.62376708984375,114.6835723876953,112.79947052001953,2078778.0
06/16/2021,112.72614325997498,113.16145153314584,111.37289934168874,112.59365844726562,2415100,0.0,0.0,-,106.61295902252198,118.71623443603515,114.99640235900878,112.89078826904297,2039030.0
06/15/2021,112.97216818104054,113.3885530943782,111.5053701615754,112.35706329345705,2117900,0.0,0.0,-,106.49187015533447,118.79620574951171,115.25816688537597,113.05368347167969,2021790.0
06/14/2021,113.71977534965914,114.5525452515056,111.98800036182544,112.82077026367188,1856200,0.0,0.0,-,106.35797740936279,118.87109115600586,115.7021656036377,113.42716445922852,2004736.0
06/11/2021,112.7545236614105,113.64406345087964,111.92175379057096,113.63460540771484,3456300,0.0,0.0,-,106.21705680847168,118.8900650024414,116.22116165161133,114.07714385986328,1995030.0
06/10/2021,113.05734168356922,113.63459996369848,111.1268396480373,111.63785552978516,4707600,0.0,0.0,-,106.07861297607423,118.88143341064453,116.47477760314942,114.57682342529297,1959412.0
06/09/2021,114.39165513637226,114.42950896693245,112.85861470802564,113.64405822753906,1735600,0.0,0.0,-,105.94101680755615,118.92161087036133,116.7503448486328,115.32149276733398,1892020.0
06/08/2021,113.9090379079602,114.5998504783974,113.2939257806684,113.81439971923828,1798900,0.0,0.0,-,105.78354698181153,118.91505584716796,117.16303405761718,115.65123977661133,1886992.0
06/07/2021,112.66935492883414,113.29393235521896,111.75141931605188,112.82077026367188,2078600,0.285,0.0,-,105.62635566711425,118.94908782958984,117.65406379699706,115.92996520996094,1891154.0
06/04/2021,113.69393116772108,113.9960321656854,111.56033881810411,112.78762817382812,2069300,0.0,0.0,-,105.48731876373292,118.93936218261719,118.2891803741455,116.2835090637207,1885008.0
06/03/2021,113.27854211372788,114.1093252785975,111.23936213278336,112.7970733642578,2381600,0.0,0.0,-,105.36747341156006,118.86402603149413,118.74186058044434,116.56767425537109,1884074.0
06/02/2021,115.92193315370908,116.21459148091148,113.89218861991138,114.2226104736328,2091500,0.0,0.0,-,105.26090827941894,118.8111587524414,119.17801971435547,117.10201644897461,1877900.0
06/01/2021,118.98071471520154,120.01918655447967,115.619839859941,116.09187316894533,1982600,0.0,0.0,-,105.13275775909423,118.80492874145507,119.69725646972657,117.46265029907227,1871640.0
05/28/2021,119.85868188651295,120.07582035052,117.76285310564722,119.32056427001952,2044900,0.0,0.0,-,104.99059871673585,118.77358520507812,120.12964057922363,117.97716674804687,1985738.0
05/27/2021,118.99014374272902,119.2167176883054,117.08312535971469,118.63140106201172,4549600,0.0,0.0,-,104.83700553894043,118.71278747558594,120.3444164276123,118.36517944335938,1989008.0
05/26/2021,117.34747002972642,119.17895416062846,117.07368987761116,119.08454895019533,1915600,0.0,0.0,-,104.68464477539062,118.67540237426758,120.6049789428711,118.37273178100585,1933738.0
05/25/2021,117.5740511919602,117.5740511919602,115.43101605004368,116.9415283203125,2675900,0.0,0.0,-,104.52488502502442,118.62347915649414,120.71732330322266,118.17919692993163,1934918.0
05/24/2021,116.9698394071675,117.62124038665766,116.11073544505308,116.60165405273438,2493500,0.0,0.0,-,104.36138271331787,118.64991302490235,120.96750030517578,118.67482833862304,1934342.0
05/21/2021,117.76286602277229,118.68805446273424,114.97787242542724,116.35620880126952,3684800,0.0,0.0,-,104.18794761657715,118.62772766113281,121.14120979309082,119.3781623840332,1943906.0
05/20/2021,117.65901751387383,118.87686428959287,114.81738223985268,115.62928009033205,3755900,0.0,0.0,-,104.02379280090332,118.57748580932618,121.40413131713868,120.29485168457032,1918710.0
05/19/2021,116.23348391240148,118.49923802005092,113.75058411207304,118.14049530029295,3946200,0.0,0.0,-,103.86185974121094,118.55496887207032,121.65714111328126,120.91604690551758,1919710.0
05/18/2021,121.39751953788306,121.91675904424572,117.2247469322909,117.82894897460938,3589700,0.0,0.0,-,103.68501598358154,118.54646301269531,121.76240425109863,121.25402297973633,1934672.0
05/17/2021,121.92620228080816,122.49264803384166,120.41570428157532,121.2370376586914,2486100,0.0,0.0,-,103.51815971374512,118.4573471069336,121.76948471069336,121.93186264038086,1937864.0
05/14/2021,119.57547893868116,123.88985580722694,119.23561438668064,123.20069122314452,1493600,0.0,0.0,-,103.33087215423583,118.16368667602539,121.72558555603027,122.2821144104004,1963932.0
05/13/2021,117.89502663980907,120.06638255766973,117.06425067955551,118.70692443847656,1295700,0.0,0.0,-,103.13131752014161,117.80984375,121.69773559570312,122.32365341186524,2022646.0
05/12/2021,120.58560888863826,121.24644530929436,116.60164738127597,117.14920043945312,1970200,0.0,0.0,-,102.94222282409667,117.52760360717774,121.85492362976075,122.83722610473633,2124232.0
05/11/2021,122.89855043259658,122.89855043259658,119.2733391086983,121.89784240722656,1415900,0.0,0.0,-,102.75733764648437,117.40065673828126,121.98615036010742,123.25544967651368,2130004.0
05/10/2021,126.12733028343966,126.7126470899302,123.55001754676782,123.63499450683594,1227700,0.0,0.0,-,102.55360702514649,117.23393051147461,121.85728645324707,123.26017227172852,2142450.0
05/07/2021,121.36920011245594,125.86296635975287,121.18982515313098,125.52310180664062,1438100,0.0,0.0,-,102.34863147735595,116.95843017578125,121.71756286621094,122.90425720214844,2153780.0
05/06/2021,122.02060725748976,122.53984676518,120.56674383861366,121.84123229980467,1643400,0.0,0.0,-,102.13911304473876,116.68529144287109,121.4938190460205,122.51341094970704,2169966.0
05/05/2021,124.80560383479596,125.54197464332678,121.18039148428828,121.52025604248048,2196600,0.0,0.0,-,101.93731372833253,116.57696365356445,121.41782188415527,122.39823532104492,2176202.0
05/04/2021,123.81431875354252,124.66398726759586,122.71921253468538,124.60734558105467,1833600,0.0,0.0,-,101.72901927947999,116.4119497680664,121.16717224121093,122.27078552246094,2189090.0
05/03/2021,123.96541364062374,125.72137852769302,123.59722815165678,124.73955535888672,1182300,0.0,0.0,-,101.50999870300294,116.20855285644531,120.76641616821288,121.60710678100585,2183770.0
04/30/2021,124.05979368621986,125.37204566626816,122.85138960698026,123.61608123779295,1253100,0.0,0.0,-,101.28452449798584,115.9544757080078,120.33450508117676,121.16905670166015,2195234.0
04/29/2021,121.84123475751528,123.92762831038766,121.614667989817,123.8426513671875,1220900,0.0,0.0,-,101.06042926788331,115.74660354614258,119.84217414855956,121.07181777954102,2206950.0
04/28/2021,121.36919248061456,122.34157986761888,120.84995300082775,121.33143615722656,1040400,0.0,0.0,-,100.81876556396485,115.52026000976562,119.31019287109375,120.87262115478515,2208490.0
04/27/2021,120.056935354993,122.46430781664236,119.77371972592915,121.945068359375,1523800,0.0,0.0,-,100.6115563583374,115.35280624389648,118.92595748901367,120.71685104370117,2209734.0
04/26/2021,121.40698129239836,121.81292305186004,119.37722927914685,120.07584381103516,1107900,0.0,0.0,-,100.41055660247802,115.15725646972656,118.49451942443848,120.45440063476562,2197072.0
04/23/2021,120.7932917272626,122.20939131235434,120.01915757551866,121.61463928222656,966700,0.0,0.0,-,100.20915454864502,115.05164749145507,118.26652717590332,120.53086853027344,2206100.0
04/22/2021,120.2552062223365,122.23774472930172,120.0286322450808,120.6894760131836,1144800,0.0,0.0,-,100.00618057250976,114.88512329101563,117.80251960754394,120.47422714233399,2211046.0
04/21/2021,118.14992918081629,120.62337891134446,117.53628448793836,120.24575805664062,1242400,0.0,0.0,-,99.80952785491944,114.73276916503906,117.21908683776856,120.43740844726562,2210214.0
04/20/2021,119.64156003517516,119.64156003517516,116.724390577524,117.9705581665039,1723000,0.0,0.0,-,99.63280090332032,114.60078094482422,116.71448440551758,120.06355895996094,2214194.0
04/19/2021,122.256630538799,122.72866386134262,120.09471705723035,120.35905456542967,1309500,0.0,0.0,-,99.46010326385498,114.47775161743164,116.5115119934082,119.92572555541992,2207514.0
04/16/2021,122.26605674402644,122.80418160545372,121.99228377605807,122.64369201660156,1676100,0.0,0.0,-,99.2689172744751,114.30751739501953,116.2197940826416,119.49995346069336,2215196.0
04/15/2021,120.99158104124405,122.38879560033024,120.68947280938036,121.8506851196289,1885800,0.0,0.0,-,99.05712482452392,114.07162261962891,115.90164337158203,118.61253051757812,2225354.0
04/14/2021,119.61323824646642,120.49122049391448,118.8296684234386,119.77373504638672,2262900,0.0,0.0,-,98.84929740905761,113.82502716064454,115.64721641540527,117.74776458740234,2220552.0
04/13/2021,120.82163374928383,120.82163374928383,117.81950199341102,119.32056427001952,1508000,0.0,0.0,-,98.64483772277832,113.54706970214843,115.4829490661621,117.13506393432617,2203536.0
04/12/2021,121.01989772194428,121.2936706929986,119.54714895292592,120.84052276611328,1258400,0.0,0.0,-,98.44509288787842,113.25707763671875,115.43008193969726,116.53463821411133,2221006.0
04/09/2021,120.12303692898826,121.37865448805564,119.11288591505168,121.04822540283205,1214900,0.0,0.0,-,98.25084018707275,112.98378036499024,115.1626750946045,116.0021858215332,2244756.0
04/08/2021,117.19643082334709,120.50066402697573,115.7236891860085,120.3212890625,2335400,0.0,0.0,-,98.07631729125977,112.59518783569337,114.80246963500977,115.13081207275391,2274446.0
04/07/2021,116.43173612655404,117.40412357730628,115.67647996147022,116.50726318359376,1747000,0.0,0.0,-,97.90175575256347,112.29215103149414,114.51157684326172,114.00076522827149,2252022.0
04/06/2021,115.86529601436592,117.29083138248444,115.36493467033544,116.59222412109376,1553100,0.0,0.0,-,97.75864997863769,112.10080932617187,114.57197380065918,113.36540985107422,2251242.0
04/05/2021,115.03453356686798,116.19573885387986,113.74116671198024,116.10133361816406,1265200,0.0,0.0,-,97.61073974609376,111.90381256103515,114.41102027893066,113.09729843139648,2251852.0
04/01/2021,114.56247503455306,114.8456978821794,112.81595334794044,113.76946258544922,1370900,0.0,0.0,-,97.48553417205811,111.75543853759766,113.93365440368652,112.93963470458985,2246748.0
03/31/2021,113.2030258178711,115.70479646518294,112.83483322928372,113.2030258178711,1675400,0.0,0.0,-,97.3764147567749,111.64748596191406,113.5206085205078,113.19075622558594,2267608.0
03/30/2021,112.2495140573306,114.85513974793778,112.15510884301167,113.646728515625,1338000,0.0,0.0,-,97.24050563812256,111.530517578125,113.09020309448242,113.5466682434082,2280104.0
03/29/2021,114.8551401571102,116.24291193811982,111.73971765489486,113.3163070678711,1484200,0.0,0.0,-,97.10779373168945,111.46099884033202,112.94795951843261,113.83083419799804,2281858.0
03/26/2021,112.83484574001326,115.63872491503103,112.49498836371932,115.51599884033205,2007000,0.0,0.0,-,96.98563457489014,111.39997253417968,112.9602207183838,114.32552566528321,2303656.0
03/25/2021,107.32149634193507,112.7876430731757,107.32149634193507,112.33448791503906,1771300,0.0,0.0,-,96.87917911529541,111.33432250976563,112.67741966247559,114.32316436767579,2289524.0
03/24/2021,110.2292247850817,112.5893914253767,108.94529355654866,109.02082061767578,2022600,0.0,0.0,-,96.79593063354493,111.36997772216797,112.65400352478028,114.47412719726563,2285722.0
03/23/2021,115.17614426695924,115.17614426695924,109.12467290188673,110.1537094116211,2072900,0.0,0.0,-,96.73476055145264,111.4664436340332,113.02420463562012,115.02238845825195,2282394.0
03/22/2021,115.44993630153402,115.6387467910442,112.17402316965706,113.9111099243164,1778500,0.0,0.0,-,96.6666072845459,111.56926116943359,113.17999725341797,115.77853775024414,2276038.0
03/19/2021,113.18412374776447,115.81806995251095,112.64600617062196,114.52469635009766,7687500,0.0,0.0,-,96.56309009552002,111.58958435058594,113.20631675720215,115.72474212646485,2269744.0
03/18/2021,116.1957152613142,118.22545982904124,115.3838174342234,116.28067779541016,2208400,0.0,0.0,-,96.46206203460693,111.60272171020507,113.08186683654785,114.9276741027832,2147560.0
03/17/2021,115.9596909048349,117.47019587708492,115.42157328338784,116.76214599609376,1786100,0.0,0.0,-,96.34599063873291,111.48429153442383,112.9289566040039,113.85046081542968,2143276.0
03/16/2021,117.25307977398867,117.25307977398867,114.83627135744662,116.48838806152344,1974600,0.0,0.0,-,96.21992992401123,111.35434844970703,112.71712303161621,112.63373794555665,2153866.0
03/15/2021,115.76145097206478,119.0656841259294,115.44046457745075,118.26322174072266,2647100,0.285,0.0,-,96.0941077041626,111.33800765991211,112.54064102172852,112.0650848388672,2131358.0
03/12/2021,114.21143894085117,115.7561089627388,113.26014589054574,115.4923858642578,2971700,0.0,0.0,-,95.96558059692383,111.28014221191407,112.23585891723633,111.59491577148438,2094150.0
03/11/2021,114.84249862594302,116.50019601301608,113.68399244637276,113.8441162109375,2425000,0.0,0.0,-,95.84252487182617,111.25829071044922,112.20100936889648,111.03167495727538,2055798.0
03/10/2021,118.054289195056,118.87372081182907,114.32447516290765,114.50343322753906,3805900,0.0,0.0,-,95.71880996704101,111.29125610351562,112.1732250213623,110.83387985229493,2039254.0
03/09/2021,115.02144699890484,119.69313270950197,114.1266640090771,117.71520233154295,4694300,0.0,0.0,-,95.58840763092041,111.22438293457031,112.10164184570313,111.02602081298828,1975310.0
03/08/2021,107.9950645531641,113.97595128979884,106.82713790914303,113.37315368652344,3749300,0.0,0.0,-,95.45602741241456,111.09553512573243,111.8981990814209,110.58145675659179,1900660.0
03/05/2021,107.17565531203144,107.3263511509942,103.19153211927394,106.55401611328124,3789500,0.0,0.0,-,95.31719554901123,111.02715560913086,111.82049598693848,110.68789138793946,1858482.0
03/04/2021,104.29353582834202,105.80994380768222,102.20257791421616,105.508544921875,4429300,0.0,0.0,-,95.2077501296997,111.09610076904296,112.08516235351563,111.2360595703125,1820818.0
03/03/2021,107.37343758866896,109.73753897219498,104.39711779925258,104.59491729736328,6375000,0.0,0.0,-,95.10701690673828,111.20234390258788,112.3521827697754,112.00745239257813,1852312.0
03/02/2021,113.58979814528853,113.96654850314314,109.60568233329953,110.8018569946289,2258800,0.0,0.0,-,94.9857978439331,111.30858718872071,112.59848251342774,112.80050811767578,1754368.0
03/01/2021,111.37638784647636,114.71061630266794,110.9619617782526,113.56153106689452,2038200,0.0,0.0,-,94.82982376098633,111.22928176879883,112.3521827697754,113.01619720458984,1730818.0
02/26/2021,112.96815899485556,113.0152482954024,109.19124929271764,109.85997772216795,1794200,0.0,0.0,-,94.65628387451171,111.08837814331055,111.91515426635742,112.87680206298828,1717350.0
02/25/2021,116.65087796666944,116.65087796666944,111.71546933620498,111.8661651611328,2247400,0.0,0.0,-,94.5149089050293,110.97365814208985,111.7809383392334,113.37034378051757,1717798.0
02/24/2021,112.22409297695556,116.69798668080718,112.12990717826816,116.42484283447266,1955200,0.0,0.0,-,94.38295265197753,110.8615754699707,111.26856002807617,113.51257019042968,1705576.0
02/23/2021,114.48457786425202,115.85028978820216,112.22408296778698,113.26956176757812,2841000,0.0,0.0,-,94.23154666900635,110.66773788452149,110.70579032897949,113.17726287841796,1692718.0
02/22/2021,111.15978078881407,114.66354737065949,111.15978078881407,114.4375,1567600,0.0,0.0,-,94.0883349609375,110.5460481262207,110.3893211364746,113.21494140625,1663534.0
02/19/2021,113.29781045121784,113.85351161298097,111.77197486458756,112.03569793701172,1755500,0.0,0.0,-,93.93462131500245,110.3947833251953,110.0045654296875,112.9531005859375,1662654.0
02/18/2021,111.43291426110406,113.8723673587129,110.83953727375278,113.22247314453124,1838900,0.0,0.0,-,93.79249286651611,110.29400329589843,109.83691215515137,112.93426513671875,1655192.0
02/17/2021,112.40302656154311,112.96815563863476,111.30103779586086,112.52547454833984,1297900,0.0,0.0,-,93.642640914917,110.20038116455078,109.59438018798828,112.69691314697266,1645668.0
02/16/2021,112.2335093376396,113.43910476004108,111.16918901480427,112.95874786376952,1102600,0.0,0.0,-,93.49895835876465,110.07963348388672,109.3358367919922,112.39645690917969,1650230.0
02/12/2021,113.91004932383058,114.96494180329027,111.64955414712024,112.1675796508789,890700,0.0,0.0,-,93.36441188812256,109.92234085083008,109.19643898010254,111.68816833496093,1649620.0
02/11/2021,113.9288740943022,116.24587912148692,113.50503442790716,114.79539489746094,1559300,0.0,0.0,-,93.26061756134033,109.78011779785156,109.10130958557129,110.95350646972656,1674914.0
02/10/2021,113.59924892663744,113.81587558920734,112.7327279045233,113.2884292602539,1214000,0.0,0.0,-,93.12244491577148,109.50961166381836,108.97321472167968,110.19153289794922,1762748.0
02/09/2021,113.58979515509284,113.76875318719377,112.6855986315935,113.07176971435548,1103200,0.0,0.0,-,92.9837540435791,109.30729690551757,109.0146556854248,109.02454986572266,1755020.0
02/08/2021,112.04515937520398,113.70285710025702,111.00910099176484,113.64634704589844,1441400,0.0,0.0,-,92.82099849700927,109.13531082153321,109.0532730102539,108.23431777954102,1778982.0
02/05/2021,113.21305891627404,113.62748506924372,110.97140520485338,111.819091796875,1389000,0.0,0.0,-,92.64190128326416,108.99873886108398,109.13568496704102,107.56370086669922,1808658.0
02/04/2021,111.19744921289384,113.44852359240484,110.75476805119726,111.84734344482422,1693600,0.0,0.0,-,92.47777996063232,108.8001922607422,109.29109382629395,107.0560302734375,1857930.0
02/03/2021,109.54916487454672,112.00745215154568,109.25718676114349,110.84895324707033,2184000,0.0,0.0,-,92.30800743103028,108.61633895874023,109.45780487060547,106.73955917358398,1924684.0
02/02/2021,106.87425325189795,110.07662057563536,106.50692362213704,109.52091217041016,1645700,0.0,0.0,-,92.1611695098877,108.47524642944336,109.43331565856934,106.49184722900391,1954322.0
02/01/2021,106.09248871302556,106.56342483379926,104.81154188964793,105.87586212158205,1412100,0.0,0.0,-,92.04550750732422,108.38143615722656,109.47051963806152,106.27521667480468,1998036.0
01/29/2021,105.45201366596584,106.40330662723206,103.96385382278004,104.82096099853516,2381500,0.0,0.0,-,91.92673748016358,108.34470336914063,109.96029396057129,106.70470962524413,2014998.0
01/28/2021,103.66247203402104,109.39847857545024,102.99374350530066,107.1756591796875,2445900,0.0,0.0,-,91.81969375610352,108.33622650146485,110.48774337768555,107.24911270141601,2015928.0
01/27/2021,103.21036537852048,104.64200807138045,100.987546239829,101.61859893798828,2699400,0.0,0.0,-,91.7122261428833,108.2296063232422,110.84895095825195,107.75489654541016,2018732.0
01/26/2021,106.883655896591,107.81610732309191,104.75502280257676,105.16944885253906,1214200,0.0,0.0,-,91.61384765625,108.16781967163087,111.54264030456542,109.00476150512695,2013094.0
01/25/2021,106.0359814046541,107.39227258093612,104.64200728951649,106.94017791748048,1708000,0.0,0.0,-,91.50590900421143,108.0269157409668,111.84215660095215,109.87222824096679,2038454.0
01/22/2021,108.26821433953502,108.73915047356678,105.91353366937624,106.7423858642578,1583600,0.0,0.0,-,91.39057678222656,107.94930557250977,112.05878829956055,110.70766906738281,2074530.0
01/21/2021,108.58844666359056,109.756366178064,107.72192596530108,108.68263244628906,1010000,0.0,0.0,-,91.25626583099366,107.84551147460938,112.21937789916993,111.52615737915039,2172666.0
01/20/2021,107.54298869335598,110.11430345393428,107.23216908316992,108.37183380126952,2413900,0.0,0.0,-,91.12341480255127,107.42939208984374,112.28530998229981,112.17605056762696,2187028.0
01/19/2021,110.21789206247624,110.96197203286314,106.7518017526046,107.35460662841795,2300200,0.0,0.0,-,90.93358043670655,107.05038269042969,112.40775337219239,112.37478408813476,2175582.0
01/15/2021,108.77681761776208,110.54754194056814,107.55238807773264,110.17079162597656,1425700,0.0,0.0,-,90.77073070526123,106.64010299682617,112.53537712097167,112.66582260131835,2169182.0
01/14/2021,112.4689767166412,112.80804413940068,109.276022953966,110.2649917602539,2574100,0.0,0.0,-,90.60175884246826,106.1629507446289,112.36866683959961,113.21587829589843,2177150.0
01/13/2021,112.79861951663725,113.9571183276171,111.6589549883279,112.2334976196289,1300400,0.0,0.0,-,90.46000705718994,105.62646041870117,112.18123474121094,113.72637405395508,2183262.0
01/12/2021,113.08118328168236,115.31342316519176,112.83630166351143,114.11724853515624,1581200,0.0,0.0,-,90.29852313995362,104.98617614746094,111.77575874328613,113.94300537109375,2209948.0
01/11/2021,114.26795590404696,114.99319446881373,113.40143504627176,113.8441162109375,1856200,0.0,0.0,-,90.11669467926025,104.34250045776368,111.38299789428712,114.08051910400391,2214386.0
01/08/2021,114.87073935534951,116.60378804119304,114.15491442950665,115.29458618164062,1755100,0.0,0.0,-,89.95059539794921,103.67207550048828,111.02744026184082,113.8120849609375,2238902.0
01/07/2021,114.34331268328752,115.87856213368178,114.00423803882114,114.9272689819336,1463800,0.0,0.0,-,89.75694648742676,103.08886795043945,110.62196464538575,113.40990753173828,2229402.0
01/06/2021,109.16300091406202,115.98215434818869,109.16300091406202,115.18156433105467,1578300,0.0,0.0,-,89.51940628051757,102.51658615112305,110.21931419372558,112.91259841918945,2246924.0
01/05/2021,110.23672820166634,111.09382820626548,109.23834592341034,110.35916900634766,1994200,0.0,0.0,-,89.23981149673462,102.01061279296874,109.81007080078125,112.39456939697266,2250924.0
01/04/2021,115.41703447915444,116.0763422260694,109.70929054298496,110.2649917602539,2315600,0.0,0.0,-,88.98894386291504,101.55832595825196,109.71918067932128,112.44072265625,2249396.0
12/31/2020,115.3322739287202,116.26473279008545,114.63529035617664,115.67134857177734,849200,0.0,0.0,-,88.74372737884522,101.08927337646485,109.53033561706543,112.404931640625,2235566.0
12/30/2020,114.40924264565606,116.15170516473718,114.3056361058157,115.36994934082033,786700,0.0,0.0,-,88.4477910232544,100.5122819519043,109.00147399902343,111.52145538330078,2284914.0
12/29/2020,115.46412392257984,116.22704538597584,114.2114392019316,114.39981079101562,1054100,0.0,0.0,-,88.19852451324464,99.91833694458008,108.48579788208008,110.6360954284668,2325004.0
12/28/2020,112.5160658993084,115.85029475706553,111.69663439824348,115.4923858642578,1597800,0.0,0.0,-,87.97468856811524,99.42215850830078,107.82931175231934,109.60851211547852,2337078.0
12/24/2020,111.4140843461959,111.4140843461959,110.04836508789144,111.15977478027344,608700,0.0,0.0,-,87.83305450439452,98.92428497314454,107.21332702636718,108.68547668457032,2333806.0
12/23/2020,110.40629095075596,112.00747125896667,110.40629095075596,111.27281188964844,961800,0.0,0.0,-,87.70613498687744,98.51494720458984,106.87896156311035,108.24279556274413,2343634.0
12/22/2020,109.61510323023865,110.78303013646864,108.8050924216245,109.95417785644533,1640400,0.0,0.0,-,87.61250061035156,98.128779296875,106.65620841979981,107.8340217590332,2351590.0
12/21/2020,107.52415238176133,111.05617374210604,107.35461506902811,110.00127410888672,1906300,0.0,0.0,-,87.54090557098388,97.78782119750977,106.25308761596679,107.52602996826172,2352596.0
12/18/2020,109.92591857566975,111.545940130123,109.4738238821899,110.8207015991211,6004000,0.0,0.0,-,87.43602294921875,97.44158889770507,105.8857578277588,107.22557220458984,2344814.0
12/17/2020,107.6277451639018,110.07661890639308,106.78947938706526,109.9070816040039,1477800,0.0,0.0,-,87.36319400787353,97.06860717773438,105.53443908691406,106.99763870239258,2242832.0
12/16/2020,106.31855330717934,108.64497927140546,106.05483018645862,106.83658599853516,1081300,0.0,0.0,-,87.29108341217041,96.70033462524414,105.28060493469238,106.65573959350586,2235750.0
12/15/2020,105.16947911437818,106.89310020213424,103.84143553717982,106.51634979248048,1364800,0.0,0.0,-,87.2712739944458,96.34637908935547,105.14073677062989,106.48149261474609,2242686.0
12/14/2020,107.35459969003128,107.67483279825484,104.06746044104084,104.1239776611328,1816600,0.0,0.0,-,87.25146953582764,96.04479141235352,105.03477516174317,106.33550033569335,2237110.0
12/11/2020,105.54620660214816,106.384472366044,104.03921237412844,106.26203155517578,1636300,0.0,0.0,-,87.25658493041992,95.77485076904297,104.92080879211426,106.05011138916015,2239244.0
12/10/2020,106.41273044481242,107.60890504588308,105.65922976706167,106.73296356201172,1312300,0.0,0.0,-,87.23598644256592,95.43596542358398,104.53417053222657,105.74117736816406,2235722.0
12/09/2020,107.02495009540588,108.02333964999072,105.9135404603924,107.18507385253906,1381800,0.0,0.0,-,87.2278691482544,95.05921676635742,104.10373497009277,105.51512756347657,2250390.0
12/08/2020,105.9700633275908,107.07205228592515,105.14121103544244,106.87425994873048,1523600,0.0,0.0,-,87.25157619476319,94.6302882385254,103.89746475219727,105.4783950805664,2256990.0
12/07/2020,107.78787297507525,108.26822269499912,106.48808454585236,106.99669647216795,1382400,0.0,0.0,-,87.265334815979,94.23074600219726,103.63138580322266,104.98014526367187,2256504.0
12/04/2020,106.9119314511456,108.6167180890568,106.62936687444711,108.54136657714844,1362700,0.0,0.0,-,87.30134544372558,93.74718887329101,102.67538414001464,104.54594345092774,2261346.0
12/03/2020,104.77388304631452,106.85542017374748,104.49132563979953,106.48809051513672,1526000,0.0,0.0,-,87.33723850250244,93.20919158935547,101.71938400268554,104.07123947143555,2274424.0
12/02/2020,103.67188698186789,105.31074282252878,103.44583963492876,105.0941162109375,1072100,0.0,0.0,-,87.38607402801513,92.73222747802734,100.73701057434081,103.90547027587891,2288738.0
12/01/2020,102.31557542588637,105.489687355568,101.7221985214406,105.05642700195312,2155400,0.0,0.0,-,87.43779483795166,92.3373944091797,99.7979637145996,103.79998092651367,2295838.0
11/30/2020,102.13661601618212,102.13661601618212,100.45066404217124,101.27008819580078,5951000,0.0,0.0,-,87.48759147644043,91.93954772949219,98.71716613769532,103.73404998779297,2302066.0
11/27/2020,105.3013247292938,105.4143448049287,102.37210133716812,103.17269134521484,827600,0.0,0.0,-,87.55298629760742,91.65227752685547,97.66462593078613,103.79150619506837,2230192.0
11/25/2020,105.52736499449776,105.70632301681376,102.94663710899772,104.47246551513672,2301300,0.0,0.0,-,87.6033281326294,91.35728302001954,96.60266456604003,103.32716369628906,2242914.0
11/24/2020,103.55886429680947,106.9401898447138,103.03141806864583,106.8177490234375,2925200,0.0,0.0,-,87.64463584899903,91.07660552978516,95.3951847076416,102.69234237670898,2235078.0
11/23/2020,103.81318243729194,103.97329902893838,100.18697494726558,101.89176177978516,3852600,0.0,0.0,-,87.67252704620361,90.70946350097657,94.36100769042969,102.31653442382813,2212486.0
11/20/2020,108.30591315655056,108.3153338932936,102.4757274621088,102.65467834472656,5031300,0.0,0.0,-,87.71828754425049,90.43801513671875,93.58207855224609,102.28262634277344,2169602.0
11/19/2020,103.370487112623,105.19772171278558,102.4662905477974,103.79432678222656,3665900,0.0,0.0,-,87.7563366317749,90.08443634033203,92.94348945617676,100.80482482910156,2114272.0
11/18/2020,104.04864276110754,108.91812123138892,104.02980128943211,104.83039855957033,3831400,0.0,0.0,-,87.7922555923462,89.71729415893554,92.14101448059083,99.36752853393554,2078124.0
11/17/2020,102.47571829587596,104.87748856451798,100.94988244623622,104.03922271728516,2260200,0.0,0.0,-,87.82557643890381,89.38142227172851,91.24011268615723,97.56855087280273,2039402.0
11/16/2020,103.32338381563028,104.5195656072568,100.29056118140888,104.3971176147461,2428000,0.0,0.0,-,87.85163230895996,89.0636343383789,90.37924041748047,95.79594650268555,2050262.0
11/13/2020,100.026836423261,102.1837248749453,99.12263986819116,101.84465026855467,2586100,0.0,0.0,-,87.8640676498413,88.73360260009765,89.44301948547363,93.70028228759766,2037234.0
11/12/2020,97.7286763032068,99.32985641163694,96.58901163070276,98.52926635742188,2417500,0.0,0.0,-,87.88156555175782,88.46347351074219,88.83033142089843,91.53774566650391,2032148.0
11/11/2020,102.64524204101542,102.87128937132488,97.28598658293645,98.12425231933594,2482200,0.0,0.0,-,87.92498332977294,88.27415710449219,88.43380355834961,89.87816543579102,2027418.0
11/10/2020,101.27011061532758,103.50235064321518,100.08335664336111,103.0596694946289,3511800,0.0,0.0,-,87.97084857940673,88.03096557617188,88.06223526000977,88.09802703857422,2026092.0
11/09/2020,98.745898080623,110.92430839077164,98.17136253282168,101.55268096923828,6490400,0.0,0.0,-,87.99302280426025,87.68548675537109,87.50747261047363,86.40548095703124,1997014.0
11/06/2020,89.62854575737794,89.62854575737794,87.19851419716605,87.87666320800781,1728100,0.0,0.0,-,88.02446899414062,87.42195083618164,87.0751522064209,84.88153076171875,1902836.0
11/05/2020,88.0933203585881,89.85462425227055,87.14202726641388,89.4213638305664,1841600,0.0,0.0,-,88.12856769561768,87.37598785400391,87.31580200195313,85.08215408325195,1907440.0
11/04/2020,86.96306994448327,88.94100030911667,85.87049464281199,86.84062194824219,1980200,0.0,0.0,-,88.23644538879394,87.28029357910157,87.4533145904541,84.9145004272461,1904200.0
11/03/2020,83.77954017035499,86.93481819789368,83.77954017035499,86.31317901611328,1824100,0.0,0.0,-,88.35347087860107,87.26239791870117,87.6859561920166,84.91167449951172,1915278.0
11/02/2020,81.84871593711559,83.62885426218327,81.4060347434683,83.44047546386719,2879700,0.0,0.0,-,88.47496463775634,87.21850677490234,87.82723770141601,84.9625343322754,1938434.0
10/30/2020,81.02929503254605,81.80163024283665,79.75776851615407,80.21928405761719,2634700,0.0,0.0,-,88.6102583694458,87.19269912719727,88.2270622253418,85.18575668334961,1966696.0
10/29/2020,80.36995987038635,82.6210339464962,79.7954172297811,81.93346405029297,1803100,0.0,0.0,-,88.76339530944824,87.23583618164062,88.74744529724121,86.12291717529297,1988066.0
10/28/2020,84.41059785326948,84.84385824762686,80.2381032896681,80.32286834716797,3082000,0.0,0.0,-,88.90664669036865,87.29743469238281,89.1166603088379,86.9894416809082,2043586.0
10/27/2020,86.40735247590518,87.10434306856777,85.5973418197191,86.13420867919922,1280100,0.0,0.0,-,89.06353805541993,87.46734848022462,89.49529342651367,88.02644348144531,2040624.0
10/26/2020,88.63018406600143,89.13879598220844,85.12641787829696,86.31317901611328,2339900,0.0,0.0,-,89.19611465454102,87.57434524536133,89.47551536560059,88.60946426391601,2077058.0
10/23/2020,89.01637541459488,89.91115144968109,87.20797468366632,89.88289642333984,1778300,0.0,0.0,-,89.33131748199463,87.61993179321288,89.50471382141113,89.26877365112304,2067038.0
10/22/2020,86.70876198760422,88.64902381983835,86.42620460801585,87.74482727050781,1917800,0.0,0.0,-,89.45529155731201,87.5754751586914,89.15151100158691,89.5494499206543,2063142.0
10/21/2020,86.68992186657884,87.46225681625111,85.52200230056795,86.81236267089844,1624100,0.0,0.0,-,89.57596523284911,87.5926171875,88.84634475708008,89.99212875366212,2060404.0
10/20/2020,86.61456431558767,87.80132526766275,85.53140987759376,86.82177734375,3316600,0.0,0.0,-,89.69965797424317,87.61955490112305,88.63772087097168,90.46023788452149,2064846.0
10/19/2020,89.72275252288426,90.09950285996575,85.2394386020359,85.67269897460938,2791200,0.0,0.0,-,89.81687156677246,87.6257713317871,88.56425514221192,90.69194107055664,2049670.0
10/16/2020,90.3349689000018,91.16381387429313,89.47786172268226,89.59088897705078,1657800,0.0,0.0,-,89.93715450286865,87.597138671875,88.53882484436035,91.26836776733398,2060274.0
10/15/2020,89.82637402033272,91.30511341152082,89.36485136715706,90.59870910644533,1434200,0.0,0.0,-,90.03770568847656,87.44361358642578,88.40460929870605,91.37197341918946,2092760.0
10/14/2020,91.93615752472547,93.1700079616766,90.53276978311642,90.69288635253906,1100100,0.0,0.0,-,90.13129287719727,87.30214431762695,88.29582214355469,91.24387893676757,2101962.0
10/13/2020,93.556183089175,93.970602040469,91.84197568423782,91.96441650390624,1359600,0.0,0.0,-,90.22478469848633,87.15313995361328,88.28310737609863,90.96414337158203,2120834.0
10/12/2020,93.16999595345813,94.0553581176636,92.36940602361346,92.9062728881836,1690700,0.0,0.0,-,90.30468872070313,86.96928649902344,88.10791893005371,90.34156646728516,2149324.0
10/09/2020,93.57501421931693,93.86699952701294,91.94557911825858,92.68965911865234,1517200,0.0,0.0,-,90.38152671813965,86.80031494140626,87.87857246398926,89.74065399169922,2178832.0
10/08/2020,91.61590725666348,92.33173215263074,90.60810427333048,92.17161560058594,904900,0.0,0.0,-,90.45855575561524,86.62211227416992,87.49287643432618,88.75357208251953,2198968.0
10/07/2020,90.3443688833148,91.97381075603975,89.98646007709306,91.4934539794922,1123700,0.0,0.0,-,90.53385562896729,86.44447525024414,87.15615653991699,87.70056076049805,2228300.0
10/06/2020,91.74779994723175,91.83256501954833,88.74322449479119,89.13880920410156,1428100,0.0,0.0,-,90.61738212585449,86.23236587524414,86.98332405090332,86.81520385742188,2242122.0
10/05/2020,90.9942848051791,91.64417900115184,90.33497705992814,91.4369659423828,1086000,0.0,0.0,-,90.71235313415528,86.05303298950196,86.93387489318847,86.43656921386719,2261174.0
10/02/2020,87.59411581963103,91.09788160216264,86.86887737733548,90.62694549560548,1923300,0.0,0.0,-,90.78799289703369,85.84732803344727,86.75680313110351,85.80928192138671,2282806.0
10/01/2020,88.63961498272273,90.67405569531786,88.48891194464794,89.31776428222656,1460200,0.0,0.0,-,90.86918510437012,85.68758682250977,86.64236564636231,85.43724517822265,2302142.0
09/30/2020,86.22841974065882,89.1293812258201,85.8234143275804,87.8955307006836,2045700,0.0,0.0,-,90.9596461868286,85.5736198425293,86.62964973449706,85.3477653503418,2324692.0
09/29/2020,86.51098257788139,86.78412644905765,84.95689160749333,85.7386474609375,1711800,0.0,0.0,-,91.06238285064697,85.44533660888672,86.53310699462891,85.60207138061523,2329044.0
09/28/2020,84.57072219483582,87.28331207296536,83.65710483289915,86.89714813232422,1499300,0.0,0.0,-,91.18041110992432,85.32779098510743,86.53546104431152,85.87427139282227,2356300.0
09/25/2020,81.42486571966013,83.06372886175116,80.40764899377825,82.81884002685547,1624500,0.0,0.0,-,91.28513496398926,85.20591262817383,86.6093978881836,86.0164909362793,2390658.0
09/24/2020,81.82046044125863,82.97895950406644,80.17218369157433,81.6415023803711,2016600,0.0,0.0,-,91.41071994781494,85.14243011474609,86.74738159179688,86.23218078613282,2422310.0
09/23/2020,85.71039108082542,87.07610322917532,82.41383757771675,82.63988494873047,2241700,0.0,0.0,-,91.54270801544189,85.08554077148438,86.89713897705079,86.61175231933593,2496852.0
09/22/2020,85.43722781872354,86.05886693028741,84.19395678151055,85.35246276855469,1427100,0.0,0.0,-,91.6643049621582,84.94294128417968,87.06243667602538,87.15144424438476,2603372.0
09/21/2020,85.66328419489828,85.93642802862196,82.5362683958043,85.16409301757812,2466800,0.0,0.0,-,91.77036724090576,84.83368392944335,87.00074462890625,87.43118057250976,2646528.0
09/18/2020,88.43241420010659,88.95986053490837,85.89877471087296,86.90657806396484,2357300,0.0,0.0,-,91.87927272796631,84.7653044128418,86.85004463195801,87.7043243408203,2652534.0
09/17/2020,88.54541399734129,89.40251402522887,86.85946177396711,88.42296600341797,1463700,0.0,0.0,-,91.98002799987793,84.62308151245117,86.62352256774902,87.84748611450195,2659404.0
09/16/2020,89.41195346494611,92.16221934043492,88.7055491156031,90.43859100341795,1909500,0.0,0.0,-,92.08130527496338,84.47501907348632,86.45304374694824,87.91153411865234,2677146.0
09/15/2020,88.73379142124625,89.0069352594847,87.39633443614676,88.46064758300781,1795600,0.0,0.0,-,92.17320713043213,84.29342590332031,86.37204208374024,87.46414260864258,2684962.0
09/14/2020,85.91757402584417,88.59248733793109,85.67268526803313,88.31934356689453,1708400,0.0,0.0,-,92.27584197998047,84.22222030639648,86.5232120513916,87.19665069580078,2687200.0
09/11/2020,85.86110097931882,86.06830689418652,83.94909375857137,84.97573852539062,2264800,0.0,0.0,-,92.37449886322021,84.12445404052734,86.53687019348145,87.20230484008789,2723358.0
09/10/2020,87.88608374621782,89.09167888988613,85.12639819338709,85.43721771240234,1858500,0.0,0.0,-,92.4805048751831,84.0673764038086,86.6710865020752,87.26258239746093,2752136.0
09/09/2020,88.06505921820542,88.7902977205526,87.17028341602293,88.03680419921875,1895300,0.0,0.0,-,92.57572467803955,83.9643360900879,86.82932205200196,87.18252563476562,2830470.0
09/08/2020,86.87829986839915,89.74159255330858,86.36027440941231,88.14982604980469,2803200,0.0,0.0,-,92.65921146392822,83.80930404663086,86.83544425964355,86.97342910766602,2849482.0
09/04/2020,88.82798234998843,89.46845585937024,87.33040870673872,87.8955307006836,1776600,0.0,0.0,-,92.73580921173095,83.62394348144531,86.78458290100097,86.57030868530273,2898138.0
09/03/2020,89.60030111812233,90.08065795925,87.57528160704268,88.33819580078125,2331800,0.0,0.0,-,92.82295356750488,83.45346481323242,86.60185966491699,85.9957649230957,2957576.0
09/02/2020,86.83121320126553,89.4684514379856,86.73702021866623,89.06344604492188,2181000,0.0,0.0,-,92.90680709838867,83.3265005493164,86.28068161010742,85.3995590209961,2973322.0
09/01/2020,85.71979429557575,86.3791019870648,84.32582022310834,85.96467590332031,2415900,0.0,0.0,-,92.99256210327148,83.26810455322266,86.00377159118652,84.99455337524414,3004682.0
08/31/2020,87.59412149634639,88.04622334974312,85.73863196651607,85.78572845458984,2057900,0.0,0.0,-,93.09132816314697,83.25699066162109,85.86767120361328,85.27994155883789,3013152.0
08/28/2020,85.89875611108928,88.47007080831213,85.59735724419099,88.37588500976562,1781500,0.0,0.0,-,93.18419639587403,83.29899826049805,85.71697196960449,85.84977340698242,3102734.0
08/27/2020,85.42781108831593,86.67108218379819,85.00397144577781,85.5785140991211,1958300,0.0,0.0,-,93.26214641571045,83.27168411254883,85.52106246948242,85.871435546875,3134246.0
08/26/2020,85.83282481011892,86.23783020872345,84.51420926667697,84.63665008544922,1679600,0.0,0.0,-,93.35975151062011,83.38131820678711,85.43111305236816,86.07959060668945,3161424.0
08/25/2020,84.57070636768086,87.01015193569219,84.4859341323363,85.94583892822266,2534100,0.0,0.0,-,93.46037952423096,83.5274967956543,85.36376876831055,86.47611846923829,3211114.0
08/24/2020,81.95231961561844,84.12804256223754,81.66975502097766,84.11862182617188,2981900,0.0,0.0,-,93.56031707763673,83.52900405883788,85.11087608337402,86.6974594116211,3238020.0
08/21/2020,82.50800192178002,84.56128357134604,81.34950315900258,82.15009307861328,4292800,0.0,0.0,-,93.6655965423584,83.58871856689453,84.91355323791504,86.99885711669921,3237042.0
08/20/2020,83.71359349847441,84.49534910192915,82.15951021096683,82.37613677978516,3703200,0.0,0.0,-,93.77978157043457,83.72340621948243,84.8636344909668,87.20795440673828,3227126.0
08/19/2020,85.23943691080024,85.8987445981753,83.42162321742062,85.01338958740234,4579100,0.0,0.0,-,93.89147792816162,83.96038162231446,84.87682189941407,87.16180419921875,3219050.0
08/18/2020,91.15439693958788,91.3333549699856,87.85784400186655,88.81855773925781,2933900,0.0,0.0,-,93.98633422851563,84.17380966186523,84.8071231842041,87.0129898071289,3181042.0
08/17/2020,90.53276115943368,91.88905228158843,89.59088893125532,91.48404693603516,3101800,0.0,0.0,-,94.05598129272461,84.33317459106445,84.44026374816895,86.45540084838868,3194700.0
08/14/2020,87.78249565426216,89.25182133150716,87.24562872966746,88.5925064086914,1838900,0.0,0.0,-,94.11534580230713,84.43395477294922,83.85912971496582,85.58417053222657,3184080.0
08/13/2020,88.48890982911239,88.49833056524594,87.61296820251411,87.66006469726562,1583500,0.0,0.0,-,94.18214138031006,84.5262580871582,83.46966590881348,85.17068939208984,3201094.0
08/12/2020,88.17808904199268,88.96925834026715,86.98190717342442,88.6019287109375,1780900,0.0,0.0,-,94.25626930236817,84.6594384765625,83.06889839172364,84.78263549804687,3215490.0
08/11/2020,88.03680753649535,89.45903676203187,87.01016296359846,88.15924835205078,1846200,0.0,0.0,-,94.33177764892578,84.74872787475586,82.57865371704102,84.25141906738281,3230084.0
08/10/2020,84.76849765258602,87.82016155602304,84.5895396358268,87.13259887695312,2557800,0.0,0.0,-,94.40832828521728,84.81654296875,81.94618682861328,83.52429275512695,3238238.0
08/07/2020,81.89579863428158,84.2410659790039,81.34951812806734,84.2410659790039,3321400,0.0,0.0,-,94.48743572235108,84.90036987304687,81.58403663635254,82.82824935913087,3277318.0
08/06/2020,83.68535203352909,83.68535203352909,81.81102817719238,81.91463470458984,3282100,0.0,0.0,-,94.59041648864746,85.06670455932617,81.45923919677735,82.51931457519531,3296624.0
08/05/2020,83.67594151553621,84.39176655970925,83.10140595606457,83.5252456665039,1894300,0.0,0.0,-,94.70071983337402,85.2460366821289,81.35327911376953,82.59183959960937,3290472.0
08/04/2020,82.72464271791537,83.62883922955027,82.13125859227848,83.24266815185547,2043700,0.0,0.0,-,94.81772590637208,85.35755447387696,81.22800903320312,82.6012565612793,3341488.0
08/03/2020,84.01501505271449,84.49537198789669,82.31964904734997,82.77174377441406,2784100,0.0,0.0,-,94.93099189758301,85.46116043090821,81.13382225036621,82.42512664794921,3407416.0
07/31/2020,83.46873331498689,84.56130154450946,82.81883907008236,84.45769500732422,3166100,0.0,0.0,-,95.04300575256347,85.63050872802734,81.24025344848633,82.13408889770508,3451990.0
07/30/2020,82.53625479308435,84.10918676156423,81.99938794932604,83.77952575683594,2524000,0.0,0.0,-,95.14509075164796,85.65349044799805,81.188920211792,81.76864242553711,3437304.0
07/29/2020,81.14229679698752,83.78895555333973,81.00101452052452,83.28976440429688,2371500,0.0,0.0,-,95.24803691864014,85.67119857788086,81.10603675842285,81.35516128540038,3453218.0
07/28/2020,80.00263021200844,81.50962435594184,79.83309292169626,80.88798522949219,1814800,0.0,0.0,-,95.3583974456787,85.71264129638672,80.95580863952637,80.90588836669922,3457426.0
07/27/2020,80.92565837170338,81.23647792490515,79.2302927091672,80.17216491699219,2380700,0.0,0.0,-,95.47397453308105,85.70190368652344,80.92566947937011,80.3680809020996,3482480.0
07/24/2020,82.57394009186334,82.97894545493685,80.95391863956928,81.15171813964844,2167600,0.0,0.0,-,95.5845112991333,85.69060119628907,80.86115112304688,80.33982391357422,3478288.0
07/23/2020,83.39338576666471,83.61943313767844,81.80161906138471,82.63988494873047,2890100,0.0,0.0,-,95.68410739898681,85.64463790893555,80.7721450805664,80.39916381835937,3478794.0
07/22/2020,81.33066548087503,83.64767030030727,80.64310277829154,83.61941528320312,2587700,0.0,0.0,-,95.77748069763183,85.6235398864746,80.73964996337891,80.11471862792969,3467024.0
07/21/2020,80.12507070138354,82.88475663590187,79.23029495297554,81.48136901855469,2263300,0.0,0.0,-,95.86965690612793,85.66064987182617,80.86586151123046,79.85476150512696,3447232.0
07/20/2020,80.60544637326876,81.07638260047517,78.6557706800709,79.86136627197266,3074600,0.0,0.0,-,95.96315456390381,85.75389541625977,81.06224212646484,79.8425178527832,3431566.0
07/17/2020,80.29461835108145,81.07637413120152,79.23971872540442,80.80323028564453,3217200,0.0,0.0,-,96.06756290435791,85.84921249389649,81.46347923278809,80.34641799926757,3415798.0
07/16/2020,78.1848166942742,80.00263040583657,77.6102740527084,79.64471435546875,3207100,0.0,0.0,-,96.17555332183838,85.90704330444336,81.7738265991211,80.60919799804688,3390222.0
07/15/2020,77.01689006881087,79.72006599036004,76.88502852980017,78.79703521728516,5743700,0.0,0.0,-,96.29191276550293,85.9863491821289,82.34460182189942,80.8569122314453,3374544.0
07/14/2020,79.09844940897273,79.09844940897273,75.02014008432609,75.5099105834961,7567700,0.0,0.0,-,96.40876300811767,86.07545013427735,83.00202903747558,81.00572891235352,3296956.0
07/13/2020,81.91462158017113,82.67753571794023,79.54109975124521,79.88959503173828,3584900,0.0,0.0,-,96.53642768859864,86.24103118896484,83.5275936126709,81.48325805664062,3185404.0
07/10/2020,79.91788219217904,82.64931394786747,79.5788075088016,81.7451171875,2767100,0.0,0.0,-,96.64402080535889,86.36422836303711,83.88833122253418,81.38247833251953,3174868.0
07/09/2020,80.75613975671658,81.20824168279562,78.4108794290922,79.7954330444336,2700800,0.0,0.0,-,96.73952571868897,86.55750030517578,84.24529914855957,81.14512634277344,3190574.0
07/08/2020,81.19880207393406,81.98997846420491,79.88017954742574,81.01984405517578,2350800,0.0,0.0,-,96.84192153930664,86.70480895996094,84.96677284240722,81.36458129882813,3232558.0
07/07/2020,84.01501228329265,84.01501228329265,81.16114016030704,81.35893249511719,2300300,0.0,0.0,-,96.9275149154663,86.79541717529297,85.70002021789551,81.87696151733398,3250310.0
07/06/2020,84.54245885316192,85.76688851992643,84.33524579939315,84.9003677368164,1907500,0.0,0.0,-,97.02949466705323,86.77865173339843,86.47141380310059,82.28196640014649,3248582.0
07/02/2020,83.58172606902488,85.8233862104141,83.1767207886329,83.4310302734375,3516300,0.0,0.0,-,97.11423561096191,86.6371824645996,87.05254821777343,82.58054046630859,3284860.0
07/01/2020,80.33229769588816,83.44989303409162,80.26636691545811,82.12185668945312,3703700,0.0,0.0,-,97.2036531829834,86.54845840454101,87.5413803100586,82.9384552001953,3279850.0
06/30/2020,80.06857539669286,80.75613823025282,78.91006917333107,80.28520202636719,5775200,0.0,0.0,-,97.29704013824463,86.46387802124023,88.15124168395997,83.83229141235351,3288866.0
06/29/2020,79.05135147168,80.54892515079655,76.86620777308728,80.28520202636719,2845900,0.0,0.0,-,97.40682430267334,86.48780136108398,88.79030151367188,84.99832916259766,3244672.0
06/26/2020,78.88179779052734,81.65090439454721,78.7310947873004,78.88179779052734,5236000,0.0,0.0,-,97.5176859664917,86.60986755371094,89.35354156494141,85.57192916870117,3289366.0
06/25/2020,81.72627868471815,81.8864024808535,77.69506528677432,79.37159729003906,4748500,0.0,0.0,-,97.63064590454101,86.67466873168945,89.97564888000488,86.39418411254883,3236860.0
06/24/2020,84.58013130410959,85.10757746698489,81.41543995502771,81.98998260498047,3119100,0.0,0.0,-,97.73925975799561,86.75548110961914,90.63495903015136,87.3454719543457,3189560.0
06/23/2020,86.66167891895674,87.74483358342972,86.01178468308976,86.14364624023438,3749000,0.0,0.0,-,97.83632385253907,86.82932418823242,91.07952194213867,88.56896438598633,3187866.0
06/22/2020,87.2833052073179,87.49051826517946,84.97572092312956,85.40898132324219,2839400,0.0,0.0,-,97.9158443069458,86.7453092956543,91.22739639282227,89.52307891845703,3156730.0
06/19/2020,89.60973655727886,89.61915729301958,86.32260400352482,87.8861083984375,6537000,0.0,0.0,-,97.99987930297851,86.70876403808593,91.37809562683105,90.66086120605469,3153820.0
06/18/2020,89.51556187265066,90.77766755381734,86.63343436688686,87.01017761230469,3357100,0.0,0.0,-,98.05568599700928,86.62851654052734,91.54574813842774,91.52455596923828,3083556.0
06/17/2020,92.05860119953358,92.4259308400534,90.95661227797412,91.06021881103516,3317200,0.0,0.0,-,98.11143245697022,86.48591690063476,91.47557830810547,92.14430541992188,3133756.0
06/16/2020,91.44638115726562,92.35058491852966,89.73217380247505,91.9455795288086,4164100,0.0,0.0,-,98.15155551910401,86.30696105957031,91.15581398010254,92.4701919555664,3175052.0
06/15/2020,83.95849937408592,86.17189792433888,82.75290393493106,86.02120208740234,3879400,0.0,0.0,-,98.19239238739014,85.87614868164063,90.82663002014161,92.5822738647461,3162464.0
06/12/2020,90.81531893887043,91.1638142518472,84.57070862392322,87.1043472290039,2933000,0.0,0.0,-,98.25093406677246,85.65141784667969,90.54312515258789,93.13515396118164,3167626.0
06/11/2020,91.06019803402864,91.2108938385144,87.7919005853511,88.88447570800781,3797000,0.0,0.0,-,98.29480678558349,85.43685928344726,90.16825981140137,93.55711364746094,3198344.0
06/10/2020,95.77899767281887,95.90143848640592,92.91570498304408,94.22490692138672,3299400,0.0,0.0,-,98.3390320968628,85.2974624633789,89.66671371459961,93.92444610595703,3219920.0
06/09/2020,96.16514839004236,96.9280697442414,94.81827088171516,95.6847915649414,2678700,0.0,0.0,-,98.34903106689453,85.01169860839843,89.03471755981445,93.59007949829102,3218680.0
06/08/2020,96.58901186904806,98.00182038676648,95.4964364994396,96.78680419921876,3616800,0.0,0.0,-,98.37252716064454,84.6530339050293,88.52422370910645,92.9317138671875,3234966.0
06/05/2020,96.35351876473068,98.8306398023536,95.4116466641406,96.52305603027344,2570800,0.0,0.0,-,98.38256851196289,84.32978302001953,87.99206581115723,92.09533004760742,3271360.0
06/04/2020,93.71628396982936,95.12909227088204,92.81208751946538,93.20767211914062,2689600,0.0,0.0,-,98.38687187194824,83.93061798095704,87.39727401733398,91.56694030761719,3333050.0
06/03/2020,94.11187112794664,94.86537178335792,93.0758131161922,94.31908416748048,2303300,0.0,0.0,-,98.40728469848632,83.41484909057617,86.92162895202637,90.80685119628906,3446288.0
06/02/2020,92.83093054824413,93.23593592014224,90.4103190518061,93.06639862060548,2510600,0.0,0.0,-,98.41788776397705,82.71371955871582,86.38617515563965,89.84143600463867,3519626.0
06/01/2020,91.43698295207037,93.34898295489602,90.881274446912,91.5500030517578,2253900,0.0,0.0,-,98.42648235321045,82.05610443115235,85.89545936584473,89.07098617553712,3669588.0
05/29/2020,92.34116797555896,93.12292376692702,89.92997700893703,91.32394409179688,4511800,0.0,0.0,-,98.44621063232422,81.44953826904298,85.5074073791504,87.95109634399414,3783684.0
05/28/2020,90.94719930417808,94.75236477376674,89.22357822306854,92.55780029296876,4286700,0.0,0.0,-,98.48702453613281,80.7527409362793,85.24368286132812,86.7794059753418,3856440.0
05/27/2020,89.68506638783138,90.98484735507743,88.34760967264737,90.88124084472656,2974500,0.0,0.0,-,98.50690124511719,80.21191787719727,85.18622856140136,85.40898132324219,3927962.0
05/26/2020,91.1073282371638,91.52174724232688,88.74322629810253,89.10113525390625,4445100,0.0,0.0,-,98.54553573608399,79.78694549560547,85.00020980834961,84.47935562133789,3966146.0
05/22/2020,87.57528671027414,91.06963196503068,86.52980791708728,88.42296600341797,5340100,0.0,0.0,-,98.60026756286621,79.74823425292969,84.82266578674316,84.11673355102539,3963212.0
05/21/2020,89.00691902658474,93.62209404292383,88.06504686757326,91.2391586303711,5012800,0.0,0.0,-,98.64376266479492,79.69529235839843,84.4275505065918,83.88880157470703,3961888.0
05/20/2020,85.54085022595471,86.9348245258311,84.76851515310749,85.60678100585938,2431800,0.0,0.0,-,98.67069995880126,79.72142791748047,83.75693778991699,83.22760772705078,3936254.0
05/19/2020,85.27715091295495,86.28495436479578,82.82828345095946,84.66493225097656,3319700,0.0,0.0,-,98.71570472717285,79.92199569702149,83.42634010314941,83.03640670776367,3966042.0
05/18/2020,84.67433744286731,87.02901864436019,83.61943767766846,85.36190032958984,2581900,0.0,0.0,-,98.77602718353272,80.00919204711914,83.08773536682129,82.93091430664063,3980998.0
05/15/2020,78.8629523132409,81.00099877013906,77.55374351277597,80.35110473632812,3067500,0.0,0.0,-,98.83323886871338,80.2270523071289,82.89370880126953,82.71993255615234,4008162.0
05/14/2020,77.47841426747125,79.76716415107438,75.21791940197562,79.60704040527344,2171100,0.0,0.0,-,98.9270009613037,80.52972946166992,83.19557914733886,83.06371841430663,4009546.0
05/13/2020,80.95392507451496,81.33067544921471,77.81749563098512,78.85355377197266,2192900,0.0,0.0,-,99.02593208312989,80.99508270263672,83.32131996154786,83.70795974731445,4064898.0
05/12/2020,85.56909975816205,85.91759510725213,81.1140476606019,81.5849838256836,2301600,0.0,0.0,-,99.12942512512207,81.46912078857422,83.54925308227538,84.96347579956054,4090786.0
05/11/2020,84.86269609477709,86.09655374220827,83.6947764093903,85.47491455078125,1598100,0.0,0.0,-,99.22075637817383,81.94036224365234,83.75411071777344,85.52106399536133,4107516.0
05/08/2020,85.8045716116008,86.27550779737899,85.20177386867802,86.14364624023438,1480000,0.0,0.0,-,99.28651592254639,82.27371063232422,83.57751007080078,85.52859802246094,4158594.0
05/07/2020,85.37130009298966,86.52980612131334,84.54245510061942,84.6272201538086,2286200,0.0,0.0,-,99.35094135284425,82.65302780151367,83.44941368103028,84.96629943847657,4183772.0
05/06/2020,84.13745193135854,85.04164845176975,83.25208969461802,83.69477081298828,1938400,0.0,0.0,-,99.42369667053222,83.19901306152343,83.41173934936523,84.2862678527832,4186688.0
05/05/2020,84.76851443212146,85.69155252885204,82.96012118218937,83.6100082397461,2423200,0.0,0.0,-,99.50031967163086,83.71763732910156,83.22101058959962,83.81627349853515,4193834.0
05/04/2020,82.12183906393884,83.63825387428348,80.71844431812227,83.25208282470703,1864300,0.0,0.0,-,99.58049774169922,84.32941360473633,83.14613151550293,83.24455642700195,4181698.0
05/01/2020,83.1202348122861,84.37292676127235,82.29138973196578,83.7889633178711,1990100,0.0,0.0,-,99.66447483062744,84.97877151489257,82.50377540588379,83.06748504638672,4170740.0
04/30/2020,89.88287370145201,90.49509213244322,85.75747562241291,86.04945373535156,3058100,0.0,0.0,-,99.7469361114502,85.62809616088867,82.05356025695801,83.32743988037109,4152246.0
04/29/2020,91.49347935655732,92.9627979206944,89.60031392405439,91.4087142944336,3552400,0.0,0.0,-,99.81585159301758,86.21587265014648,81.56990852355958,82.93468017578125,4112308.0
04/28/2020,88.58309500594105,95.20445629835268,86.80295688726112,87.1608657836914,4800000,0.0,0.0,-,99.85582107543945,86.68801345825196,81.09520454406739,82.13503036499023,4071204.0
04/27/2020,81.85811747185258,85.80455715745624,81.471946415327,85.55025482177734,3238400,0.0,0.0,-,99.91548759460449,87.23177719116211,80.73399696350097,81.98715744018554,4001358.0
04/24/2020,78.18482113543001,81.28358184493777,77.80807078065449,80.52066040039062,2213900,0.0,0.0,-,99.96862617492675,87.78559326171874,80.34406204223633,81.62642211914063,3962396.0
04/23/2020,79.79542110854975,80.3699637770829,77.53492618811447,77.826904296875,3721400,0.0,0.0,-,100.04555751800537,88.42986022949219,80.34924201965332,81.93252792358399,3945894.0
04/22/2020,80.12507108292252,80.982178269637,77.17701356183233,78.99482727050781,3265800,0.0,0.0,-,100.13301338195801,89.1212419128418,80.286137008667,82.53721084594727,3896684.0
04/21/2020,78.78762053461924,80.53950361422925,76.88503443546985,77.89283752441406,4154500,0.0,0.0,-,100.21276023864746,89.76222259521484,79.70735702514648,82.62574768066406,3858836.0
04/20/2020,85.22060293926164,85.22060293926164,81.4342725324638,81.48136901855469,3565500,0.0,0.0,-,100.2947456741333,90.40965576171875,78.77584552764893,83.0477066040039,3796926.0
04/17/2020,84.82500049540126,86.6710689810595,83.56289530878433,86.38851165771484,5080600,0.0,0.0,-,100.35467594146729,90.99959075927734,77.71105918884277,81.94006576538087,3750956.0
04/16/2020,83.4028037257365,83.65710611141924,81.34952161045133,82.12185668945312,2610700,0.0,0.0,-,100.38156494140625,91.50171188354493,76.45271835327148,80.77968063354493,3683658.0
04/15/2020,81.54731288676206,84.15629623361151,81.18939678117366,83.41221618652344,2383500,0.0,0.0,-,100.43352588653565,92.04428268432618,75.17082939147949,80.20513687133788,3661648.0
04/14/2020,83.36513120855899,86.04946621030953,83.20500743336122,85.68213653564453,3034400,0.0,0.0,-,100.47968940734863,92.51372207641602,74.27605094909669,80.05537872314453,3647232.0
04/13/2020,83.84548076279943,83.84548076279943,80.15334255274803,81.94290161132812,2192200,0.0,0.0,-,100.52113948822021,92.90696395874023,73.47357521057128,79.4808364868164,3688844.0
04/09/2020,85.12638793473913,87.25502064583183,82.78112868989112,83.58171844482422,2693900,0.0,0.0,-,100.58997825622559,93.41236236572266,73.73470878601074,79.06170196533203,3677542.0
04/08/2020,80.76555196975453,86.52039245757472,79.77658315290151,83.87373352050781,3023800,0.0,0.0,-,100.6464635848999,93.88667404174805,73.8444164276123,78.76595611572266,3650982.0
04/07/2020,88.21577207230355,90.3914950079084,79.55996245222578,79.88019561767578,5867100,0.0,0.0,-,100.70775115966796,94.35908966064453,74.27802658081055,78.03506317138672,3621674.0
04/06/2020,75.34978340938369,82.9412717883862,73.60732110522476,82.1124267578125,5382000,0.0,0.0,-,100.79419387817383,94.91832412719727,75.06577529907227,76.78896636962891,3557890.0
04/03/2020,74.01233358399158,74.62455207015151,69.85867292554052,70.40496063232422,3534700,0.0,0.0,-,100.8723261642456,95.45000366210938,75.41139144897461,74.50398445129395,3481212.0
04/02/2020,75.34978226919137,77.48782917927697,71.23379782580732,74.78466033935547,4137500,0.0,0.0,-,101.00343444824219,96.2618424987793,76.70388908386231,73.48205261230468,3450300.0
04/01/2020,77.51609083981184,80.40763842666342,75.24617521564274,76.37641906738281,4468900,0.0,0.0,-,101.10904579162597,96.97106369018555,77.73890419006348,72.12575607299804,3402960.0
03/31/2020,79.21145862907345,83.62884199528149,78.87238402775726,81.91463470458984,4875800,0.0,0.0,-,101.20123050689698,97.65577392578125,79.063818359375,70.13652191162109,3350648.0
03/30/2020,77.78923903739799,80.5300912048375,75.89608066363517,79.93671417236328,3237400,0.0,0.0,-,101.26352767944336,98.22746566772462,80.09585952758789,68.49672317504883,3295028.0
03/27/2020,77.02631074654487,80.79379971188071,75.34977930671681,77.75155639648438,3493000,0.0,0.0,-,101.33370487213135,98.84566482543946,81.35637664794922,67.46631393432617,3267354.0
03/26/2020,77.55375452407999,81.78276593184923,76.58362729500051,80.62425994873047,5436500,0.0,0.0,-,101.40438629150391,99.50230850219727,82.57591552734375,68.40771560668945,3225676.0
03/25/2020,69.65145730200608,79.9272880740884,68.56830984988908,76.56480407714844,5655300,0.0,0.0,-,101.46145179748535,100.12384613037109,83.80017776489258,68.92287673950196,3153506.0
03/24/2020,63.87778539117336,67.6264406762567,62.22950870380138,67.41922760009766,8351500,0.0,0.0,-,101.53661815643311,100.84554061889648,85.56826171875,70.52098999023437,3068242.0
03/23/2020,59.045977361326855,62.56858159287312,56.98327817219491,59.26260757446289,5970200,0.0,0.0,-,101.66174179077149,101.76423095703124,87.67859954833985,73.34258422851562,2926646.0
03/20/2020,61.62670573168408,65.93106191498276,60.13854575241189,60.18564224243164,10008700,0.0,0.0,-,101.81366441726685,102.87253303527832,90.42541027069092,76.31879844665528,2850958.0
03/19/2020,56.003721930095566,65.30000342656142,54.31776977618798,61.22169494628906,7958700,0.0,0.0,-,101.95551822662354,103.90641143798828,93.2021270751953,79.92572555541992,2682088.0
03/18/2020,61.50425804599353,62.11646923235457,53.027404582520894,56.48407745361328,8149600,0.0,0.0,-,102.09056022644043,104.91299575805664,95.95380210876465,83.3520523071289,2562152.0
03/17/2020,70.10356889846565,70.32961628136593,63.75535040214755,65.51664733886719,7862800,0.0,0.0,-,102.237170753479,105.98860412597656,98.9015121459961,87.99111480712891,2430632.0
03/16/2020,79.43750900077032,79.43750900077032,68.93563825178394,69.63262176513672,4883700,0.285,0.0,-,102.34304679870606,106.87285690307617,101.37646751403808,91.69499588012695,2303106.0
03/13/2020,89.79471457126336,91.20318550847318,82.14202821017285,87.16557312011719,4298400,0.0,0.0,-,102.42792343139648,107.67422698974609,103.6122890472412,95.24643936157227,2239882.0
03/12/2020,87.01532530860136,90.57406243065545,85.47539778927626,85.77587127685547,5273900,0.0,0.0,-,102.41301582336426,108.11723846435547,104.91606330871582,96.74411544799804,2185434.0
03/11/2020,93.35346056904751,94.80888353665097,91.86048467719554,92.54593658447266,3731100,0.0,0.0,-,102.40985794067383,108.5895460510254,106.26397018432617,98.6774787902832,2108264.0
03/10/2020,91.23135596439867,95.70089833650428,89.93555818803884,95.63516998291016,3921200,0.0,0.0,-,102.37960865020752,108.89753173828124,107.25647277832032,100.61553344726562,2051554.0
03/09/2020,91.0717277817372,91.85108341098804,88.64916324119477,89.02474975585938,4067500,0.0,0.0,-,102.34197734832763,109.15030578613282,108.02690734863282,102.01461486816406,1993790.0
03/06/2020,91.6351228527223,97.10938203980731,91.40037767829006,96.25491333007812,3940100,0.0,0.0,-,102.33749141693116,109.53172012329101,109.08889465332031,104.53202209472656,1923154.0
03/05/2020,99.85121757205182,100.62118872647125,94.55536628790652,95.4849624633789,3136700,0.0,0.0,-,102.31023262023926,109.75125366210938,109.82505493164062,106.4785285949707,1873768.0
03/04/2020,102.70568567514344,103.7573464260506,99.35352553870206,102.87470245361328,4938700,0.0,0.0,-,102.28342086791992,110.00552947998047,110.62553520202637,108.5555519104004,1885070.0
03/03/2020,104.22684232202946,107.33486568802812,101.02491516880228,102.55545806884766,3487300,0.0,0.0,-,102.2221308517456,110.11069564819336,110.94431991577149,109.81190948486328,1814854.0
03/02/2020,102.55546797378324,105.16583304053712,99.48499722950226,105.14705657958984,3138100,0.0,0.0,-,102.15628410339356,110.19088485717774,111.16075630187989,111.05793914794921,1782374.0
02/28/2020,101.99210077612784,103.89823072308164,100.2455958516414,102.142333984375,4152000,0.0,0.0,-,102.07104667663575,110.22525146484375,111.17061500549316,111.97813873291015,1754532.0
02/27/2020,110.61193232397336,111.75748279138902,105.02499270921192,105.10950469970705,2738900,0.0,0.0,-,102.00064640045166,110.33060440063477,111.42413940429688,113.0880111694336,1710240.0
02/26/2020,111.17530298267708,114.00163655667444,110.76214923178152,111.92648315429688,2432000,0.0,0.0,-,101.91070232391357,110.39727157592773,111.53352928161621,113.85046157836913,1681846.0
02/25/2020,114.54624049150188,114.75281736810145,109.44757558685792,109.62598419189452,2295700,0.0,0.0,-,101.80550518035889,110.34562789916993,111.31193084716797,113.897412109375,1674042.0
02/24/2020,114.55563206696804,115.66362945056332,113.6636033713322,114.19882202148438,1816400,0.0,0.0,-,101.70957313537598,110.30994659423828,111.22272758483886,114.03919982910156,1656200.0
02/21/2020,115.73876195809454,116.31154075261168,114.66832454365196,115.71997833251952,1316400,0.0,0.0,-,101.58993782043457,110.18468688964843,110.94760665893554,113.64576721191406,1645158.0
02/20/2020,115.34438321249132,116.58384458653092,114.49930633216113,116.25519561767578,1065400,0.0,0.0,-,101.45770915985108,110.03106964111328,110.71145286560059,113.17158126831055,1657770.0
02/19/2020,115.45705465829984,116.0861699461077,115.09085279442046,115.4382781982422,1061200,0.0,0.0,-,101.3304023361206,109.84515121459961,110.41097908020019,112.69551849365234,1661332.0
02/18/2020,114.1612859079544,115.50402872115558,113.63545179532866,115.01575469970705,1497200,0.0,0.0,-,101.20596817016602,109.66768402099609,110.16966171264649,112.07673034667968,1667292.0
02/14/2020,113.53214391987402,114.52746102955908,113.31617523713034,114.34905242919922,1307700,0.0,0.0,-,101.08005741119385,109.5062727355957,109.94383506774902,111.26357345581054,1676640.0
02/13/2020,112.45231808828224,113.38190687166164,112.18940466783988,113.24105834960938,1290300,0.0,0.0,-,100.95524269104004,109.3604443359375,109.76871604919434,110.36309127807617,1688298.0
02/12/2020,113.12838608644996,113.2410591738291,112.36780692737332,112.7340087890625,1388800,0.0,0.0,-,100.84426525115967,109.26919158935547,109.63585014343262,109.76026763916016,1713186.0
02/11/2020,111.77626491906904,112.61195718041024,111.42883947632158,112.39598846435548,1260900,0.0,0.0,-,100.73866649627685,109.19089065551758,109.58420677185059,109.21659698486329,1713640.0
02/10/2020,109.7574552303054,111.17531811618422,109.58843841500956,111.04386138916016,1373400,0.0,0.0,-,100.63606285095214,109.12272323608398,109.59688377380371,108.72644958496093,1720218.0
02/07/2020,110.8184909835748,110.82788279576936,109.42880366063712,110.26449584960938,1059000,0.0,0.0,-,100.53774932861329,109.06286041259766,109.7123779296875,108.40625534057617,1794082.0
02/06/2020,112.0579408504398,112.34902970652256,110.93116700115874,110.97811889648438,1267000,0.0,0.0,-,100.44584983825683,108.98110931396485,109.93303871154785,108.24944610595703,1817104.0
02/05/2020,109.92647179949286,111.81382503876196,109.92647179949286,111.49456787109376,1715700,0.0,0.0,-,100.34711929321288,108.85117050170898,109.97811088562011,108.25132446289062,1870872.0
02/04/2020,108.71517804685377,109.67294231752476,108.21751945069408,109.25039672851562,1510200,0.0,0.0,-,100.24543361663818,108.71596237182617,109.98092803955078,108.12643966674804,1886470.0
02/03/2020,105.69167616763384,107.71987812683987,105.67289970379896,106.88418579101562,1662700,0.0,0.0,-,100.16531692504883,108.60034194946289,110.03163299560546,108.26259307861328,1901620.0
01/31/2020,106.89354283496364,107.08134324408648,104.67755531813884,105.34423065185548,5115000,0.0,0.0,-,100.09665847778321,108.56914627075196,110.17388801574707,108.6240966796875,1908236.0
01/30/2020,106.55553830320488,107.6635358710272,106.16116094500369,107.21282196044922,1627100,0.0,0.0,-,100.03085193634033,108.56443969726563,110.39173278808593,109.1743408203125,1841954.0
01/29/2020,107.7292395950307,108.37713129073023,107.00622057358892,107.29730224609376,1365900,0.0,0.0,-,99.95164707183838,108.54447219848633,110.49689903259278,109.51143264770508,1832444.0
01/28/2020,108.08606973162172,108.42410335917424,107.38183420152978,107.49451446533205,1558400,0.0,0.0,-,99.86903667449951,108.51288391113282,110.60159645080566,109.95181655883789,1830948.0
01/27/2020,107.109515233933,108.4522577594132,106.57429658609004,107.8419189453125,2677900,0.0,0.0,-,99.78665214538574,108.45018112182618,110.62413177490234,110.46731796264649,1833458.0
01/24/2020,110.8184946428208,111.17531187945876,108.23629782079044,108.69640350341795,1548100,0.0,0.0,-,99.70583995819092,108.37266052246093,110.64572944641114,111.01850051879883,1806442.0
01/23/2020,110.17998671626216,111.38188797335984,108.95931616199748,110.99690246582033,1989100,0.0,0.0,-,99.61707290649414,108.30072311401368,110.61568260192871,111.61663131713867,1798006.0
01/22/2020,110.92177994994016,111.269205364242,110.23632809742908,110.24571990966795,1770500,0.0,0.0,-,99.52202426910401,108.1760301208496,110.4274169921875,111.70489730834962,1786862.0
01/21/2020,110.09548858952188,111.00630102726808,110.02036841316348,110.61193084716795,1853300,0.0,0.0,-,99.42951950073243,108.08978271484375,110.32506866455078,111.83541641235351,1779246.0
01/17/2020,110.9968803037659,111.47576234850212,110.28325314194268,110.4992218017578,2094800,0.0,0.0,-,99.33084850311279,107.98103439331055,110.20112266540528,111.80067291259766,1767824.0
01/16/2020,111.16592205042096,111.66358066423872,110.28327791943612,110.84667205810548,1853700,0.0,0.0,-,99.22108768463134,107.87079193115234,110.0044075012207,111.72367935180664,1760022.0
01/15/2020,111.27859102456463,112.08611489997708,110.28326673402525,110.583740234375,1409100,0.0,0.0,-,99.10390293121338,107.74816665649413,109.80534324645996,111.60912475585937,1753756.0
01/14/2020,112.71524221590668,112.79974703885335,111.56029282198996,111.70114135742188,1828000,0.0,0.0,-,98.99036342620849,107.6161848449707,109.6466552734375,111.48236541748047,1751462.0
01/13/2020,113.31620401637863,113.4101006642588,111.96406936256828,112.64952850341795,1392100,0.0,0.0,-,98.86582969665527,107.43712142944337,109.48374137878417,111.25137634277344,1750720.0
01/10/2020,114.6495352167622,114.91244865090488,113.14716761890844,113.35374450683594,1271700,0.0,0.0,-,98.73100704193115,107.25126983642578,109.3184799194336,110.7809455871582,1754460.0
01/09/2020,113.30680051043475,115.13781719250494,112.2457548875525,114.6777114868164,2185800,0.0,0.0,-,98.59149803161621,107.02322738647462,109.04288864135742,110.27295837402343,1760340.0
01/08/2020,111.84200228672864,112.76219944766194,111.6917619219245,111.87956237792967,1565200,0.0,0.0,-,98.44182655334473,106.77938613891601,108.7057949066162,109.61473388671875,1747584.0
01/07/2020,109.8701346231198,111.6260239618001,109.42881254424692,111.55091094970705,1961900,0.0,0.0,-,98.30101821899414,106.61586685180664,108.5137725830078,109.14993667602539,1738618.0
01/06/2020,109.15649841782484,110.31144774672842,108.58371965947032,110.26449584960938,1573600,0.0,0.0,-,98.1605945968628,106.45423614501954,108.28419075012206,108.81472091674804,1726634.0
01/03/2020,108.38654349382732,109.86074291995978,108.17057477872638,109.72928619384766,1486500,0.0,0.0,-,98.0357859802246,106.30802795410156,108.09921188354492,108.6015724182129,1724856.0
01/02/2020,109.37248425884744,109.71051074844468,108.42411166644835,109.7011260986328,1722500,0.0,0.0,-,97.91369987487793,106.21018661499023,107.96000709533692,108.28513565063477,1722672.0
12/31/2019,109.47577187285908,109.89831754599147,108.5931347613248,109.31614685058594,1576000,0.0,0.0,-,97.7927335357666,106.09567016601562,107.82783241271973,108.00156173706054,1744876.0
12/30/2019,107.67291422478672,109.87013276911723,107.1940392298752,109.39125061035156,1415400,0.0,0.0,-,97.67094188690186,106.04787643432617,107.79594612121582,107.81094512939453,1745270.0
12/27/2019,109.0156583774619,109.0156583774619,107.5414589577106,107.94522094726562,895600,0.0,0.0,-,97.54304126739503,105.97796875,107.76733169555663,107.71610641479492,1737470.0
12/26/2019,108.0297425285756,108.54617766368004,107.29733149627285,108.27387237548828,1033000,0.0,0.0,-,97.41810573577881,105.92255462646484,107.81945152282715,107.85601425170898,1756052.0
12/24/2019,107.56024787235442,108.35838007778332,107.30671905787354,108.09546661376952,535700,0.0,0.0,-,97.29826648712158,105.85457107543945,107.80829391479492,107.81281890869141,1767982.0
12/23/2019,108.32081129316953,108.48043628867129,107.13769363622175,107.2315902709961,1470800,0.0,0.0,-,97.18150390625,105.78003692626953,107.71236763000488,107.79685592651367,1774326.0
12/20/2019,109.0438302882153,109.0438302882153,107.532070730209,108.1987533569336,3701800,0.0,0.0,-,97.06710845947265,105.74264251708985,107.57484703063965,107.87760848999024,1784156.0
12/19/2019,106.79965294886802,108.17056378459796,106.79965294886802,108.1330108642578,1427900,0.0,0.0,-,96.94006847381591,105.65873550415039,107.40161743164063,107.7536605834961,1739346.0
12/18/2019,106.8653920579962,107.1846492238396,105.71044979920693,106.5649185180664,1863300,0.0,0.0,-,96.8289281463623,105.54166564941406,107.1684356689453,107.59685134887695,1739956.0
12/17/2019,107.71047099235582,107.71047099235582,106.5743052497958,106.86538696289062,1746000,0.0,0.0,-,96.7350174331665,105.43178604125977,107.10640983581543,107.63487854003907,1736596.0
12/16/2019,108.9499082488037,109.41939850733608,107.21279572500453,107.40998077392578,1937400,0.0,0.0,-,96.63839580535888,105.32076919555664,107.01858558654786,107.6541030883789,1734042.0
12/13/2019,109.20344259355456,109.28794740576936,108.20811832306566,108.44286346435548,1319200,0.0,0.0,-,96.53640182495117,105.21366271972656,106.95880889892578,107.78094711303712,1726698.0
12/12/2019,107.87009990845068,109.663556478638,107.57901818477065,109.34429931640624,2041800,0.0,0.0,-,96.43510005950928,105.04842346191407,106.8225601196289,107.81855697631836,1727090.0
12/11/2019,108.26446450762222,108.26446450762222,107.1658517766996,107.8419189453125,1403600,0.0,0.0,-,96.3291516494751,104.8763981628418,106.5733139038086,107.78288879394532,1720746.0
12/10/2019,107.9640122327683,108.33021416045538,107.23160121353938,107.9358367919922,1264300,0.0,0.0,-,96.23048267364501,104.7675860595703,106.3795124053955,107.80376892089843,1732182.0
12/09/2019,106.81844530699745,108.33958944002644,106.75271694524746,108.03911590576172,1947000,0.0,0.0,-,96.1292989730835,104.66720138549805,106.23769721984863,107.6278793334961,1738552.0
12/06/2019,107.83251929682504,108.11421631789251,106.76208207893328,106.9592742919922,1243500,0.0,0.0,-,96.02536781311035,104.5497607421875,106.0738540649414,107.27208557128907,1738504.0
12/05/2019,107.26915404888815,107.3254977627748,106.30200506610964,106.5649185180664,1359200,0.255,0.0,-,95.92920639038086,104.4314321899414,106.02255783081054,107.04957427978516,1741434.0
12/04/2019,107.29183254739874,107.8445972061121,106.4205311158859,106.9451904296875,1964600,0.0,0.0,-,95.83111248016357,104.32829818725585,105.95303764343262,106.74001998901367,1748674.0
12/03/2019,107.75093111105454,108.53790951168426,106.41118794515782,107.05763244628906,1890600,0.0,0.0,-,95.73316230773926,104.20631637573243,105.85513305664062,106.5779411315918,1752910.0
12/02/2019,109.2873963609685,110.15869778092622,108.57536332529833,108.6784210205078,2534700,0.0,0.0,-,95.63325538635254,104.07065567016602,105.73802185058594,106.3830680847168,1758438.0
11/29/2019,109.22182207388757,109.84016113824198,108.72527522655064,108.81896209716795,1411500,0.0,0.0,-,95.52682498931885,103.85985763549805,105.5033332824707,106.13667068481445,1799602.0
11/27/2019,108.7908728908356,109.1375150783321,107.92893496887004,108.98761749267578,1589800,0.0,0.0,-,95.4163452911377,103.71857604980468,105.19978370666504,105.82656326293946,1795510.0
11/26/2019,106.22379404046858,108.70653546850652,105.8584102351636,108.05072021484376,5066600,0.0,0.0,-,95.31129711151124,103.57579483032227,104.9182502746582,105.36373901367188,1803406.0
11/25/2019,104.9589902871602,106.79527991593436,104.5092904973396,106.17694091796876,2210100,0.0,0.0,-,95.21149108886719,103.44107131958008,104.61329536437988,104.95525588989258,1739216.0
11/22/2019,105.94272047411454,106.70159333885874,101.56747902897928,104.4811782836914,3955400,0.0,0.0,-,95.1181258392334,103.3335174560547,104.42873077392578,104.84751510620117,1725386.0
11/21/2019,104.15329128854742,104.79037207498084,103.61926821373196,104.73416137695312,2495600,0.0,0.0,-,95.0277545928955,103.28873458862304,104.38985176086426,104.87562255859375,1677800.0
11/20/2019,105.30566569532184,105.78347809507896,103.04777391132431,103.46937561035156,2267700,0.0,0.0,-,94.93444522857666,103.24320205688477,104.32661247253418,104.99554138183593,1672730.0
11/19/2019,105.60546965920348,106.76720276212806,104.76227339585049,105.32440185546876,1993500,0.0,0.0,-,94.84778518676758,103.20329025268555,104.30084800720215,105.16605529785156,1667788.0
11/18/2019,105.81156420026542,106.18631166743968,104.78098722198696,105.10890197753906,1800900,0.0,0.0,-,94.7543134689331,103.11868957519532,104.27648887634277,105.13232498168945,1669548.0
11/15/2019,106.48614399715892,106.49550768235883,105.15576447008851,106.21444702148438,1151600,0.0,0.0,-,94.6579683303833,103.04456756591797,104.21980895996094,105.09297561645508,1662396.0
11/14/2019,104.70605954071968,105.86779260865532,103.99402636779416,105.71788787841795,1291100,0.0,0.0,-,94.55326030731202,102.96123336791992,104.25540962219239,104.86999588012695,1668092.0
11/13/2019,104.00336210758856,104.87466340150864,102.4293987104378,104.359375,1683900,0.0,0.0,-,94.45284782409668,102.89119522094727,104.26430854797363,104.57300415039063,1691088.0
11/12/2019,105.07141100436696,105.3150025420058,103.844089634307,103.96588897705078,1327100,0.0,0.0,-,94.36001792907715,102.78495666503906,104.30506553649903,104.47276153564454,1689654.0
11/11/2019,104.61235707605094,105.28690681809076,104.09706857742688,105.09953308105467,1126300,0.0,0.0,-,94.26534412384034,102.66882827758789,104.35050582885742,104.27133483886719,1705028.0
11/08/2019,105.65228876477896,105.92398568223408,104.36876367799934,104.7622528076172,1431900,0.0,0.0,-,94.16532745361329,102.54853424072266,104.31396713256837,104.00994644165038,1728314.0
11/07/2019,105.25879277522112,106.5423249262,105.09952439711516,105.933349609375,1389700,0.0,0.0,-,94.07150577545166,102.45554824829101,104.34394798278808,103.90408096313476,1738218.0
11/06/2019,105.35251772598608,105.41809926702584,104.2938422355294,105.1745147705078,1282200,0.0,0.0,-,93.96573963165284,102.29147201538086,104.24745063781738,103.65768356323242,1752326.0
11/05/2019,104.45307571044822,105.6803972074781,104.37813050852424,104.98709869384766,1704700,0.0,0.0,-,93.86520854949951,102.10555953979492,104.10270080566406,103.43564071655274,1773782.0
11/04/2019,104.5655107641383,104.94962907197495,103.98464073889876,104.71540832519533,1540400,0.0,0.0,-,93.76617237091064,101.96040832519532,103.90689277648926,103.4206527709961,1775438.0
11/01/2019,103.23514749292949,104.52804355282564,102.81354582385316,103.98464965820312,1294400,0.0,0.0,-,93.6749089050293,101.79059417724609,103.73684959411621,103.3466423034668,1822970.0
10/31/2019,103.51621445747458,103.9659215024318,102.33574686668248,102.74797058105467,1790900,0.0,0.0,-,93.57702701568604,101.71858139038086,103.64034996032714,103.64082336425781,1875530.0
10/30/2019,101.82983189081554,103.42253038714432,101.736137857507,103.35694885253906,1579100,0.0,0.0,-,93.48277225494385,101.63952346801757,103.51199645996094,103.95561294555664,1873438.0
10/29/2019,102.54185580846386,103.5255859549591,101.8860404760344,101.95162200927734,1565700,0.0,0.0,-,93.38826137542725,101.52005905151367,103.38130073547363,104.13736953735352,1888016.0
10/28/2019,103.63801854983012,104.10646013352478,102.36385687035258,102.48564910888672,1548000,0.0,0.0,-,93.29975456237793,101.42683135986329,103.40378532409667,104.42967681884765,1891132.0
10/25/2019,103.15083324781575,104.56552880382677,102.73860952290453,103.70359802246094,1116900,0.0,0.0,-,93.21127346038818,101.30591232299804,103.42533302307129,104.61798782348633,1898178.0
10/24/2019,103.26326017720729,103.7035963938608,102.28890086006672,103.46937561035156,1362700,0.0,0.0,-,93.11447151184082,101.12754669189454,103.34850730895997,104.7838150024414,1915430.0
10/23/2019,104.91217575696508,105.13702570615492,102.74797087201566,102.95408630371094,1484700,0.0,0.0,-,93.01702796936036,100.96807235717773,103.22718086242676,104.83721771240235,1936448.0
10/22/2019,104.25634914904604,105.8490546913294,104.0221283764618,104.83721923828124,1377300,0.0,0.0,-,92.92773853302002,100.89872512817382,103.14988746643067,104.76976089477539,1940134.0
10/21/2019,104.45310894909218,106.07392007642652,102.18585325583872,103.97530364990234,2832700,0.0,0.0,-,92.81690212249755,100.73264358520508,102.95033149719238,104.39313278198242,1947466.0
10/18/2019,105.6897749220621,107.5822826919263,105.39934346294302,106.92646026611328,1595700,0.0,0.0,-,92.69368877410889,100.62530029296875,102.7652961730957,104.12705688476562,1921808.0
10/17/2019,105.84902654069366,106.51421250018409,105.48363565661556,105.89586639404295,1025400,0.0,0.0,-,92.54521503448487,100.48772109985352,102.32589912414551,103.63987655639649,1927128.0
10/16/2019,104.88407610488726,105.56800401674636,104.46248150503908,105.1745147705078,1824700,0.0,0.0,-,92.40514789581299,100.31224349975587,102.11884994506836,103.06837997436523,1941972.0
10/15/2019,104.60299787182149,105.39934706451658,104.5936270395731,104.87469482421876,1629500,0.0,0.0,-,92.26599170684814,100.14128555297852,101.9525520324707,102.62523193359375,1938766.0
10/14/2019,105.33374742326453,105.71786570519372,104.30317763651236,104.36875915527344,852900,0.0,0.0,-,92.12080486297607,99.93594635009765,101.77454452514648,102.37789382934571,1949874.0
10/11/2019,104.9309044550278,106.34559990041784,104.61236764032904,105.36186981201172,1962300,0.0,0.0,-,91.97935615539551,99.78315963745118,101.59606895446777,102.23267822265625,1964092.0
10/10/2019,101.99847329785676,104.17204196648612,101.67055847005405,104.00340270996094,1461300,0.0,0.0,-,91.83270946502685,99.6120069885254,101.44007720947266,101.91319961547852,1956624.0
10/09/2019,101.6518082161529,102.5231097153482,101.21147205073105,102.2795181274414,1458400,0.0,0.0,-,91.66733737945556,99.51400939941406,101.36278381347657,101.61714401245118,1957098.0
10/08/2019,100.6774489555436,102.41068112130743,100.05910987625256,101.07093811035156,1695300,0.0,0.0,-,91.51374549865723,99.45628433227539,101.32249717712402,101.53001403808594,1952254.0
10/07/2019,101.3801262132321,102.09215941852972,100.9491608159826,101.31454467773438,1618300,0.0,0.0,-,91.36703319549561,99.42590881347657,101.3236686706543,101.50753021240234,1939566.0
10/04/2019,100.54627490612889,102.37319374494363,100.49006421811902,102.05465698242188,1570200,0.0,0.0,-,91.22519172668457,99.39664260864258,101.32808151245118,101.40353546142578,1932430.0
10/03/2019,100.29332910818852,100.4713320196011,98.20407685023976,100.18090057373048,1338800,0.0,0.0,-,91.08160179138184,99.3280859375,101.32773551940917,101.01192169189453,1935130.0
10/02/2019,101.99846138088088,102.01719589703866,100.19027678800649,100.74303436279295,1724600,0.0,0.0,-,90.94454536437988,99.30504257202148,101.42948951721192,101.16931991577148,1939930.0
10/01/2019,103.40377829625596,104.38750114815647,102.34509594173684,102.40131378173828,1975400,0.0,0.0,-,90.80900081634522,99.27374755859375,101.34471015930175,101.27987213134766,1931510.0
09/30/2019,102.25141697108462,103.42252080037396,102.25141697108462,102.9166030883789,1582800,0.0,0.0,-,90.67264835357666,99.20610870361328,101.13261795043945,101.17119522094727,1930116.0
09/27/2019,101.75485297435606,102.52309667122518,101.31451686495862,102.16708374023438,1944600,0.0,0.0,-,90.53409133911133,99.14068908691407,100.94102935791015,100.9594596862793,1953224.0
09/26/2019,101.84856676355976,102.12026373582842,100.23712659581524,101.0428466796875,1390000,0.0,0.0,-,90.3976549911499,99.0982974243164,100.8383228302002,100.96695480346679,1958708.0
09/25/2019,100.89293699981032,102.24204371867587,100.89293699981032,101.40821838378906,1721200,0.0,0.0,-,90.26433002471924,99.0830648803711,100.67265739440919,101.10842361450196,1966392.0
09/24/2019,101.46444615219804,102.23269003526192,100.03100895466636,100.84609985351562,2176400,0.0,0.0,-,90.12141590118408,99.05155151367188,100.39619102478028,101.1149803161621,1972470.0
09/23/2019,98.71000410460202,100.53692329262294,98.63505174102916,100.27459716796876,2167000,0.0,0.0,-,89.99637203216552,99.02268173217773,100.24036293029785,101.13980712890626,1977912.0
09/20/2019,101.7174129742431,102.62619085974664,97.9698800181721,98.13851928710938,4592900,0.0,0.0,-,89.87397640228272,98.99907318115234,100.03786811828613,101.25262756347657,2008446.0
09/19/2019,101.94225658947153,102.71987134482106,101.54876736912048,101.7548828125,1206900,0.0,0.0,-,89.77612064361573,98.95986221313477,100.15014266967773,101.64354934692383,1951046.0
09/18/2019,101.26768644856368,101.9422433949144,100.54628963795837,101.84855651855467,1984600,0.0,0.0,-,89.6733935546875,98.84290313720703,100.00215225219726,101.68965911865234,1957724.0
09/17/2019,101.0053715184517,102.10153025155834,100.62125313849396,101.31454467773438,1857100,0.0,0.0,-,89.56250347137451,98.71229354858399,99.77891082763672,101.40954818725587,1955582.0
09/16/2019,101.72676714283097,101.72676714283097,100.71493169496944,100.79924774169922,1518600,0.0,0.0,-,89.45655475616455,98.58488662719726,99.57769546508788,101.09404067993164,1951206.0
09/13/2019,102.69174187822952,103.30071723216004,102.13897721462038,102.24203491210938,1576100,0.0,0.0,-,89.33603225708008,98.45470016479493,99.35971794128417,100.92259902954102,1953080.0
09/12/2019,102.36384791107024,103.88159393477702,102.12025630747074,102.45753479003906,2242100,0.0,0.0,-,89.1999521636963,98.27920791625976,98.98688201904297,100.70969085693359,1945796.0
09/11/2019,100.60248401070449,101.7454823012443,99.93729800427626,101.47378540039062,2020600,0.255,0.0,-,89.06015258789063,98.06538345336914,98.6387882232666,100.23689117431641,1944434.0
09/10/2019,101.45889035960484,101.58974418111951,99.47737842795644,101.09436798095705,2081500,0.0,0.0,-,88.9311584854126,97.88618865966797,98.53943519592285,99.67740173339844,1958700.0
09/09/2019,102.16923406904849,102.5244148273194,100.6457176969335,101.40280151367188,1443300,0.0,0.0,-,88.80874313354492,97.71719970703126,98.31137390136719,99.34091873168946,2082056.0
09/06/2019,102.4870351696043,103.44039978771744,101.91688329421352,102.04773712158205,1436400,0.0,0.0,-,88.72441696166992,97.56858673095704,98.1716407775879,98.8231086730957,2126766.0
09/05/2019,100.01014864343144,102.32814401131122,99.76713133229109,102.21598052978516,2440900,0.0,0.0,-,88.6558242034912,97.44184509277343,98.07162895202637,98.65673599243163,2136812.0
09/04/2019,98.58945874575238,99.07548629560034,97.96322147885245,99.04744720458984,1612200,0.0,0.0,-,88.59195251464844,97.29510116577148,97.81692924499512,98.31464538574218,2134976.0
09/03/2019,98.29967214392076,99.15957059361985,97.27153207310688,98.1594696044922,2095800,0.0,0.0,-,88.55050556182861,97.2367771911621,97.69588775634766,98.14827346801759,2143906.0
08/30/2019,100.41206712207406,101.39347805581684,98.86985299662092,99.08483123779295,2290600,0.0,0.0,-,88.52439136505127,97.21696258544922,97.51830101013184,98.06135025024415,2163360.0
08/29/2019,99.06611552477234,100.5335537196596,99.06611552477234,100.11295318603516,1927100,0.0,0.0,-,88.50069583892822,97.19004364013672,97.40053062438965,97.79683685302734,2155962.0
08/28/2019,95.61717927879565,97.97255526720237,95.33677414948592,97.7295379638672,2095100,0.0,0.0,-,88.4764486694336,97.12031692504883,97.23509483337402,97.26407318115234,2153138.0
08/27/2019,98.2436158190347,98.2623061673144,95.8415031636526,95.87889099121094,2355000,0.0,0.0,-,88.46676052093505,97.08386474609375,97.3037940979004,97.04068527221679,2161026.0
08/26/2019,96.59858296938232,97.91647709373989,96.55185353516316,97.7295379638672,1787500,0.0,0.0,-,88.46363723754882,97.06255416870117,97.47951278686523,97.40146865844727,2161188.0
08/23/2019,98.73897667413702,99.42129194154292,95.71998316181508,96.22470092773438,3917000,0.0,0.0,-,88.44537395477295,96.99544479370117,97.57064399719238,97.28182907104494,2176694.0
08/22/2019,99.88863413084496,100.88873523769956,98.79505989936985,100.3840103149414,3922400,0.0,0.0,-,88.43361507415771,96.9503938293457,97.75197067260743,97.52017288208008,2142784.0
08/21/2019,98.80442320293042,99.65498027157084,97.4491482681289,98.79507446289062,1686300,0.0,0.0,-,88.39535831451416,96.7804704284668,97.664111328125,97.4865219116211,2102544.0
08/20/2019,96.2901535596781,98.21558767294428,95.89759202308008,97.38372802734376,2308000,0.0,0.0,-,88.3575834274292,96.64531616210938,97.6757942199707,97.31921310424805,2122050.0
08/19/2019,98.03797966507044,98.51466552026972,96.57989014445911,97.2902374267578,1721500,0.0,0.0,-,88.32955379486084,96.52960311889649,97.76552200317383,97.24350204467774,2128010.0
08/16/2019,95.878894096087,96.87899533991283,95.58914020587632,96.439697265625,1900300,0.0,0.0,-,88.30560710906983,96.4326774597168,97.85197868347169,96.97525177001953,2157478.0
08/15/2019,96.44903544484472,96.69204560873654,94.10300114620816,94.78531646728516,1979500,0.0,0.0,-,88.27896026611329,96.296826171875,98.01227493286133,97.00422439575195,2164274.0
08/14/2019,97.71083923934846,97.71083923934846,95.4021928830878,95.49565887451172,2413600,0.0,0.0,-,88.2534008026123,96.1722479248047,98.27538414001465,97.2061164855957,2159798.0
08/13/2019,96.49576311316255,100.98220215819303,95.5797863838594,99.48672485351562,1669000,0.0,0.0,-,88.22275985717773,96.02693664550782,98.51466217041016,97.56690292358398,2158230.0
08/12/2019,98.30902434619942,98.56138322126688,96.1966588357554,96.53314208984376,1743900,0.0,0.0,-,88.1675747680664,95.75332580566406,98.53195343017578,97.55755691528319,2172776.0
08/09/2019,99.9166844894357,100.1223139772048,98.10341405837964,98.60813903808594,1549800,0.0,0.0,-,88.13058773040771,95.55650009155273,98.67542686462403,97.85945892333983,2188414.0
08/08/2019,97.84166951463894,100.22509094303066,97.64538884057082,100.04750061035156,1861700,0.0,0.0,-,88.0856358718872,95.31649627685547,98.6997283935547,97.98376846313475,2209448.0
08/07/2019,95.4021823859982,97.4117330699929,94.91615500547256,97.12198638916016,1767600,0.0,0.0,-,88.02430950164795,94.99922729492188,98.50625190734863,97.8417007446289,2234114.0
08/06/2019,94.92551065170532,96.84159563795588,94.45817354588796,96.62661743164062,1664400,0.0,0.0,-,87.98335830688477,94.75967346191406,98.44549903869628,98.03237533569335,2300440.0
08/05/2019,95.63587499368292,96.3368807253013,93.61698219474152,94.60773468017578,2184900,0.0,0.0,-,87.94965827941894,94.55706268310547,98.38007202148438,98.28754196166992,2384012.0
08/02/2019,96.76681134379392,97.62670983022925,96.21535703107922,96.72942352294922,1563800,0.0,0.0,-,87.93235664367675,94.42708618164062,98.3968952178955,98.72870559692382,2404384.0
08/01/2019,99.7204243634226,100.08494684676003,95.79478719755724,96.80423736572266,1588900,0.0,0.0,-,87.89661296844483,94.25504898071289,98.27492027282715,99.02032546997069,2433152.0
07/31/2019,99.25307457789924,100.04754637376902,97.59869693387664,99.10352325439452,1485000,0.0,0.0,-,87.8569723892212,94.13502731323243,98.10807952880859,99.34465179443359,2458312.0
07/30/2019,99.21568149699236,99.52412573714967,98.58010266772848,99.3932647705078,1216200,0.0,0.0,-,87.79865081787109,93.95540908813477,97.74121894836426,99.46242141723633,2480128.0
07/29/2019,99.58954999831056,99.93537492714118,99.07547627842855,99.55216217041016,1060900,0.0,0.0,-,87.7421252822876,93.77987777709961,97.39725799560547,99.50634994506837,2504858.0
07/26/2019,98.93525069304104,100.066205482709,98.22489639016788,99.85123443603516,1261500,0.0,0.0,-,87.69467823028565,93.57655670166015,97.05189590454101,99.4913948059082,2517188.0
07/25/2019,97.46782935546352,99.06612146242956,97.46782935546352,98.62682342529295,1705200,0.0,0.0,-,87.63984912872314,93.3415234375,96.7579418182373,99.4156883239746,2527156.0
07/24/2019,99.01939069177794,99.64562071749712,98.60813174664963,99.02873229980467,1578800,0.0,0.0,-,87.58534790039063,93.13023254394531,96.61213340759278,99.17080307006836,2543082.0
07/23/2019,99.17828369140624,99.66431115618782,98.43989018970083,99.17828369140624,1303600,0.0,0.0,-,87.53115482330323,92.89207168579101,96.40463600158691,98.85862274169922,2567802.0
07/22/2019,100.06620140375392,100.45876992389066,98.75766343995508,99.01937103271484,1905700,0.0,0.0,-,87.48367679595947,92.72624710083008,96.25228424072266,98.47260208129883,2580292.0
07/19/2019,100.72984067410655,101.1317508864046,99.55215625472046,99.64562225341795,2738200,0.0,0.0,-,87.43504657745362,92.55465118408203,96.1597526550293,98.0650848388672,2571106.0
07/18/2019,100.36528633093909,100.59895481878156,99.42127077437286,100.04750061035156,2218800,0.0,0.0,-,87.39376079559327,92.36717391967774,96.0644157409668,97.52951507568359,2553968.0
07/17/2019,99.9260457696103,100.87941054136763,99.6082527583579,100.28121948242188,1774200,0.0,0.0,-,87.35287582397461,92.1517088317871,95.89337158203125,96.87150726318359,2542518.0
07/16/2019,99.58953988864268,100.43074097251244,99.075466220946,99.83255004882812,2025100,0.0,0.0,-,87.31249099731446,91.96196105957031,95.67465705871582,96.02001647949218,2530310.0
07/15/2019,99.2343691188916,100.23447033867618,98.08472371862472,99.4026107788086,2448500,0.0,0.0,-,87.2730052947998,91.77633895874024,95.42369766235352,95.28816604614258,2516090.0
07/12/2019,96.74814217590652,99.80452410624164,96.34623192759952,99.09416961669922,3693700,0.0,0.0,-,87.22797473907471,91.58495880126954,95.17227058410644,94.61239700317383,2509832.0
07/11/2019,96.27143687447214,96.50510541057524,95.68259473065156,96.17797088623048,1722900,0.0,0.0,-,87.18346656799316,91.39079757690429,94.91616973876953,94.1001953125,2473700.0
07/10/2019,95.88823153704186,96.23406358987424,94.75727650718316,95.90692901611328,1540800,0.0,0.0,-,87.15446643829345,91.28814956665039,94.70166320800782,94.05346374511718,2485526.0
07/09/2019,94.86943033831103,95.86018269834838,94.5703348825829,95.31807708740234,1877500,0.0,0.0,-,87.12190822601319,91.20229614257812,94.50818481445313,93.95064926147461,2487320.0
07/08/2019,94.19645646167406,95.06570367656715,93.65434376184876,94.94419860839844,1638300,0.0,0.0,-,87.09470462799072,91.13343978881836,94.32218475341797,94.03196640014649,2478788.0
07/05/2019,92.40188599751151,94.31797083580396,92.40188599751151,94.28992462158205,1612300,0.0,0.0,-,87.06932403564453,91.06217895507812,94.19717254638672,94.25442047119141,2475820.0
07/03/2019,91.97194515178562,93.50481031006552,91.96259641285752,93.46742248535156,1211900,0.0,0.0,-,87.04387744903565,91.01407241821289,93.96503295898438,94.59931640625,2491894.0
07/02/2019,92.33646346807323,92.89726655212176,91.15877199987273,91.7663116455078,2174000,0.0,0.0,-,87.02518547058105,90.96936416625977,93.71948204040527,94.91523590087891,2509258.0
07/01/2019,93.96278629423428,95.2619827249971,92.12147717309632,92.51404571533205,2733900,0.0,0.0,-,87.0164359664917,90.95718658447265,93.54267120361328,95.32929763793945,2497092.0
06/28/2019,94.07497090515882,94.83205481576724,92.58883504133593,92.6449203491211,8249300,0.0,0.0,-,87.00473583221435,90.97144683837891,93.20727806091308,95.55922927856446,2490288.0
06/27/2019,93.09355660724376,94.05626997205148,92.38320215970649,93.97215270996094,3678800,0.0,0.0,-,86.99685424804687,90.9815983581543,92.9096248626709,95.73214416503906,2356332.0
06/26/2019,95.4022109643468,96.37427314758284,94.80401994866298,95.71065521240234,1938700,0.0,0.0,-,86.97979293823242,90.9458137512207,92.54141464233399,95.73214416503906,2309432.0
06/25/2019,96.12189550038474,96.35556406058326,94.67315470575303,94.8787841796875,2349100,0.0,0.0,-,86.94774963378906,90.85903762817382,91.96508445739747,95.34986267089843,2299616.0
06/24/2019,96.27145104261594,97.44914263457422,95.24331075865184,96.1312484741211,2058700,0.0,0.0,-,86.92356540679931,90.77696640014648,91.47835998535156,95.06572036743164,2290898.0
06/21/2019,97.81366686741268,98.28100401715572,97.11266114279816,97.16873931884766,3068500,0.0,0.0,-,86.89362754821778,90.67469360351562,90.99660148620606,94.61240310668946,2288314.0
06/20/2019,97.27154685704218,98.43054090587458,96.86028791381196,97.73888397216795,1920700,0.0,0.0,-,86.85956600189209,90.56490844726562,90.54361000061036,94.13992462158203,2258356.0
06/19/2019,96.1125508938405,96.81355655256657,95.0657132096502,96.62661743164062,1785900,0.0,0.0,-,86.81382057189941,90.42899063110352,90.06304397583008,93.33074951171875,2245764.0
06/18/2019,95.6452213571045,97.0659231335802,95.38351369809574,95.90692901611328,2489500,0.0,0.0,-,86.76961307525634,90.33620178222657,89.77187080383301,92.52372817993164,2238600.0
06/17/2019,94.3834128045274,95.45828253166452,93.85064874524244,94.81336212158205,2363100,0.0,0.0,-,86.73432231903077,90.25295852661132,89.48265495300294,91.75604476928712,2235400.0
06/14/2019,94.18713006734068,95.047035879364,93.86934421474456,94.3740692138672,2562800,0.0,0.0,-,86.69779357910156,90.17424591064453,89.27282180786133,90.85532684326172,2227558.0
06/13/2019,92.5140631190676,94.00019179732443,91.21485931290124,93.97215270996094,2221500,0.0,0.0,-,86.66184272766114,90.05770568847656,89.02342376708984,90.08710556030273,2210652.0
06/12/2019,92.33648713181172,93.0001051166224,91.82241334660633,91.8878402709961,1910400,0.0,0.0,-,86.6317399597168,89.92645706176758,88.72979469299317,89.3506851196289,2206442.0
06/11/2019,92.18690529513832,92.68228856558812,91.4765581028283,92.03736114501952,2661600,0.0,0.0,-,86.61178123474122,89.84621704101562,88.53851661682128,88.58030624389649,2219366.0
06/10/2019,92.62621610839102,93.84129547738952,91.4204854785075,91.59807586669922,2606000,0.255,0.0,-,86.58358303070068,89.74135772705078,88.29268302917481,87.89099960327148,2209070.0
06/07/2019,90.29040458342315,92.8075394263014,90.1971789476114,92.44395446777344,3194900,0.0,0.0,-,86.5551764678955,89.62309616088868,88.25713195800782,87.38079986572265,2195414.0
06/06/2019,88.79876332168719,89.92680975025985,88.36991975391521,89.64713287353516,2240100,0.0,0.0,-,86.51990432739258,89.48325592041016,88.15691299438477,86.94729537963867,2178088.0
06/05/2019,88.50047014004434,89.17170627539447,88.04365942507738,88.55640411376953,1755700,0.0,0.0,-,86.49653522491455,89.38518157958984,88.18814430236816,86.7953384399414,2170042.0
06/04/2019,86.51472030514014,88.32332055336435,86.5053956069723,88.23009490966797,2335200,0.0,0.0,-,86.47801864624023,89.2884114074707,88.2240364074707,87.02001342773437,2167134.0
06/03/2019,86.63590308747995,87.40036465919262,85.34004758314576,85.80618286132812,2396300,0.0,0.0,-,86.45849742889405,89.19313323974609,88.3522232055664,87.20926513671876,2166792.0
05/31/2019,85.61974358275596,86.94357347373912,85.26548325286551,86.69185638427734,2525800,0.0,0.0,-,86.45886524200439,89.18306503295898,88.58948631286621,87.69031677246093,2149270.0
05/30/2019,84.51033925605847,86.65455757000755,84.47304757503402,86.60794830322266,2601500,0.0,0.0,-,86.44629543304444,89.15546920776367,88.74657363891602,87.95974197387696,2142394.0
05/29/2019,84.62221279124282,85.51719896978528,83.48484845164025,84.18405151367188,3095000,0.0,0.0,-,86.43687362670899,89.13346740722656,88.88548164367675,88.10890426635743,2142352.0
05/28/2019,87.34445441820495,89.17170435130758,85.09767835322975,85.14429473876953,5083900,0.0,0.0,-,86.44220733642578,89.14894271850586,89.22855758666992,88.4967269897461,2137832.0
05/24/2019,86.30962718747348,87.6334499369288,85.38667402978756,86.49607849121094,5843000,0.0,0.0,-,86.44116748809815,89.12227935791016,89.55205574035645,88.69436645507812,2144078.0
05/23/2019,87.5775155697728,88.5097863095399,86.49607809756556,88.1089096069336,3203500,0.0,0.0,-,86.4283740234375,89.0515200805664,89.82101478576661,89.13346405029297,2101332.0
05/22/2019,90.2717893049507,90.2717893049507,87.74533612159792,88.1275634765625,3002200,0.0,0.0,-,86.40261444091797,88.9754623413086,89.98462715148926,89.36653060913086,2077412.0
05/21/2019,89.90817510737035,91.17606363833455,88.85470482217603,90.80315399169922,2846900,0.0,0.0,-,86.3738017654419,88.90777008056641,90.17247886657715,89.58095016479493,2059676.0
05/20/2019,90.21583765229396,90.91504071715288,89.90819370937868,90.12261199951172,2575800,0.0,0.0,-,86.33350719451904,88.77875701904297,90.19392166137695,89.42805938720703,2050242.0
05/17/2019,88.93861641109031,90.79383290830047,88.8080990964721,90.61669921875,2452700,0.0,0.0,-,86.28260261535644,88.63211990356446,90.24566268920898,89.49518127441407,2059964.0
05/16/2019,88.500454115727,90.43025409910877,88.500454115727,89.3861083984375,1677400,0.0,0.0,-,86.23385231018067,88.53788482666016,90.37618064880371,89.48865585327148,2082906.0
05/15/2019,87.3537519069588,88.4538314935718,86.8782990246213,88.09957122802734,1759900,0.0,0.0,-,86.1880638885498,88.50581817626953,90.56450004577637,89.53340530395508,2136190.0
05/14/2019,87.6334351312864,88.64960665649787,87.13933285846541,88.0622787475586,2501500,0.0,0.0,-,86.14496215820313,88.49464797973633,90.76866760253907,89.6620590209961,2175452.0
05/13/2019,89.2928817134951,89.94547543605141,86.44013580072154,87.12068939208984,2814800,0.0,0.0,-,86.11185119628907,88.4736260986328,90.93414611816407,89.96038818359375,2160526.0
05/10/2019,89.95478388807264,91.4650647481947,88.61231912506845,90.88705444335938,1928100,0.0,0.0,-,86.08071964263917,88.49486251831054,91.11687278747559,90.40974502563476,2144180.0
05/09/2019,89.42339651691148,90.9150280922768,89.12507020183841,90.4395751953125,1446400,0.0,0.0,-,86.0262703704834,88.44021377563476,91.12340049743652,90.50856552124023,2159336.0
05/08/2019,89.0970961490531,90.87773631303143,88.19279257783141,90.27175903320312,1881300,0.0,0.0,-,85.97886806488037,88.39358474731445,91.18539581298828,90.60272369384765,2183600.0
05/07/2019,90.19719223787204,90.2065169366252,88.67759352351808,89.27424621582031,1646300,0.0,0.0,-,85.92795764923096,88.34213150024414,91.21895751953124,90.76400756835938,2186416.0
05/06/2019,89.24626541325605,91.06419019227212,89.07845642498842,90.79383087158205,1163800,0.0,0.0,-,85.88596576690674,88.3017042541504,91.35460395812989,90.95978393554688,2190018.0
05/03/2019,90.38363600705316,90.65399534708212,89.81495034572684,90.55144500732422,1314100,0.0,0.0,-,85.83443370819091,88.24036743164062,91.40215072631835,90.9961441040039,2198794.0
05/02/2019,89.50730959121685,90.27177126100403,89.40475924784754,89.83360290527344,2135600,0.0,0.0,-,85.7812000656128,88.16826126098633,91.41846504211426,91.26370544433594,2205004.0
05/01/2019,90.89638942951656,91.02690675301788,89.31153215119437,89.3861083984375,1887100,0.0,0.0,-,85.72577472686767,88.11869232177735,91.35413780212403,91.59559478759766,2209454.0
04/30/2019,91.61424902183047,91.76341576494268,90.51416918569429,91.04557037353516,2314200,0.0,0.0,-,85.67267948150635,88.0724951171875,91.25531845092773,91.87527618408203,2216218.0
04/29/2019,91.76342456992522,93.0499558457365,91.49306515658888,91.6142578125,1630500,0.0,0.0,-,85.60971446990966,87.99943054199218,91.09683189392089,91.90790405273438,2216786.0
04/26/2019,91.66083405769275,91.94983563280206,90.89637254235572,91.87525939941406,1450900,0.0,0.0,-,85.54362846374512,87.90160583496093,90.85583877563477,91.82400054931641,2224108.0
04/25/2019,90.9616380155536,92.04307527638724,90.60737776424251,91.38115692138672,1489900,0.0,0.0,-,85.48160205841064,87.82366027832032,90.54632568359375,91.73823547363281,2238874.0
04/24/2019,91.3065944972891,92.78890149399156,91.09216910703944,91.88459777832033,2416000,0.0,0.0,-,85.42375728607178,87.75782745361329,90.2498649597168,91.7680679321289,2239900.0
04/23/2019,91.57695260202304,91.69814523062747,90.6446819161587,91.23200988769533,2080100,0.0,0.0,-,85.36353412628173,87.67021331787109,89.89280586242675,91.67390747070313,2227042.0
04/22/2019,92.85416503216342,93.23639945273108,90.55145514772096,91.15743255615234,1565700,0.0,0.0,-,85.30097808837891,87.57371170043945,89.51710014343261,91.74942398071289,2218574.0
04/18/2019,93.6465773284284,93.94490363083604,93.05924942099897,93.22705841064452,2393700,0.0,0.0,-,85.239026222229,87.47200881958008,89.13253784179688,91.80815734863282,2217622.0
04/17/2019,92.5931352821708,93.33895476490504,92.46261793959157,93.15249633789062,1551500,0.0,0.0,-,85.1639976119995,87.33021499633789,88.73632354736328,91.57322463989257,2197612.0
04/16/2019,91.79137038435694,92.44396412855828,91.41846068947916,92.18292236328124,1333800,0.0,0.0,-,85.09017429351806,87.19976623535156,88.34430198669433,91.1126808166504,2197254.0
04/15/2019,90.69128835105708,91.68881766927802,90.43025370519152,91.3718490600586,1447900,0.0,0.0,-,85.02281742095947,87.0729052734375,88.01054878234864,90.63536071777344,2209830.0
04/12/2019,91.19474185066298,91.71681129405168,90.4302799745598,90.77522277832033,1913200,0.0,0.0,-,84.95845230102539,86.95092514038086,87.68984718322754,90.28575973510742,2217182.0
04/11/2019,91.9405619875108,92.2482059898256,90.51418148515924,91.01760864257812,1929500,0.0,0.0,-,84.89961395263671,86.84812850952149,87.34164237976074,89.88767700195312,2236002.0
04/10/2019,91.4184468931253,92.06171584189448,91.06418664841782,91.67948150634766,1570600,0.0,0.0,-,84.83882354736328,86.7436442565918,86.93866767883301,89.35441589355469,2229482.0
04/09/2019,91.33454508013008,91.76338867096496,90.74721009336903,90.9429931640625,1291100,0.0,0.0,-,84.77805362701416,86.61067718505859,86.56999473571777,88.73166198730469,2232514.0
04/08/2019,91.54900649346231,92.2855014139619,91.008294735987,91.98717498779295,1427700,0.0,0.0,-,84.72392585754395,86.49374130249024,86.2599925994873,88.1117042541504,2253936.0
04/05/2019,91.16675582041702,92.22954388687056,90.88707175549294,91.74476623535156,2329500,0.0,0.0,-,84.66453090667724,86.37395614624023,85.87825889587403,87.28477630615234,2258756.0
04/04/2019,88.6216313112537,90.98959923096,88.53773038046532,90.8777313232422,1971000,0.0,0.0,-,84.59867111206054,86.23466323852539,85.43055839538575,86.45691833496093,2263112.0
04/03/2019,87.96904781607302,88.66825071386123,87.24187794039884,88.54705810546875,1717500,0.0,0.0,-,84.5371464920044,86.11847457885742,85.18191909790039,85.89942245483398,2256996.0
04/02/2019,87.74533946675282,87.85720742239154,87.1207125595659,87.40972137451172,2011000,0.0,0.0,-,84.4881538772583,86.05113067626954,85.14370498657226,85.57592315673828,2272002.0
04/01/2019,87.41902146377294,87.95041548467555,86.64524217906288,87.87583923339844,2556600,0.0,0.0,-,84.44188827514648,86.03219055175781,85.15027198791503,85.38573684692383,2290412.0
03/29/2019,86.19774280422887,87.17662982451087,85.83415782244654,86.79439544677734,2146800,0.0,0.0,-,84.39417064666748,85.96283920288086,85.10703926086425,85.09393463134765,2287448.0
03/28/2019,85.85279944489962,86.70116913763523,85.2654715048476,85.68499755859375,1923200,0.0,0.0,-,84.35657749176025,85.90489166259766,85.17644500732422,84.79560775756836,2288292.0
03/27/2019,84.83664031975869,86.0858797411589,84.60357262657253,85.45194244384766,2328600,0.0,0.0,-,84.32383750915527,85.88028717041016,85.29992599487305,84.52291946411133,2306202.0
03/26/2019,84.14676309875588,84.99512581505729,83.94166238790056,84.74341583251953,1837800,0.0,0.0,-,84.29251724243164,85.85625350952148,85.4327350616455,84.40832748413087,2307524.0
03/25/2019,83.19581918021133,84.51964872370684,83.00004322460825,83.7178955078125,1610300,0.0,0.0,-,84.26128021240234,85.85717376708985,85.58051910400391,84.40828094482421,2312870.0
03/22/2019,84.9018841154651,85.26546908412647,83.40092786528444,83.4661865234375,2318100,0.0,0.0,-,84.23244945526123,85.86968002319335,85.75726852416992,84.4717414855957,2337276.0
03/21/2019,85.16293048874864,85.69432452487088,84.86460413711268,85.30277252197266,1520200,0.0,0.0,-,84.20206344604492,85.87996963500977,85.97030868530274,84.40419845581054,2357122.0
03/20/2019,85.48919166147249,85.78751790087118,84.97644721610587,85.31206512451172,2182000,0.0,0.0,-,84.15903522491455,85.8758381652832,86.05247688293457,84.4644157409668,2418588.0
03/19/2019,85.0230735942813,86.12315315727923,84.71542971015529,85.50785827636719,2599400,0.0,0.0,-,84.10475204467774,85.82299560546875,86.15463142395019,84.71148681640625,2452790.0
03/18/2019,83.57806057499695,85.14427546492601,83.57806057499695,84.95781707763672,2869000,0.0,0.0,-,84.0410489654541,85.69949111938476,86.2330509185791,84.91480712890625,2463722.0
03/15/2019,83.055982701274,83.90435234461305,82.60849680519237,83.81112670898438,5396200,0.255,0.0,-,83.980188331604,85.5449690246582,86.35477714538574,85.12014389038086,2465916.0
03/14/2019,84.09223613378681,84.09223613378681,82.09357995611674,82.95811462402344,3705700,0.0,0.0,-,83.91740425109863,85.42639526367188,86.5003719329834,85.55728225708008,2407416.0
03/13/2019,84.83589810865105,85.13337192926724,84.26883752992403,84.30602264404297,2007500,0.0,0.0,-,83.85934661865234,85.31409851074218,86.75136528015136,86.07693252563476,2379856.0
03/12/2019,84.43617852533988,84.77083750576591,83.69249032609618,84.74295043945312,2115400,0.0,0.0,-,83.82047183990478,85.14472457885742,86.94053993225097,86.45714263916015,2384882.0
03/11/2019,83.03246124541586,84.53842649096696,82.73498741704799,84.35250091552734,2375200,0.0,0.0,-,83.77779808044434,84.97144592285156,87.07858695983887,86.7527572631836,2408510.0
03/08/2019,85.04040944372176,85.23562596614232,82.40962123200345,82.79075622558594,3061900,0.0,0.0,-,83.73583103179932,84.80504653930664,87.18130836486816,87.04279556274415,2438322.0
03/07/2019,86.9925833435312,87.19709792093253,84.7057520634106,85.90494537353516,3599800,0.0,0.0,-,83.69978176116943,84.56781112670899,87.34538497924805,87.53641891479492,2407904.0
03/06/2019,87.38304464629883,89.70706179114721,86.91824121732915,87.78277587890625,4341600,0.0,0.0,-,83.65065216064453,84.28093505859376,87.35700607299805,87.64053802490234,2461356.0
03/05/2019,88.4148939705571,88.74955295057298,86.86245248080009,87.54106140136719,3723000,0.0,0.0,-,83.59656150817871,83.95984909057617,87.29937019348145,87.59777603149413,2428124.0
03/04/2019,88.70306858306701,88.84251100491701,86.61145353232541,87.01118469238281,1755200,0.0,0.0,-,83.54340278625489,83.66795288085937,87.214310836792,87.55129470825196,2412488.0
03/01/2019,89.03774701478011,89.43747826218534,87.9129235261137,88.18251037597656,1997500,0.0,0.0,-,83.4901258468628,83.39446258544922,87.12739372253418,87.58941040039062,2434966.0
02/28/2019,88.18250437967058,88.70308193444143,87.35515486912236,88.15461730957031,2685900,0.0,0.0,-,83.4304849243164,83.08620468139648,87.00003776550292,87.44346160888672,2473334.0
02/27/2019,87.21570217925351,88.51715300560959,86.95541343244959,88.10812377929688,2659600,0.0,0.0,-,83.36766239166259,82.79579483032227,86.8819766998291,87.42579803466796,2486978.0
02/26/2019,87.29937258907131,88.15460908997697,87.03907674361879,87.6990966796875,2022100,0.0,0.0,-,83.30216632843018,82.53624877929687,86.72812690734864,87.4239372253418,2492918.0
02/25/2019,88.03375012122385,88.50785151582835,87.1227395427843,87.25288391113281,1826400,0.0,0.0,-,83.24120628356934,82.28637084960937,86.59798202514648,87.40441665649413,2513590.0
02/22/2019,87.03907565876256,87.77346582723568,86.90893128382672,87.72698974609375,1602600,0.0,0.0,-,83.17781856536865,82.0389094543457,86.5352336883545,87.31982116699218,2537230.0
02/21/2019,87.31798067126319,87.39235092906156,86.59288838857424,86.94613647460938,1624600,0.0,0.0,-,83.10560291290284,81.77192672729493,86.38789024353028,87.15435104370117,2576590.0
02/20/2019,87.15064130512089,87.7084039910062,86.77879715041824,87.35515594482422,2358100,0.0,0.0,-,83.04314937591553,81.4895118713379,86.29399833679199,87.07347412109375,2613592.0
02/19/2019,87.36443103657216,87.36443103657216,86.2674949692991,87.07624816894531,2225300,0.0,0.0,-,82.9770825958252,81.2591552734375,86.18523368835449,87.00096435546875,2648642.0
02/15/2019,87.68051746659849,88.02447455299948,86.97401427749739,87.39234161376953,2342600,0.0,0.0,-,82.90936592102051,81.03353973388671,86.15455703735351,86.87732696533203,2701760.0
02/14/2019,87.50388879776985,87.52248490617288,85.85848782096609,86.7230224609375,1996600,0.0,0.0,-,82.83854675292969,80.85704025268555,86.00535354614257,86.66537704467774,2758868.0
02/13/2019,88.43348688548078,88.44278493876261,87.2993726168768,87.97798156738281,2189200,0.0,0.0,-,82.77785465240478,80.7467691040039,85.86405334472656,86.55661392211914,2866318.0
02/12/2019,87.96866229952606,88.43346555881364,87.42019785788747,88.08951568603516,1541200,0.0,0.0,-,82.71471611022949,80.5806202697754,85.68789291381836,86.33815536499023,2890982.0
02/11/2019,86.6858395094039,87.98729052908497,86.42555072393519,87.50389099121094,1773100,0.0,0.0,-,82.64520797729492,80.42132598876952,85.49593009948731,86.03231658935547,2978774.0
02/08/2019,85.8305774739934,86.63003970241972,85.58887777666244,86.40692901611328,1656700,0.0,0.0,-,82.56880336761475,80.2051431274414,85.36020698547364,85.79154739379882,3063806.0
02/07/2019,85.67256440569646,86.18384388022875,85.1240927164789,86.0722885131836,1518100,0.0,0.0,-,82.49525436401368,79.97752487182618,85.25702095031738,85.75064620971679,3127456.0
02/06/2019,86.37905990375666,86.46272820159244,85.25423655613754,86.13736724853516,1393200,0.0,0.0,-,82.4253158569336,79.74603149414062,85.15243988037109,85.62142944335938,3141360.0
02/05/2019,85.8027088199387,86.815976808049,85.63537931547664,86.63005828857422,1533600,0.0,0.0,-,82.3512697982788,79.53678344726562,85.10038146972656,85.51452255249023,3202372.0
02/04/2019,85.29140975088546,85.83987426757812,84.62209183114565,85.83987426757812,1962600,0.0,0.0,-,82.28135608673095,79.33640823364257,84.90237541198731,85.36950302124023,3330538.0
02/01/2019,85.94215340470872,86.02582171210503,84.65000040610455,85.27284240722656,1815500,0.0,0.0,-,82.21603908538819,79.31036209106445,84.5770133972168,85.431787109375,3406814.0
01/31/2019,85.77482659819768,86.10948565370411,85.19847485219938,85.63539123535156,2854200,0.0,0.0,-,82.15300373077393,79.37148895263672,84.17495689392089,85.34533004760742,3446162.0
01/30/2019,85.36577780105088,86.27678831890962,84.88237838589933,85.79339599609375,1603500,0.0,0.0,-,82.08271282196046,79.4476139831543,83.78730926513671,85.17149276733399,3474132.0
01/29/2019,85.0962001164832,85.15197425021198,84.22236752893818,85.0311279296875,1722200,0.0,0.0,-,82.00508213043213,79.54690719604493,83.36480331420898,85.03763046264649,3536994.0
01/28/2019,85.75621894828538,85.75621894828538,84.5384364284319,85.09619903564453,2362200,0.0,0.0,-,81.94039558410644,79.70501724243164,82.90511322021484,84.95954360961915,3569460.0
01/25/2019,85.7376284359662,86.16524666376536,85.26352703657176,85.99791717529297,1668700,0.0,0.0,-,81.87146293640137,79.89000778198242,82.45425415039062,84.92886657714844,3570488.0
01/24/2019,85.37506851861932,85.37506851861932,83.98065858956433,84.78012084960938,2547300,0.0,0.0,-,81.80180404663086,80.07531982421875,81.95598487854004,84.76339569091797,3578514.0
01/23/2019,85.39365921756179,85.41224822814488,84.27813418186132,85.06829833984375,1665200,0.0,0.0,-,81.73279132843018,80.29555557250977,81.26342811584473,84.6834503173828,3570634.0
01/22/2019,85.6911495196674,86.2489121448276,84.55702816285094,85.17986297607422,2467800,0.0,0.0,-,81.66469009399414,80.4992742919922,80.58807029724122,84.6862403869629,3583150.0
01/18/2019,85.2263366216186,86.79737410507414,84.49194652853393,86.46271514892578,2931500,0.0,0.0,-,81.60673210144043,80.67721466064454,79.91550102233887,84.43524780273438,3572040.0
01/17/2019,83.35781192098021,84.48263491827744,82.96737889891035,84.40827178955078,2408400,0.0,0.0,-,81.53710166931153,80.82541885375977,79.23967781066895,83.7222396850586,3552466.0
01/16/2019,84.59422357194642,85.24494553171871,83.61813353995052,83.89701843261719,2189000,0.0,0.0,-,81.46653491973876,80.99190658569336,78.68609771728515,83.00458374023438,3563238.0
01/15/2019,84.2316693120874,84.96605950549552,83.8691232421227,84.45477294921875,2818700,0.0,0.0,-,81.39654106140136,81.13876815795898,78.12972755432129,82.40312576293945,3573676.0
01/14/2019,84.07363893509063,85.22634934933885,83.76686699741863,84.25025939941406,2394700,0.0,0.0,-,81.33395221710205,81.28522872924805,77.58869514465331,81.69197616577148,3581968.0
01/11/2019,84.21306998700838,85.58889106347227,84.01785342543639,84.7894287109375,2105100,0.0,0.0,-,81.26399108886719,81.45024154663086,77.13272323608399,80.85068283081054,3586780.0
01/10/2019,81.89833846301622,84.42686950105474,81.25691474416723,84.34320831298828,2830600,0.0,0.0,-,81.19483963012695,81.57665954589844,76.65351181030273,79.97964172363281,3618408.0
01/09/2019,85.40297134383084,85.43085841046899,83.56234693001281,83.98066711425781,3310400,0.0,0.0,-,81.1297643661499,81.68326385498047,76.18034210205079,79.14857406616211,3618470.0
01/08/2019,83.11613929772194,85.2821175406033,82.60485277058083,85.09619903564453,4593500,0.0,0.0,-,81.0550626373291,81.79099990844726,75.70020141601563,77.84340591430664,3594900.0
01/07/2019,78.78418023215562,83.67391423005893,78.3286748632755,82.66993713378906,3892100,0.0,0.0,-,80.97570571899413,81.85807006835938,75.08666114807129,76.48990020751953,3556440.0
01/04/2019,78.12414949321973,79.95547586389331,77.50131469383082,79.33263397216797,3146000,0.0,0.0,-,80.91941177368165,81.9873860168457,74.74503059387207,75.39575424194337,3525012.0
01/03/2019,77.12015700428492,78.38442245454657,76.14407440158402,77.2317123413086,2978700,0.0,0.0,-,80.8793431854248,82.19308868408203,74.56817245483398,74.75711593627929,3496358.0
01/02/2019,76.04182159063822,78.06836423231543,76.04182159063822,77.88243865966797,2471200,0.0,0.0,-,80.84853382110596,82.40409896850586,74.6349552154541,74.36761169433593,3495268.0
12/31/2018,76.28352587439113,77.38046209776101,75.97676104414887,77.34327697753906,2327700,0.0,0.0,-,80.81313316345215,82.62508514404297,74.80130653381347,73.85632934570313,3490056.0
12/28/2018,76.3486055452139,76.99933457437633,74.84264703646485,75.83732604980469,2258800,0.0,0.0,-,80.77971336364746,82.87595184326172,74.91766967773438,73.48541412353515,3507422.0
12/27/2018,75.08433863990489,76.1255008164197,73.19723795749569,76.07901763916016,3296800,0.0,0.0,-,80.75547897338868,83.1821534729004,75.13204345703124,73.41476364135742,3503840.0
12/26/2018,71.16139468698006,76.16267610700156,71.12420956844052,76.03253173828125,3865800,0.0,0.0,-,80.72920833587646,83.45218688964843,75.16282997131347,73.32738189697265,3483482.0
12/24/2018,71.59829638239188,72.2025420838629,70.5664395932876,70.92898559570312,1541000,0.0,0.0,-,80.70054862976075,83.70905868530274,75.112504196167,73.21211013793945,3466918.0
12/21/2018,72.15608981376876,74.41503485452334,71.36591827837512,71.56114196777344,6272400,0.0,0.0,-,80.7000740814209,84.03926315307618,75.29093589782715,73.5569969177246,3502266.0
12/20/2018,72.72315665595725,73.19725110594835,70.82675757897776,71.72847747802734,2680000,0.0,0.0,-,80.68820659637451,84.36980346679688,75.49662704467774,73.68342208862305,3434278.0
12/19/2018,73.68993214278835,75.09364047717014,72.55581773929,72.94625091552734,2941200,0.0,0.0,-,80.67633018493652,84.73648895263672,75.74076805114746,74.09430694580078,3429988.0
12/18/2018,73.57836964289463,74.29416366102619,73.11356630603785,73.336669921875,2879100,0.0,0.0,-,80.68186588287354,85.05527221679688,76.3203338623047,74.37922897338868,3408532.0
12/17/2018,73.42034415300958,73.75499605768329,72.30481179886287,72.76961517333984,3915900,0.0,0.0,-,80.67381401062012,85.34307037353516,77.06995964050293,74.90229873657226,3397790.0
12/14/2018,74.65669041437313,75.9116647736258,73.46679531411463,73.63412475585938,3368100,0.0,0.0,-,80.67062091827393,85.65148040771484,77.90356101989747,75.74628372192383,3378248.0
12/13/2018,75.53985048922524,75.9209855888839,74.21980344417848,75.13082122802734,2956600,0.0,0.0,-,80.66094379425049,85.97245147705078,78.75975761413574,76.3499252319336,3353528.0
12/12/2018,76.41368491901855,76.77623104536414,74.90772626876387,75.2052001953125,3055700,0.0,0.0,-,80.64442699432374,86.2557015991211,79.65004806518554,76.84932327270508,3343320.0
12/11/2018,75.16798992317425,75.62349516937986,74.3034555051637,74.87981414794922,3008400,0.0,0.0,-,80.6250089263916,86.57936691284179,80.6070743560791,76.9982780456543,3328464.0
12/10/2018,72.85329857650694,74.55447388969318,71.97016772646197,74.37785339355469,3570600,0.0,0.0,-,80.61830139160156,86.91918075561523,81.6262596130371,77.01289825439453,3337060.0
12/07/2018,75.31674019707745,75.66069726806197,72.46284759030739,72.82539367675781,3474700,0.0,0.0,-,80.60913669586182,87.27570877075195,82.69696235656738,77.02487487792969,3308596.0
12/06/2018,75.00067849364567,75.88380213538524,72.99272435886402,75.83732604980469,4110600,0.225,0.0,-,80.60603260040283,87.65790908813477,83.81840438842774,77.30983200073243,3296172.0
12/04/2018,78.78056785705256,79.18846430062939,75.10945035514034,75.79547119140625,4881200,0.0,0.0,-,80.58501747131348,87.94909255981446,84.73038215637207,77.38722915649414,3287100.0
12/03/2018,81.8862031844299,82.47951371281526,78.42830885144137,78.56736755371094,5198000,0.0,0.0,-,80.5646715927124,88.23703384399414,85.63425483703614,78.26143875122071,3263354.0
11/30/2018,79.54078160394315,81.32071341751107,79.54078160394315,81.20946502685547,7369100,0.0,0.0,-,80.54053810119629,88.47324539184571,86.3425193786621,79.2376205444336,3272324.0
11/29/2018,79.93011227010491,80.39363645903123,79.1050397796415,79.67053985595703,3422400,0.0,0.0,-,80.505217628479,88.63696182250976,86.84405097961425,80.06083831787109,3199984.0
11/28/2018,77.24168025298623,80.22677753592856,77.15824928346213,80.12480163574219,5930800,0.0,0.0,-,80.4698653793335,88.84109817504883,87.4494140625,81.16958999633789,3200054.0
11/27/2018,74.84991577837394,76.70401332008224,74.65523638523307,76.69474792480469,6024700,0.0,0.0,-,80.42713710784912,89.03596374511719,88.06821899414062,82.45077285766601,3129874.0
11/26/2018,75.5266231462954,76.19409902755389,74.16386106752886,75.02601623535156,4839200,0.0,0.0,-,80.39939746856689,89.28608093261718,88.78899803161622,84.2158706665039,3073604.0
11/23/2018,75.1094679742066,75.48028879674986,73.97847472103702,74.49761962890625,2213300,0.0,0.0,-,80.37986351013184,89.58014114379883,89.52136840820313,86.23962097167968,3035268.0
11/21/2018,78.33559658960539,78.79912082978056,74.86843725348425,75.67496490478516,4443800,0.0,0.0,-,80.3525777053833,89.89051696777344,90.26486091613769,88.36904983520508,3038318.0
11/20/2018,78.2429051636211,82.34973084473678,76.0550698484143,76.61129760742188,7941900,0.0,0.0,-,80.33288040161133,90.180498046875,90.90359802246094,90.32697677612305,3004110.0
11/19/2018,88.0696201684407,88.68147566140651,83.08210106722201,84.53756713867188,5776400,0.0,0.0,-,80.31006515502929,90.46964416503906,91.52981986999512,92.07353515625,2892858.0
11/16/2018,88.67219599855844,88.93176846318043,86.66050232491881,88.32918548583984,3782900,0.0,0.0,-,80.24104190826417,90.59009063720703,91.78382987976075,93.00707092285157,2834524.0
11/15/2018,89.8495392933974,90.35941879962954,88.26428720059216,89.44164276123047,4252700,0.0,0.0,-,80.16308639526368,90.60954681396484,91.75648193359375,93.44741821289062,2812958.0
11/14/2018,93.61336794071929,94.54041651299777,90.6746185912539,90.758056640625,4746600,0.0,0.0,-,80.09299758911133,90.621552734375,91.73098716735839,93.62726364135742,2771930.0
11/13/2018,94.33647573740336,94.79072761059996,92.38967492231204,92.93663024902344,3345500,0.0,0.0,-,80.01812042236328,90.60926513671875,91.68741493225097,93.7292381286621,2733744.0
11/12/2018,95.2635091525227,96.19982307764708,93.9470948614112,94.3457260131836,2413600,0.0,0.0,-,79.93694938659668,90.5576611328125,91.59795379638672,93.68566513061523,2752634.0
11/09/2018,95.84755737833328,95.95880576025108,94.43844657147348,95.26351928710938,2070000,0.0,0.0,-,79.85415981292725,90.44254257202148,91.35970191955566,93.36212539672852,2749128.0
11/08/2018,95.33764947757024,96.73749447466,94.61455289198491,95.79190826416016,2153300,0.0,0.0,-,79.77087432861327,90.29297454833984,91.04033203125,92.80311584472656,2755812.0
11/07/2018,94.64237890298052,95.47672397576878,93.094209590196,95.25423431396484,2291000,0.0,0.0,-,79.6800259399414,90.15411193847656,90.62269706726075,92.16067199707031,2765666.0
11/06/2018,93.78022618258832,94.2900985950182,92.87171557418712,94.0768814086914,1912300,0.0,0.0,-,79.59278575897217,89.99917953491212,90.26439323425294,91.48021926879883,2765208.0
11/05/2018,93.10347292012672,94.0027110174064,91.9817451828744,93.8729248046875,1952800,0.0,0.0,-,79.51138637542725,89.8613198852539,90.06368675231934,90.98610458374023,2789874.0
11/02/2018,92.00028923779088,93.14983444620722,90.9249166781204,92.73265838623048,2947000,0.0,0.0,-,79.43054679870606,89.74289337158203,89.81431121826172,90.56058883666992,2900124.0
11/01/2018,91.9910110200368,92.47307305071756,90.52627292737124,91.24009704589844,2710900,0.0,0.0,-,79.35209720611573,89.646162109375,89.56400718688965,90.06554565429687,2951930.0
10/31/2018,92.96442246219765,93.81730538484818,91.40698069905288,91.77780151367188,3233300,0.0,0.0,-,79.27140659332275,89.54931457519531,89.41150817871093,89.83471069335937,2963260.0
10/30/2018,91.39771026556286,93.44649372049594,91.29574143527402,92.50090026855467,2635300,0.0,0.0,-,79.18641792297363,89.43209381103516,89.30675201416015,89.64559173583984,2977630.0
10/29/2018,90.73024245372434,93.02931885434984,89.73830080651516,91.1103286743164,3686500,0.0,0.0,-,79.09583614349366,89.28986633300781,89.14637336730956,89.5102424621582,2993438.0
10/26/2018,87.21674330015445,90.07205499057612,86.79030174734918,89.67342376708984,2833700,0.0,0.0,-,79.02467044830323,89.16712600708007,89.16028022766113,89.3572784423828,2974010.0
10/25/2018,88.72780410959258,90.20181478655684,87.66169700385686,89.36746978759766,2131900,0.0,0.0,-,78.95599826812744,89.07071929931641,89.2701343536377,89.27754821777344,2972624.0
10/24/2018,88.7927104738882,91.17522500436274,88.27356554049898,88.44970703125,2670500,0.0,0.0,-,78.8802098083496,88.96988693237304,89.41197357177734,89.08472213745117,2999106.0
10/23/2018,88.78345152297683,89.46020019086578,87.0127921711589,89.13573455810547,2320700,0.0,0.0,-,78.808228225708,88.91848770141601,89.58625869750976,89.04856719970704,2990012.0
10/22/2018,88.02324295071342,90.06275367903456,88.02324295071342,89.61776733398438,1713300,0.0,0.0,-,78.7360818862915,88.81933090209961,89.64929695129395,89.14126892089844,3021636.0
10/19/2018,89.78464768647457,89.78464768647457,87.68025065954372,87.7822265625,2924200,0.0,0.0,-,78.66497455596924,88.72144729614257,89.67803535461425,89.06803359985352,3041730.0
10/18/2018,90.21107159803331,90.82292689667992,88.26427150084261,88.93174743652344,2210600,0.0,0.0,-,78.59817005157471,88.6708186340332,89.80782127380371,89.06246871948242,3021216.0
10/17/2018,90.90636376304184,91.30499485761403,88.54239458875205,89.88661193847656,3196000,0.0,0.0,-,78.52350231170654,88.59091018676757,89.83099822998047,88.9883056640625,3018992.0
10/16/2018,90.55409706215517,91.3420868664935,89.52507266929281,91.14740753173828,2079700,0.0,0.0,-,78.44429016113281,88.47192565917969,89.83053550720214,88.96791229248046,2995786.0
10/15/2018,88.7648883931585,90.32233005988854,88.55166413928632,89.5806884765625,2278900,0.0,0.0,-,78.35762439727783,88.30811737060547,89.76656913757324,88.78250427246094,2980846.0
10/12/2018,88.11594221113397,89.39526629666278,87.42065599823017,88.8761215209961,3037600,0.0,0.0,-,78.28044780731202,88.16380416870118,89.74756507873535,88.96328201293946,2981868.0
10/11/2018,88.02324695807549,89.79391288165975,87.16109162195477,87.439208984375,3308400,0.0,0.0,-,78.20734592437744,88.04116653442382,89.79021034240722,89.26272048950196,2986732.0
10/10/2018,90.07204822772464,90.24818265779376,87.96764387820134,88.0881576538086,2873000,0.0,0.0,-,78.14248641967774,87.89121627807617,89.91907043457032,89.73922500610351,2986860.0
10/09/2018,89.07081028370592,90.90636212018784,88.69998951616054,90.06275177001953,2465500,0.0,0.0,-,78.0719906616211,87.74678588867188,90.02336349487305,90.1239501953125,2986154.0
10/08/2018,87.67098276316844,89.09863840614345,87.63389997172267,88.88541412353516,1868400,0.0,0.0,-,77.99024227142334,87.55009933471679,90.07365608215332,90.15732498168946,2974092.0
10/05/2018,89.41380537564501,89.41380537564501,87.06837431695804,87.72657775878906,2342000,0.0,0.0,-,77.91194305419921,87.36197555541992,90.15737991333008,90.288037109375,2969810.0
10/04/2018,89.54360677641863,89.90516218046959,87.9954375557235,88.19011688232422,2938800,0.0,0.0,-,77.83451705932617,87.23624572753906,90.23615074157715,90.553173828125,2966130.0
10/03/2018,89.62705757080255,90.16474744811968,88.73709177704632,89.68267822265625,2132100,0.0,0.0,-,77.75026630401611,87.09033096313476,90.32874183654785,90.67369079589844,2939808.0
10/02/2018,91.26793844623712,91.65730426175966,89.25624453612082,89.29332733154297,2446200,0.0,0.0,-,77.65119430541992,86.89662139892579,90.35179176330567,90.69315872192382,2930446.0
10/01/2018,92.6956009182229,93.14985989024484,91.36065555098315,91.38846588134766,2312900,0.0,0.0,-,77.55199947357178,86.72993713378906,90.40494689941406,90.75063400268554,2925256.0
09/28/2018,92.12081334608098,92.86244791329732,91.54604072141277,91.8705062866211,3438200,0.0,0.0,-,77.44904361724853,86.50396133422852,90.26501350402832,90.53184814453125,2927210.0
09/27/2018,92.12082317021915,92.3711231835532,91.56458834446418,92.20425415039062,2147400,0.0,0.0,-,77.3411019897461,86.28406860351562,90.06074409484863,90.3177001953125,2894888.0
09/26/2018,90.84149189616926,93.2518168830652,90.74878844913856,91.93540954589844,2853500,0.0,0.0,-,77.23310138702392,86.04973190307618,89.89297027587891,90.0989158630371,2891452.0
09/25/2018,90.51701339046576,91.30500318711516,90.08129947143811,90.39649963378906,3657000,0.0,0.0,-,77.12704296112061,85.80911804199219,89.6715805053711,89.92277679443359,2882794.0
09/24/2018,90.24815603844677,91.54602515135866,90.07202166032975,90.19253540039062,3693900,0.0,0.0,-,77.02780513763427,85.5761587524414,89.51095046997071,89.98998718261718,2842894.0
09/21/2018,89.66412080288178,90.73022785869756,89.24694478652714,90.37794494628906,5646500,0.0,0.0,-,76.93000102996827,85.34764923095703,89.39890365600586,90.02672271728515,2809204.0
09/20/2018,89.90516606089022,90.01640735356715,88.63510707788517,89.3952865600586,3752100,0.0,0.0,-,76.83232772827148,85.10914169311523,89.27481117248536,89.9191276550293,2723874.0
09/19/2018,89.63632994325009,90.28526112359552,89.00593662256334,89.87735748291016,3425900,0.0,0.0,-,76.74412086486817,84.88917709350586,89.12493286132812,89.98379287719726,2684800.0
09/18/2018,89.02446264407287,90.33160437000323,88.82978331585699,89.86808013916016,2421800,0.0,0.0,-,76.64301780700684,84.68102951049805,88.92690315246583,90.0104248046875,2648560.0
09/17/2018,89.82172809383374,90.09984547139652,88.88540713371226,89.20060729980469,3211200,0.0,0.0,-,76.54334091186523,84.4799119567871,88.70297546386719,90.05925979614258,2643918.0
09/14/2018,90.00713710579659,90.00713710579659,89.02446794124,89.7290267944336,2922400,0.0,0.0,-,76.44589744567871,84.29269912719727,88.49161071777344,89.9981788635254,2621164.0
09/13/2018,90.43358690973172,90.85075591900772,89.66413493253295,90.01641082763672,2365800,0.0,0.0,-,76.33140140533447,84.07253463745117,88.24781379699706,89.80378799438476,2597666.0
09/12/2018,90.9712812628004,91.45335052043764,88.93177706675934,90.17401885986328,2733400,0.225,0.0,-,76.20867622375488,83.84754760742187,87.96328582763672,89.6870246887207,2570098.0
09/11/2018,90.59688725756727,91.2905847313822,90.26391190560366,91.068603515625,2379300,0.0,0.0,-,76.08511711120606,83.60849395751953,87.74857215881347,89.42038421630859,2559862.0
09/10/2018,89.70894986801721,90.69862458804973,89.47771739084462,90.55989074707033,2859700,0.0,0.0,-,75.96158267974853,83.35487854003907,87.40403671264649,89.03191375732422,2548146.0
09/07/2018,89.83844836067841,90.31016463654773,89.04300799613644,89.30199432373047,2704600,0.0,0.0,-,75.84228984832764,83.1179116821289,87.1122215270996,88.77108459472656,2528428.0
09/06/2018,90.20842647268202,90.8651259601111,89.81070626968624,90.04193878173828,2201300,0.0,0.0,-,75.72960769653321,82.90184829711914,86.90966148376465,88.6304946899414,2522424.0
09/05/2018,90.36565798146768,90.81887876127756,89.44997925931611,90.1436767578125,2837300,0.0,0.0,-,75.61097705841064,82.6811605834961,86.65438079833984,88.26607284545898,2518614.0
09/04/2018,88.94128803069053,90.42117488297798,88.55281199843114,90.35643005371094,4290000,0.0,0.0,-,75.4617317199707,82.45547760009765,86.34406623840331,87.84338150024413,2517762.0
08/31/2018,87.47063347365494,88.69154084241774,87.47063347365494,88.58979797363281,2238300,0.0,0.0,-,75.30646617889404,82.23885894775391,85.97409439086914,87.3466911315918,2505608.0
08/30/2018,88.2753299209583,89.14475940578325,87.62787462489418,87.78511810302734,2404200,0.0,0.0,-,75.15939126968384,82.06941177368164,85.66285591125488,86.98504257202148,2508980.0
08/29/2018,87.6093748991964,89.015265461187,86.84168126905743,88.8487777709961,2646000,0.0,0.0,-,75.01835903167725,81.91587310791016,85.41081199645996,86.69183959960938,2506432.0
08/28/2018,87.26713039760726,87.55386345114863,86.64742908842763,87.50761413574219,2268100,0.0,0.0,-,74.87590948104858,81.71035369873047,84.96545791625977,86.23954696655274,2492988.0
08/27/2018,88.45104843902935,88.79327506038723,87.01741125277681,87.18389892578125,3145600,0.0,0.0,-,74.73470443725586,81.53165756225586,84.63340911865234,86.07676010131836,2507092.0
08/24/2018,85.0935685220589,90.50440815261936,84.4646157768035,87.95159912109375,7465300,0.0,0.0,-,74.59190542221069,81.36295028686523,84.28563537597657,85.77615966796876,2521236.0
08/23/2018,86.77693084171389,88.39555831418207,86.47170225330821,87.8960952758789,5537300,0.0,0.0,-,74.4494900894165,81.16705032348632,83.86201667785645,85.45335845947265,2417650.0
08/22/2018,86.14798526885609,87.03591728012104,85.77801183333162,86.39772033691406,3277400,0.0,0.0,-,74.30436920166015,80.9757746887207,83.53921623229981,85.18882827758789,2372892.0
08/21/2018,86.21274067910305,87.04517924710558,85.37105789015293,85.91676330566406,3951800,0.0,0.0,-,74.16669429779053,80.83333557128907,83.26404914855956,85.04268875122071,2355308.0
08/20/2018,85.30628606505725,85.55601402810298,84.4645964858026,85.3895263671875,3425700,0.0,0.0,-,74.03247980117798,80.69774032592774,82.96807098388672,84.8447509765625,2320802.0
08/17/2018,84.95480982821925,85.29703643131116,84.20561886801426,84.97331237792969,2715100,0.0,0.0,-,73.89686286926269,80.5737075805664,82.74655036926269,84.60149765014648,2302310.0
08/16/2018,84.99182931011136,85.38954954934897,83.86341341940663,84.85308837890625,2764400,0.0,0.0,-,73.76337285995483,80.44416152954102,82.50236854553222,84.34066925048828,2309516.0
08/15/2018,85.26928382471861,85.26928382471861,83.87263779672872,84.32585144042969,3456000,0.0,0.0,-,73.63016269683838,80.30613464355469,82.30350761413574,84.12978439331054,2305842.0
08/14/2018,84.54785113783797,85.99999089461025,84.09463037607215,85.87974548339844,2215800,0.0,0.0,-,73.5014245223999,80.1673973083496,82.11158599853516,83.6913688659668,2291766.0
08/13/2018,84.75134676674197,84.90859025467539,83.79866984509933,84.17789459228516,3901900,0.0,0.0,-,73.36698204040528,79.98374496459961,81.81283454895019,83.19005813598633,2322222.0
08/10/2018,84.46460776382996,85.64851704101778,84.1038856264573,84.72358703613281,2718000,0.0,0.0,-,73.23907541275024,79.78929565429688,81.54136657714844,82.79511108398438,2319622.0
08/09/2018,85.05655901054978,85.75950776209392,84.78832847303087,85.25079345703125,1898500,0.0,0.0,-,73.11073495864868,79.55016876220704,81.2435401916504,82.27067489624024,2329564.0
08/08/2018,83.96514573366127,85.2693004435753,83.96514573366127,84.93632507324219,2099400,0.0,0.0,-,72.97962076187133,79.30086669921874,80.90362892150878,81.88960418701171,2364890.0
08/07/2018,83.11419854072095,84.17786930073451,83.00320441611484,83.93738555908203,2035700,0.0,0.0,-,72.84971181869507,79.0272264099121,80.57666549682617,81.48540954589843,2420362.0
08/06/2018,82.6147663836518,83.02173793570299,82.16155255492231,82.95699310302734,1332700,0.0,0.0,-,72.7209425163269,78.77541046142578,80.35329513549804,81.09139099121094,2536556.0
08/03/2018,82.96622730214412,83.11421950561545,81.66207952817217,82.36502838134766,2330000,0.0,0.0,-,72.59675388336181,78.64689193725586,80.19605560302735,80.8916030883789,2591488.0
08/02/2018,79.42374437979667,83.11421323122082,79.26650091131474,82.7442398071289,3280800,0.0,0.0,-,72.47515794754028,78.52375534057617,80.06980247497559,80.66406784057617,2594766.0
08/01/2018,80.50590400318589,80.88512161467766,79.60872081918424,79.94169616699219,3314800,0.0,0.0,-,72.3501515197754,78.38805236816407,79.86863059997559,80.47723083496093,2603042.0
07/31/2018,80.29317898645687,81.30135645567177,80.23768543909596,80.86663818359375,2837700,0.0,0.0,-,72.24012145996093,78.30083648681641,79.80989875793458,80.53180313110352,2611416.0
07/30/2018,79.54397786648735,80.58914619805793,79.52548237191202,80.22842407226562,1862400,0.0,0.0,-,72.12620103836059,78.20508422851563,79.6776336669922,80.43561096191407,2627656.0
07/27/2018,81.72680505750262,81.97653302107942,79.2757394552892,79.4792251586914,1654300,0.0,0.0,-,72.02130020141601,78.13980865478516,79.58560409545899,80.2876220703125,2630738.0
07/26/2018,81.68056307521971,82.64249108708104,80.8666272451781,81.4400863647461,2158000,0.0,0.0,-,71.92147623062134,78.08841049194336,79.54722023010254,80.21640548706054,2643416.0
07/25/2018,80.04344473773065,81.01461702425331,79.99719541409128,80.89437866210938,1622700,0.0,0.0,-,71.81391309738159,77.98672470092774,79.40015716552735,79.91765365600585,2650214.0
07/24/2018,80.94063263809156,81.2736080287971,79.55323752903726,79.99720001220703,1664000,0.0,0.0,-,71.71229110717773,77.89392364501953,79.30581588745117,79.66792144775391,2653098.0
07/23/2018,79.96943935105486,81.44932579904102,79.86769649619438,80.95911407470703,2186700,0.0,0.0,-,71.61304389953614,77.80578186035156,79.24893226623536,79.61519927978516,2655328.0
07/20/2018,80.95911225930284,81.11634864723221,80.07118041042187,80.08967590332031,2410600,0.0,0.0,-,71.50761032104492,77.68677780151367,79.17725143432617,79.50050811767578,2652028.0
07/19/2018,80.32090618598538,81.4030794923943,79.19249767691863,80.87586975097656,1822100,0.0,0.0,-,71.40505529403687,77.59512603759765,79.17863960266114,79.475537109375,2644608.0
07/18/2018,79.84922211884309,80.57066651197988,79.52549797534031,80.48741912841797,1975600,0.0,0.0,-,71.29755968093872,77.46911544799805,79.14025535583497,79.26003036499023,2676200.0
07/17/2018,78.33233803185723,80.43192640415515,78.03636066094613,79.90471649169922,2420600,0.0,0.0,-,71.19145561218262,77.32504425048828,79.04452476501464,79.08799438476562,2687638.0
07/16/2018,78.94276959840323,79.1925046359256,77.80510971484064,78.74853515625,1662000,0.0,0.0,-,71.08932064056397,77.21605850219727,78.97792930603028,78.9196563720703,2703984.0
07/13/2018,78.39708583433791,78.92429576678765,78.11035267342146,78.76705932617188,2009400,0.0,0.0,-,70.99315011978149,77.12392379760742,78.97792930603028,78.88358612060547,2712966.0
07/12/2018,78.65605379814308,79.01677595998667,78.0085985168075,78.45256805419922,1380000,0.0,0.0,-,70.8920682144165,77.01924087524414,78.9474063873291,78.87803497314454,2718896.0
07/11/2018,79.08150269724653,79.34973320231647,78.35080726412252,78.39705657958984,1798400,0.0,0.0,-,70.78829067230225,76.91475967407227,78.94139366149902,78.88266067504883,2741062.0
07/10/2018,79.90469653109412,80.05268870790903,78.80402765016319,79.46997833251953,1613900,0.0,0.0,-,70.6757497215271,76.83851058959961,78.98532905578614,78.94371032714844,2766092.0
07/09/2018,80.04343493016565,80.43190379717637,79.47922712284546,79.81220245361328,2189700,0.0,0.0,-,70.55793590545655,76.7561164855957,78.96868019104004,78.88266525268554,2784420.0
07/06/2018,78.74854802181542,79.9879580232678,78.5080642203414,79.8399658203125,2073500,0.0,0.0,-,70.43845689773559,76.64363021850586,78.93746452331543,78.85399475097657,2785124.0
07/05/2018,79.20176285989176,79.32200829057501,78.14734309794609,78.7208023071289,1747500,0.0,0.0,-,70.31989458084107,76.49129028320313,78.87026672363281,78.88174209594726,2775654.0
07/03/2018,78.5265754979812,79.46075697711402,78.47107488737878,78.76705932617188,987400,0.0,0.0,-,70.20536769866943,76.35081680297851,78.83181381225586,79.02048034667969,2783646.0
07/02/2018,77.90686352562,78.24908313800351,76.80619447536571,78.2213363647461,2221600,0.0,0.0,-,70.09015058517456,76.21716735839844,78.76291007995606,79.00105514526368,2805676.0
06/29/2018,79.08153027559804,79.59024469652502,78.33233908901217,78.38783264160156,1793500,0.0,0.0,-,69.97715728759766,76.07930374145508,78.68669967651367,79.03620223999023,2807414.0
06/28/2018,78.55431143264897,79.23875771124511,78.00859901976686,78.7115478515625,1873800,0.0,0.0,-,69.86704883575439,75.96449340820313,78.49007949829101,79.07227249145508,2821630.0
06/27/2018,79.51624683601388,80.67240953385831,78.38783091385257,78.49882507324219,2404400,0.0,0.0,-,69.7519257926941,75.84579193115235,78.19286422729492,79.01677780151367,2830316.0
06/26/2018,78.7763205005093,79.18329213477504,78.35085336316737,79.00755310058594,2010800,0.0,0.0,-,69.63144117355347,75.729130859375,77.90720748901367,79.00012664794922,2828902.0
06/25/2018,79.37748608911741,79.76595496503751,77.92534638533058,78.85952758789062,2794700,0.0,0.0,-,69.50497098922729,75.5805239868164,77.51954536437988,79.02694778442383,2831616.0
06/22/2018,80.0989496135124,80.43192503218981,78.5358224578592,79.52549743652344,3682300,0.0,0.0,-,69.3793786239624,75.40867858886719,77.14389839172364,79.05469512939453,2824254.0
06/21/2018,79.6549742692713,80.23767762981795,79.25725408636158,80.11743927001953,2406900,0.0,0.0,-,69.25321001052856,75.26004501342773,76.99417686462402,79.0209342956543,2786420.0
06/20/2018,79.0815119890107,80.20067639960038,78.48955737608156,80.10818481445312,2276800,0.0,0.0,-,69.12261310577392,75.08388961791992,76.79871482849121,78.85879135131836,2783904.0
06/19/2018,77.9068635833705,78.86878465473777,77.6201304606328,78.57280731201172,1973800,0.0,0.0,-,68.99174207687378,74.92304870605469,76.59126014709473,78.64314727783203,2772208.0
06/18/2018,78.26758574929734,78.97052752786138,77.84211876016968,78.57280731201172,2973300,0.0,0.0,-,68.86639684677124,74.77114410400391,76.44166488647461,78.52476501464844,2774678.0
06/15/2018,77.99009288165644,78.95202087374066,77.49062986326719,78.74853515625,3852800,0.0,0.0,-,68.74096004486084,74.6286489868164,76.31697578430176,78.3371971130371,2776286.0
06/14/2018,78.33233994614751,79.31276368812696,77.78662746530384,78.15660095214844,2286000,0.0,0.0,-,68.61583459854126,74.52544357299804,76.22778129577637,77.90788650512695,2743350.0
06/13/2018,79.4699733345277,79.70120580376688,77.953088900851,78.33231353759766,3299400,0.0,0.0,-,68.49517915725708,74.41304412841797,76.16541709899903,77.36895065307617,2752898.0
06/12/2018,79.48850151054577,79.51624828673512,78.53582455920613,79.27576446533203,2398200,0.0,0.0,-,68.3752928352356,74.25229629516602,76.06659126281738,76.81428833007813,2732452.0
06/11/2018,79.00751141440917,79.84920102178964,78.66529186312036,79.13700103759766,2226500,0.225,0.0,-,68.24588357925415,74.06474594116212,75.91551933288574,76.01214294433593,2746456.0
06/08/2018,78.42221468628371,79.28936529326103,78.11778610386389,79.1878890991211,2501100,0.0,0.0,-,68.11986846923828,73.92074600219726,75.7381748199463,75.23310165405273,2766876.0
06/07/2018,78.23770934626216,78.88346758541736,78.04398398596366,78.49600982666016,3075400,0.0,0.0,-,67.99483470916748,73.74214889526367,75.52922592163085,74.96741943359375,2772346.0
06/06/2018,77.6473154608896,77.99787218720905,76.91853499710463,77.95174407958984,2580700,0.0,0.0,-,67.87037685394287,73.59141143798828,75.37977981567383,74.73863830566407,2778274.0
06/05/2018,76.80780875756238,77.86869147440507,76.54028132196495,77.38898468017578,2752200,0.0,0.0,-,67.75074569702149,73.45893966674805,75.21095962524414,74.53937301635742,2767592.0
06/04/2018,75.12887131972386,77.05690497911685,75.11964429144224,76.69712829589844,3738600,0.0,0.0,-,67.60788591384888,73.29196640014648,75.00570335388184,74.35856475830079,2759166.0
06/01/2018,73.21004787550847,74.98125700842574,72.91484635335559,74.45542907714844,3771900,0.0,0.0,-,67.47324541091919,73.14252014160157,74.89361839294433,74.2967544555664,2735202.0
05/31/2018,72.75802244270504,73.81889829937553,72.41669282178215,72.76724243164062,3215100,0.0,0.0,-,67.34368030548096,73.08163452148438,74.8779369354248,74.54767608642578,2707082.0
05/30/2018,71.50340813846483,73.04399073907825,70.7654008730113,72.78569030761719,3664800,0.0,0.0,-,67.23051992416381,73.05266799926758,74.91622047424316,74.96188354492188,2686464.0
05/29/2018,71.13438744724984,71.84471346342698,70.50708353349357,71.25431060791016,4873000,0.0,0.0,-,67.12088304519654,73.01835098266602,74.93836135864258,75.31889419555664,2670244.0
05/25/2018,73.04400229866975,74.22480847973696,70.62703480806279,71.34658813476562,7845400,0.0,0.0,-,67.0154246711731,73.00931091308594,75.10487594604493,75.81889572143555,2658564.0
05/24/2018,76.13438918860977,77.13992399401236,75.47941103011793,76.53106689453125,4079300,0.0,0.0,-,66.9151802444458,72.99556549072265,75.30506019592285,76.24324798583984,2554336.0
05/23/2018,75.25801877619448,76.33734878588174,74.86134103269914,76.20819854736328,2493900,0.0,0.0,-,66.78846416473388,72.88475311279296,75.18790130615234,76.09103240966797,2522128.0
05/22/2018,75.8852961035924,77.12144996011865,75.58086763271976,75.95909118652344,3694600,0.0,0.0,-,66.66098243713378,72.77708694458008,74.98863983154297,76.02092132568359,2520816.0
05/21/2018,76.62333114227124,76.66023221964346,75.21189836404808,75.58090209960938,3733500,0.0,0.0,-,66.53685167312622,72.66391693115234,74.77554168701172,75.88254623413086,2528066.0
05/18/2018,76.30042460494195,76.66020116588052,75.79305083246454,76.07902526855469,3649700,0.0,0.0,-,66.41008066177368,72.56898040771485,74.60072593688965,75.6528419494629,2521792.0
05/17/2018,76.61409577828815,77.47202630009885,76.42959042844961,76.96464538574219,2016500,0.0,0.0,-,66.28438907623291,72.43115280151368,74.36318244934083,75.49048233032227,2524700.0
05/16/2018,77.19529158446538,78.0163212467903,76.6233354105765,76.90931701660156,2288200,0.0,0.0,-,66.15404047012329,72.27892379760742,74.1473159790039,75.20819778442383,2659734.0
05/15/2018,75.87609692714301,76.42959896214059,75.5347672704504,76.35579681396484,2497900,0.0,0.0,-,66.02268705368041,72.22180526733399,73.940673828125,74.87055740356445,2702388.0
05/14/2018,75.82074705405188,76.48495229571078,75.55321955181925,76.25432586669922,1766900,0.0,0.0,-,65.8920415687561,72.12921524047852,73.75617256164551,74.55782852172851,2707566.0
05/11/2018,75.12885798086744,76.05136357674976,74.72295326646828,75.5901107788086,1775500,0.0,0.0,-,65.76304769515991,72.04674865722656,73.52231674194336,74.3908561706543,2724304.0
05/10/2018,75.61776806953566,75.64544210517624,74.1694348863653,75.0089111328125,2021700,0.0,0.0,-,65.63206573486327,71.96892044067383,73.25617408752441,74.36687240600585,2749456.0
05/09/2018,74.48310585041888,75.51631473490738,73.8004536250717,75.50708770751953,2039600,0.0,0.0,-,65.504310131073,71.90529144287109,73.11041946411133,74.28477020263672,2784648.0
05/08/2018,73.43143543656976,74.94434387382475,73.1177869489683,74.5753402709961,3401700,0.0,0.0,-,65.36966981887818,71.82158142089844,72.90054855346679,73.95635833740235,2808148.0
05/07/2018,74.58458870450389,74.71373894684004,72.76725124542473,73.28385925292969,2547500,0.0,0.0,-,65.24536363601685,71.80084075927735,72.77508850097657,73.66853713989258,2782406.0
05/04/2018,73.87425305989231,74.8244327393794,72.9609674122848,74.45542907714844,3237900,0.0,0.0,-,65.12907098770141,71.78606185913085,72.6597743988037,73.54860992431641,2795384.0
05/03/2018,73.29308917024524,74.6953020457625,72.77648813092902,74.14179992675781,2111100,0.0,0.0,-,65.00586778640746,71.74104476928711,72.50940551757813,73.23588256835937,2755868.0
05/02/2018,73.1270085322224,74.25246637823939,72.25063111476773,73.53291320800781,2305900,0.0,0.0,-,64.88382078170777,71.69089477539063,72.48172874450684,73.08643417358398,2748758.0
05/01/2018,74.18791487382694,74.37242025703918,72.23220707890226,73.22850799560547,2488300,0.0,0.0,-,64.76664894104005,71.6547624206543,72.43191452026367,73.01079025268555,2747776.0
04/30/2018,75.74696178789304,76.39271311776768,74.48312614152508,74.58460235595703,3049900,0.0,0.0,-,64.65113641738891,71.66500564575195,72.2852352142334,72.9545166015625,2745136.0
04/27/2018,74.10489172471911,75.68237577944032,73.83736420131109,75.35027313232422,2530300,0.0,0.0,-,64.52728734970093,71.65622100830078,72.05091743469238,72.65377731323242,2727832.0
04/26/2018,72.27830303481632,74.2432442139334,71.97387453690266,74.1878890991211,2224900,0.0,0.0,-,64.39828258514405,71.6012173461914,71.88025398254395,72.14547576904297,2717160.0
04/25/2018,71.47574172186403,72.5642986835348,71.18054019182583,72.22296905517578,1600000,0.0,0.0,-,64.27605093002319,71.54904251098633,71.68376121520996,71.93606872558594,2700044.0
04/24/2018,72.58273272773478,72.73032994729499,71.23587554776545,71.69712829589844,2147100,0.0,0.0,-,64.16574926376343,71.52751953125,71.62056961059571,71.84473876953125,2714088.0
04/23/2018,71.4572830069783,72.31521349741183,71.11595340088009,72.08458709716797,2088900,0.0,0.0,-,64.06420986175537,71.51596145629883,71.60212097167968,71.88163986206055,2749302.0
04/20/2018,72.62889220780376,72.6657862500205,71.0145068916057,71.32815551757812,2308500,0.0,0.0,-,63.961373805999756,71.45507888793945,71.44990768432618,71.77093887329102,2776294.0
04/19/2018,72.56429385334431,72.88716940561916,71.84473357349856,72.6473159790039,2504300,0.0,0.0,-,63.867400283813474,71.4632258605957,71.34474067687988,71.78292846679688,2774508.0
04/18/2018,72.72112590931897,73.79122885984478,72.53662054670423,72.77647399902344,2308100,0.0,0.0,-,63.770675582885744,71.45124450683593,71.28293228149414,71.87702331542968,2785112.0
04/17/2018,72.32444887701587,73.07167624789396,71.90009709613695,72.665771484375,2333700,0.0,0.0,-,63.671016693115234,71.41037338256837,71.21005439758301,71.8530387878418,2812416.0
04/16/2018,70.73773299724485,71.82628993767247,70.45175850008353,71.57720947265625,2146500,0.0,0.0,-,63.56994318008423,71.4118196105957,71.13025779724121,71.6159538269043,2830342.0
04/13/2018,72.3059944489605,72.54584790236412,70.09198639285317,70.26725769042969,2426600,0.0,0.0,-,63.47650938034057,71.48875305175781,71.09151268005371,71.44805755615235,2831206.0
04/12/2018,71.67868689507006,72.76724385430808,71.4849615512429,72.09381866455078,1790600,0.0,0.0,-,63.38390424728394,71.59906036376952,71.11111564636231,71.61503219604492,2847500.0
04/11/2018,71.41114565062757,72.39822613684929,71.12516419365062,71.3096694946289,2281100,0.0,0.0,-,63.28294437408447,71.69123245239258,71.0559471130371,71.43145370483398,2856364.0
04/10/2018,71.93698900165013,72.55506605776326,71.54031131644219,72.0661392211914,1692000,0.0,0.0,-,63.1840287399292,71.82079528808593,71.03170814514161,71.39640045166016,2846456.0
04/09/2018,71.94620378596827,72.3244344288084,70.90377507845625,70.97757720947266,2097300,0.0,0.0,-,63.07986614227295,71.95160095214844,70.94343070983886,71.32260208129883,2849462.0
04/06/2018,73.06243615204053,73.46834084295857,70.8392014544184,71.44805145263672,3053700,0.0,0.0,-,62.98540287017822,72.0844940185547,70.93625564575196,71.12887649536133,2832696.0
04/05/2018,72.77646211684947,73.89269298532254,72.11225699620066,73.58826446533203,2206000,0.0,0.0,-,62.89234027862549,72.2116569519043,70.82323532104492,70.90655288696288,2806662.0
04/04/2018,69.68608917148882,72.73958112581789,69.68608917148882,72.53662872314453,2763400,0.0,0.0,-,62.801986923217775,72.2958317565918,70.61148185729981,70.6888412475586,2793292.0
04/03/2018,70.06429548165924,70.77462871451782,69.49234653059591,70.294921875,2277100,0.0,0.0,-,62.71428285598755,72.39919937133789,70.68731994628907,70.56707000732422,2775084.0
04/02/2018,71.60488776909112,71.80783309063409,68.75434178282158,69.89824676513672,3098400,0.0,0.0,-,62.64158613204956,72.53415573120117,70.75888862609864,70.64456176757812,2779832.0
03/29/2018,70.71929673674255,72.18607755409332,70.29493788277935,71.93700408935547,3247500,0.0,0.0,-,62.57174243927002,72.63823028564452,70.87052612304687,70.73496780395507,2761592.0
03/28/2018,71.24511451740022,72.38901955385728,70.16577755682167,70.2580337524414,2774600,0.0,0.0,-,62.49623600006103,72.69509155273437,70.85861091613769,70.6071990966797,2755646.0
03/27/2018,71.62334219494363,71.90009672101904,70.55323923964932,70.95913696289062,3371800,0.0,0.0,-,62.42807182312012,72.77762176513671,70.93708229064941,70.68044052124023,2752084.0
03/26/2018,69.74144425212336,71.49420686019924,69.57539290950224,71.32815551757812,2046600,0.0,0.0,-,62.35685972213745,72.89598281860351,70.95520477294922,70.66701583862304,2728700.0
03/23/2018,69.31707586790732,70.50710903343324,69.00342731667214,69.04032135009766,2330900,0.0,0.0,-,62.28087331771851,72.98819946289062,71.06571235656739,70.5642593383789,2732810.0
03/22/2018,70.72849683910287,71.27277875812982,69.06799111872336,69.22481536865234,2540400,0.0,0.0,-,62.21994186401367,73.09158859252929,71.24094200134277,70.74363479614257,2753164.0
03/21/2018,71.13439362951912,72.61040089659053,71.0605915066261,71.41114807128906,2365900,0.0,0.0,-,62.15685218811035,73.18816009521484,71.3899299621582,70.73991775512695,2735882.0
03/20/2018,71.35581739488357,71.64179895948514,70.87611750812775,71.31891632080078,2184200,0.0,0.0,-,62.08960458755493,73.25406646728516,71.40108757019043,70.53412246704102,2754930.0
03/19/2018,70.6454877030741,71.64179554129265,70.57168555842978,71.06983947753906,2853800,0.0,0.0,-,62.0247405052185,73.33561416625976,71.42145652770996,70.80756988525391,2755736.0
03/16/2018,70.81153415589434,71.48495932467623,70.3502813407223,70.80230712890625,4289000,0.225,0.0,-,61.96011489868164,73.40264389038086,71.55499801635742,70.87321548461914,2744924.0
03/15/2018,71.02723988481925,71.33077677741473,70.3649801255364,70.65931701660156,2634000,0.0,0.0,-,61.897922611236574,73.46656173706054,71.72215118408204,71.00608444213867,2717984.0
03/14/2018,71.21119891538564,71.3583708719749,70.53054616002312,70.99044799804688,2468900,0.0,0.0,-,61.834208221435546,73.53425903320313,71.81918983459472,71.1100227355957,2707462.0
03/13/2018,70.99045509566226,71.81827989037983,70.56734620448347,70.82489013671875,2428300,0.0,0.0,-,61.76924907684326,73.59073516845703,71.84862480163574,71.1937240600586,2693242.0
03/12/2018,70.7053063510055,70.9628502401785,69.91427468137724,70.30059051513672,4057100,0.0,0.0,-,61.702743682861325,73.65714477539062,71.86472129821777,71.24339370727539,2660894.0
03/09/2018,70.02464428305466,70.8708689131784,69.18762667122246,70.83407592773438,3419800,0.0,0.0,-,61.63406616210938,73.73624786376953,71.90565299987793,71.56716537475586,2598912.0
03/08/2018,69.85909782207689,70.76050865985009,68.90250801786969,69.1876449584961,3795100,0.0,0.0,-,61.56304084777832,73.80891250610351,71.81597213745117,71.73824920654297,2556712.0
03/07/2018,70.52134271424035,71.11001647675756,67.84471779678618,69.35319519042969,8768200,0.0,0.0,-,61.50221076965332,73.9049397277832,71.9433650970459,72.03994216918946,2509762.0
03/06/2018,72.20458328449074,74.20055543120162,71.89185342594749,74.05339050292969,4420900,0.0,0.0,-,61.4394115447998,73.99213729858398,72.0781177520752,72.26805267333984,2384710.0
03/05/2018,72.07581835018054,72.08501835207495,70.5765408484761,71.7262954711914,2756800,0.0,0.0,-,61.34795246124268,73.97558090209961,71.91209411621094,72.03534317016602,2356116.0
03/02/2018,70.99044220380738,72.71047746394315,70.53054040332081,72.13099670410156,2603800,0.0,0.0,-,61.270183334350584,73.98588256835937,71.96268348693847,72.23678054809571,2359492.0
03/01/2018,71.68030696377765,72.94963362035153,70.7329102181958,71.69869995117188,3033100,0.0,0.0,-,61.19029935836792,73.9700619506836,72.12732772827148,72.43821792602539,2343678.0
02/28/2018,72.57250694603131,74.22814924978256,71.81826825911753,71.82746124267578,3781300,0.0,0.0,-,61.11645750045776,73.93345352172851,72.33152389526367,72.52835693359376,2370678.0
02/27/2018,73.78666104299292,74.65127884987632,71.30318660328929,71.32158660888672,3214600,0.0,0.0,-,61.047176361083984,73.88599151611328,72.57527198791504,72.50352554321289,2336196.0
02/26/2018,72.94963334986846,73.60269317190108,72.35176652490536,73.5383071899414,2114600,0.0,0.0,-,60.988368358612064,73.87550567626953,72.89858322143554,72.48604888916016,2312188.0
02/23/2018,72.71047917838628,73.01400904053048,70.71449998387746,72.54491424560547,3196400,0.0,0.0,-,60.922220344543454,73.81038314819335,73.1519889831543,72.244140625,2311826.0
02/22/2018,71.94703072835661,73.17956404711838,71.89184476409676,72.20457458496094,1262100,0.0,0.0,-,60.85725004196167,73.7715675354004,73.40585479736328,71.89369506835938,2289312.0
02/21/2018,71.78147217304776,73.25315649646748,71.56991426208224,71.6343002319336,1755600,0.0,0.0,-,60.791287879943845,73.74195053100586,73.6859359741211,71.84678802490234,2305948.0
02/20/2018,73.2991589529605,73.51070987371475,71.68950248115908,71.7262954711914,2256800,0.0,0.0,-,60.728496589660644,73.72024322509766,73.99407119750977,71.88818283081055,2305814.0
02/16/2018,74.02581320153597,74.44892210908694,73.30836033998838,73.74066925048828,2356300,0.0,0.0,-,60.66465190887451,73.69835159301758,74.29300689697266,71.78884506225586,2301430.0
02/15/2018,72.81165803936939,74.16376346810699,72.40694220033396,74.14537048339844,2184700,0.0,0.0,-,60.593337593078616,73.64040390014648,74.45811042785644,71.68858642578125,2302374.0
02/14/2018,70.96284093113778,72.88522686424297,70.76968303959686,72.60009002685547,1996700,0.0,0.0,-,60.51808229446411,73.59257476806641,74.50594062805176,71.81643753051758,2348644.0
02/13/2018,70.94448033024112,71.73551233539756,70.46618533569305,71.57914733886719,1369100,0.0,0.0,-,60.44763158798218,73.53370788574219,74.61493949890136,72.13469085693359,2370724.0
02/12/2018,71.48714998891752,71.88266588995424,70.11664433918156,71.14682006835938,2302200,0.0,0.0,-,60.386485691070554,73.50077896118164,74.75520935058594,72.64701843261719,2443820.0
02/09/2018,69.47277501968516,71.76308435617325,68.06547642717386,71.11922454833984,3907800,0.0,0.0,-,60.32996683120727,73.47208084106445,75.04172782897949,73.31111755371094,2511560.0
02/08/2018,71.62511166853879,72.3885433531583,69.00366569165028,69.04045867919922,3438500,0.0,0.0,-,60.27134887695313,73.38629272460938,75.28271598815918,74.0598373413086,2493712.0
02/07/2018,71.46876017745493,72.97723801109025,71.00885822774788,71.73550415039062,2219200,0.0,0.0,-,60.221755027770996,73.31491104125976,75.54118194580079,74.91801452636719,2476086.0
02/06/2018,69.41760831565216,72.53574328338236,68.06549532622893,72.04824829101562,3034500,0.0,0.0,-,60.16010124206543,73.1894448852539,75.65707626342774,75.52508392333985,2452610.0
02/05/2018,72.6920974686119,73.8418522862669,70.72371778219028,70.73291778564453,3673300,0.0,0.0,-,60.096153316497805,73.07571426391601,75.78998718261718,76.09995956420899,2437676.0
02/02/2018,74.95480629397412,75.35952219321386,72.6644969008721,72.73808288574219,3230000,0.0,0.0,-,60.037686347961426,72.99508239746093,76.02315635681153,76.79716873168945,2425598.0
02/01/2018,75.15713769299896,76.50924986275979,75.05595875393227,75.42388153076172,2189700,0.0,0.0,-,59.96494773864746,72.87563201904297,76.1073184967041,77.22763442993164,2444230.0
01/31/2018,76.81280592067823,76.9691708592968,75.11117054633829,75.78262329101562,3241300,0.0,0.0,-,59.877319259643556,72.69347061157227,76.03603439331054,77.19544372558593,2565274.0
01/30/2018,77.99934956469444,78.36726539762886,76.56445114958038,76.70242309570312,2233800,0.0,0.0,-,59.787303562164304,72.38371032714844,75.9491123199463,77.09518814086914,2593764.0
01/29/2018,78.22012021141256,78.79040112447636,77.48427432472036,77.78781127929688,1785700,0.0,0.0,-,59.69232360839844,72.03572830200196,75.80470390319825,76.86340026855468,2615648.0
01/26/2018,78.06374161619718,78.65241541578713,77.41068183907538,78.6064224243164,1842300,0.0,0.0,-,59.5943363571167,71.66346839904786,75.62258186340333,76.77233810424805,2659782.0
01/25/2018,78.24769730109021,78.28449028970168,77.08874272123629,77.62223052978516,1259000,0.0,0.0,-,59.49307783126831,71.2829133605957,75.4050479888916,76.50559463500977,2675196.0
01/24/2018,77.84299111329896,78.47765796497929,76.7576223758472,77.80619812011719,1752000,0.0,0.0,-,59.394868488311765,70.93764610290528,75.24730186462402,76.16434936523437,2718628.0
01/23/2018,77.46587478046962,77.87059068565888,77.12554485860176,77.79700469970703,1537500,0.0,0.0,-,59.29386753082275,70.56685424804688,75.05644226074219,75.78906860351563,2731426.0
01/22/2018,77.14392871571985,77.77858841345329,76.77600588052191,77.70500946044922,1853000,0.0,0.0,-,59.19455596923828,70.1833960723877,74.85224571228028,75.48001480102539,2748140.0
01/19/2018,75.57105573388381,77.17151179131712,75.18473294688116,77.04273986816406,2514500,0.0,0.0,-,59.09150430679321,69.81866653442383,74.62827377319336,75.2491439819336,2764688.0
01/18/2018,74.97320252903005,75.8470132484002,74.82603056669022,75.10197448730469,2186400,0.0,0.0,-,58.99692283630371,69.45525009155273,74.38820571899414,74.98700256347657,2755456.0
01/17/2018,75.03761143910046,75.62628543326333,74.66968843836179,74.78006744384766,2950200,0.0,0.0,-,58.91898458480835,69.1304653930664,74.20010528564453,74.87662506103516,2744636.0
01/16/2018,77.33711406744364,77.50267905115435,74.1361933882191,74.3845443725586,2596500,0.0,0.0,-,58.84580602645874,68.81634132385254,73.95451583862305,74.80303649902343,2724598.0
01/12/2018,76.27011586761353,77.1991195055524,76.16893690617738,76.87718963623047,2202600,0.0,0.0,-,58.77798345565796,68.49397323608399,73.70800666809082,74.74600753784179,2711982.0
01/11/2018,74.46730328316453,75.99418072332462,73.93381547750293,75.9389877319336,2252100,0.0,0.0,-,58.695186634063724,68.12193565368652,73.40401191711426,74.47282562255859,2707590.0
01/10/2018,73.93383385910528,74.69727276899329,73.5107249134864,74.20977783203125,3348600,0.0,0.0,-,58.615756816864014,67.76737701416016,73.12117156982421,74.30450134277343,2705740.0
01/09/2018,74.66045723556144,74.66045723556144,73.18877286511896,74.05339050292969,1676300,0.0,0.0,-,58.543009967803954,67.45474578857421,72.94088935852051,74.33025436401367,2689512.0
01/08/2018,75.38711953023746,75.5342915084641,74.34774374980996,74.70646667480469,3318300,0.0,0.0,-,58.47460605621338,67.15350296020507,72.77440605163574,74.32381591796874,2688466.0
01/05/2018,74.79842753351814,75.53427321131035,74.47649768106322,75.39630126953125,2224500,0.0,0.0,-,58.40133884429932,66.83130500793457,72.56652946472168,74.22447662353515,2669380.0
01/04/2018,74.00740978054586,74.51330465620025,73.225577987072,74.42132568359375,2313200,0.0,0.0,-,58.32727046966553,66.50448890686035,72.32830009460449,74.00740356445313,2665304.0
01/03/2018,74.1729643987633,74.19136440124716,73.23476778088566,73.99819946289062,2942000,0.0,0.0,-,58.25542896270752,66.19662147521973,72.14939804077149,73.78940887451172,2656864.0
01/02/2018,74.3753116454637,74.83521339592166,73.97979585936811,74.04418182373047,2107900,0.0,0.0,-,58.188853340148924,65.89574821472168,72.03718376159668,73.52358551025391,2644716.0
12/29/2017,74.09939169239635,74.94561651956168,73.78666176962031,73.81425476074219,1757900,0.0,0.0,-,58.127480583190916,65.57853507995605,71.81781196594238,73.10599517822266,2637986.0
12/28/2017,74.43050736042174,74.43050736042174,73.6026826976423,74.14537048339844,810900,0.0,0.0,-,58.065705184936526,65.2646353149414,71.62373428344726,72.67000579833984,2640044.0
12/27/2017,74.72483969987755,74.72483969987755,74.0993729946059,74.25574493408203,958000,0.0,0.0,-,58.00332420349121,64.94264472961426,71.40206146240234,72.33519821166992,2659502.0
12/26/2017,74.09019216979881,74.62367299202495,73.95222020881714,74.4673080444336,1309800,0.0,0.0,-,57.93920450210571,64.61238891601562,71.03076515197753,71.937841796875,2684864.0
12/22/2017,73.64867617398582,74.06258499934721,73.05080241259569,73.98900604248047,1447600,0.0,0.0,-,57.87252029418946,64.28175643920899,70.58096847534179,71.55152435302735,2714922.0
12/21/2017,73.32675783041988,74.15458262877165,73.15199286811621,73.71307373046875,2515600,0.0,0.0,-,57.8082732963562,63.963627395629885,70.15462799072266,71.22499618530273,2751054.0
12/20/2017,72.48972493620936,73.40952860556379,72.04822310474447,73.22557067871094,2991200,0.0,0.0,-,57.743990688323976,63.6743310546875,69.78706016540528,70.9085823059082,2755830.0
12/19/2017,71.52393306722601,72.51731566586848,70.99964527271794,72.24137878417969,2925600,0.0,0.0,-,57.682419567108155,63.4001082611084,69.46084785461426,70.64919662475586,2731244.0
12/18/2017,70.22700429315829,71.45954478096564,70.22700429315829,71.3399658203125,1813100,0.0,0.0,-,57.62576934814453,63.15382987976074,69.18705711364746,70.50938720703125,2698094.0
12/15/2017,70.28219432144175,70.6133171512987,69.22441880988454,69.86827850341797,4383100,0.0,0.0,-,57.57604009628296,62.93843017578125,68.93584938049317,70.55078201293945,2709540.0
12/14/2017,70.96283806909862,71.26637489393958,69.1692171184831,69.45436096191406,2057200,0.0,0.0,-,57.532166194915774,62.744019775390626,68.45716590881348,70.52962875366211,2666422.0
12/13/2017,70.53055069140252,71.3491754542754,70.3833787253579,70.79729461669922,2014200,0.0,0.0,-,57.49373212814331,62.55238052368164,67.94961395263672,70.57746276855468,2691008.0
12/12/2017,70.58571057317502,70.99962631148476,70.09821589659194,70.28218078613281,2096500,0.0,0.0,-,57.443983516693116,62.328008041381835,67.36849002838134,70.46892471313477,2686230.0
12/11/2017,70.5489406123162,71.01804246176421,69.9234738189006,70.60413360595703,2070700,0.0,0.0,-,57.40491739273071,62.109899368286136,66.83331451416015,70.12368850708008,2694446.0
12/08/2017,70.8341033643202,70.92608235478481,70.0430714147397,70.72372436523438,2093900,0.0,0.0,-,57.36683759689331,61.88314880371094,66.32105121612548,69.61041259765625,2703066.0
12/07/2017,70.90765778737516,71.2663876557716,70.36497701930784,70.54893493652344,1748900,0.0,0.0,-,57.327522106170655,61.65822875976563,65.74819526672363,69.08425979614258,2745668.0
12/06/2017,71.06402264882757,71.717082312619,70.48454193405725,70.6317138671875,2037600,0.0,0.0,-,57.28284103393555,61.437538681030276,65.15195331573486,68.66553802490235,2803654.0
12/05/2017,71.94705336217145,72.46214123742152,70.81569161612319,70.8432846069336,2403500,0.0,0.0,-,57.24412233352661,61.19591796875,64.59379425048829,68.27249908447266,2835936.0
12/04/2017,70.291421832064,72.48975288808883,70.12585682703691,71.75391387939453,4498200,0.0,0.0,-,57.203298263549804,60.93299346923828,63.99522590637207,67.86472702026367,2865080.0
12/01/2017,69.57395991827394,70.2086267954458,68.3230261700331,69.65674591064453,3100700,0.0,0.0,-,57.156736850738525,60.6156925201416,63.35066719055176,67.32091674804687,2808006.0
11/30/2017,69.87751511320887,71.00887016993185,68.92091805483331,69.93270111083984,5023900,0.16,0.0,-,57.11934055328369,60.34070190429688,62.821523094177245,66.38470306396485,2793034.0
11/29/2017,66.95831629303571,70.06070759506602,66.7563916722611,69.7119140625,5689200,0.0,0.0,-,57.083570365905764,60.06037590026855,62.2381950378418,65.32176513671875,2727496.0
11/28/2017,65.49891587634885,66.90324968350895,65.02162165261085,66.82981872558594,3015400,0.0,0.0,-,57.04790216445923,59.78868766784668,61.66636486053467,64.26805534362794,2674760.0
11/27/2017,65.7191952166302,66.04962749168607,65.18683132873343,65.47137451171875,2557200,0.0,0.0,-,57.02368402481079,59.568399810791014,61.23542671203613,63.54294052124023,2661926.0
11/24/2017,66.33416616254756,66.71967516642798,65.3336956830579,65.46219635009766,1045400,0.0,0.0,-,57.00962841033935,59.37344505310059,60.89076881408691,63.03168983459473,2681350.0
11/22/2017,66.31582112120226,66.82982386063497,66.08635461213237,66.3617172241211,2287800,0.0,0.0,-,56.992794857025146,59.17665466308594,60.56722145080566,62.412130737304686,2716460.0
11/21/2017,66.97668708019295,67.00422194137073,65.9853900612193,66.70132446289062,3069400,0.0,0.0,-,56.96918649673462,58.9767431640625,60.17896404266357,61.63836860656738,2729568.0
11/20/2017,66.44431229866562,66.87571039443101,65.78344772666425,66.76556396484375,4161600,0.0,0.0,-,56.93791366577148,58.756455459594726,59.796672630310056,60.9150894165039,2735574.0
11/17/2017,66.20566472842819,67.86700676635526,65.1868330210167,66.31581115722656,8241900,0.0,0.0,-,56.906228637695314,58.5091822052002,59.409792137146,60.12572479248047,2707906.0
11/16/2017,59.25741619230918,60.569964619251465,59.09220006154859,60.29460906982422,4665800,0.0,0.0,-,56.87506172180176,58.257136306762696,59.04172840118408,59.38041763305664,2584774.0
11/15/2017,58.963708903007365,60.138576243114045,58.66081494874024,59.303321838378906,3328000,0.0,0.0,-,56.87254335403443,58.126065216064454,58.93617420196533,59.25834312438965,2550298.0
11/14/2017,58.76177227187684,59.57867937146568,58.33955829646249,59.1748161315918,3992400,0.0,0.0,-,56.87607444763184,58.025834274291995,58.87697143554688,59.154624938964844,2542220.0
11/13/2017,59.80813694424628,60.47817503490954,59.39509314602309,59.57867050170898,2613000,0.0,0.0,-,56.88129571914673,57.92229911804199,58.820522689819335,59.064674377441406,2520744.0
11/10/2017,59.0096035601594,60.39558312408928,59.0096035601594,60.35886764526367,3430600,0.0,0.0,-,56.88121843338013,57.80940528869629,58.728736877441406,58.927912902832034,2523520.0
11/09/2017,58.33956228850513,59.83568479934571,58.33038166803584,59.26660537719727,2391900,0.0,0.0,-,56.87696699142456,57.672303161621095,58.6075777053833,58.7498477935791,2522308.0
11/08/2017,59.32167248232221,59.551138964618815,58.54148784306605,58.62409591674805,2373200,0.0,0.0,-,56.87926984786987,57.55667999267578,58.54837512969971,58.72231216430664,2538054.0
11/07/2017,58.9361686590478,59.49606741884229,58.74341766018166,59.46853256225586,2680400,0.0,0.0,-,56.88656150817871,57.4586669921875,58.579583168029785,58.71955947875976,2543570.0
11/06/2017,58.84438286830426,59.41346224206709,57.6878698841622,58.871917724609375,2052900,0.0,0.0,-,56.890314197540285,57.34980659484863,58.581878089904784,58.67825584411621,2545248.0
11/03/2017,58.89945504051533,59.24824857564157,58.7893156106955,58.86273956298828,1645400,0.0,0.0,-,56.892495441436765,57.259469223022464,58.63465518951416,58.69385948181152,2629942.0
11/02/2017,58.60575030165829,59.358400239179936,58.330391166215485,59.0738639831543,1948300,0.0,0.0,-,56.89877613067627,57.150092697143556,58.72001724243164,58.70303916931152,2681704.0
11/01/2017,58.50478713244563,58.85357723308496,57.98160023079597,58.26613998413086,1965700,0.0,0.0,-,56.903818950653076,57.047294998168944,58.77371196746826,58.61400527954102,2705632.0
10/31/2017,58.44970378579252,59.54196650361967,58.201879559933765,58.27531051635742,1983000,0.0,0.0,-,56.91718160629272,56.96559494018555,58.85402488708496,58.599317932128905,2733172.0
10/30/2017,58.36709478485048,58.36709478485048,57.44922885239576,58.211055755615234,2159600,0.0,0.0,-,56.93150037765503,56.87217750549316,58.91919288635254,58.57637100219726,2799060.0
10/27/2017,58.413000368049865,58.82603732837969,58.091748620819686,58.578216552734375,2537200,0.0,0.0,-,56.94527503967285,56.78846664428711,58.97747745513916,58.52956085205078,3038674.0
10/26/2017,58.76178256756863,59.39511239510771,58.47724632749159,58.991249084472656,1624000,0.0,0.0,-,56.95566537857056,56.59324287414551,59.0118968963623,58.4653076171875,3098098.0
10/25/2017,58.74342748994892,59.03714434728818,58.10092055150138,58.5965690612793,2364000,0.0,0.0,-,56.963808383941654,56.408798446655275,59.03622055053711,58.37443809509277,3137924.0
10/24/2017,59.05549621582031,59.4410052653425,58.8719258133903,59.05549621582031,2020700,0.0,0.0,-,56.974926795959476,56.20771522521973,59.082113647460936,58.43960685729981,3240024.0
10/23/2017,58.88109919821844,59.57867924669578,58.71588305523068,59.0279541015625,1891200,0.0,0.0,-,56.97773868560791,56.02930862426758,59.05687274932861,58.48550033569336,3268752.0
10/20/2017,58.46806507559059,59.05549525575011,58.20188309446103,58.95453643798828,2334600,0.0,0.0,-,56.980050582885745,55.86591583251953,58.990328025817874,58.57545089721681,3282804.0
10/19/2017,58.14680960517733,58.39463384494125,57.76130756646516,58.18352508544922,1771400,0.0,0.0,-,56.9844602394104,55.69007781982422,58.83704452514648,58.73699531555176,3302850.0
10/18/2017,58.02748132371714,58.33037523958713,57.69704905085504,58.119266510009766,1860800,0.0,0.0,-,56.99664186477661,55.55236137390137,58.723229026794435,58.933418655395506,3334482.0
10/17/2017,57.82555185982472,58.37627000079464,57.697051193690434,58.045841217041016,1783800,0.0,0.0,-,57.004863586425785,55.41373306274414,58.61308574676514,59.10873184204102,3358976.0
10/16/2017,57.8530972020311,58.18352954705441,57.219770874990544,57.74295425415039,2226100,0.0,0.0,-,57.01340682983398,55.267053298950195,58.517168807983396,59.26201477050781,3368000.0
10/13/2017,58.18350837267989,58.38543995479109,57.742933240111725,57.93568420410156,2812700,0.0,0.0,-,57.02697153091431,55.134852981567384,58.42079238891601,59.42539405822754,3371496.0
10/12/2017,59.24824749476885,59.34921330543595,57.97241093433427,58.08255386352539,3254200,0.0,0.0,-,57.0402557182312,54.98067329406738,58.3101900100708,59.55848617553711,3377422.0
10/11/2017,59.62457812466645,59.872405881197146,59.10139475314442,59.24825668334961,2754400,0.0,0.0,-,57.05567485809326,54.83783638000488,58.18719615936279,59.69800300598145,3361768.0
10/10/2017,59.92747492168595,60.12940657203903,59.29414510971713,59.51443099975586,1761900,0.0,0.0,-,57.065083293914796,54.67076972961426,58.043090438842775,59.72462043762207,3356186.0
10/09/2017,60.54242813028711,60.54242813028711,59.72552811767819,59.92745971679688,1268100,0.0,0.0,-,57.073160858154296,54.493253784179686,57.851715850830075,59.628245162963864,3375680.0
10/06/2017,59.9641926503453,60.7260231769418,59.95501202877744,60.56998062133789,2385400,0.0,0.0,-,57.083226699829105,54.29923858642578,57.57543792724609,59.405205154418944,3392370.0
10/05/2017,59.86322226181705,60.257904926024295,59.70718672086026,60.14775848388672,2227200,0.0,0.0,-,57.09203834533692,54.09694999694824,57.23261470794678,58.93709373474121,3408312.0
10/04/2017,59.67046674912504,60.01007266532253,59.05549124692801,59.87239837646485,3286500,0.0,0.0,-,57.10287015914917,53.88186920166016,56.912279510498045,58.51303939819336,3418076.0
10/03/2017,59.24823826423447,59.79895632577196,59.156446085011474,59.57867050170898,1775300,0.0,0.0,-,57.120179653167725,53.673577041625975,56.6332483291626,58.117439651489256,3459146.0
10/02/2017,59.05548846511558,59.58785236615958,58.49559320897761,59.376747131347656,2507300,0.0,0.0,-,57.1286647605896,53.45358413696289,56.35421772003174,57.77232284545899,3535124.0
09/29/2017,59.58785706600622,59.85403903752268,59.202355039435474,59.26660537719727,2501700,0.0,0.0,-,57.13893377304077,53.260331268310544,56.082079315185545,57.416190719604494,3566360.0
09/28/2017,59.257429276473104,59.52361126829207,58.49560228431322,59.47772216796875,4224000,0.0,0.0,-,57.15353359222412,53.07550575256348,55.79393711090088,57.06189384460449,3614374.0
09/27/2017,58.44971002893349,59.93665554290987,58.4129945468,59.51443099975586,4648200,0.0,0.0,-,57.16306993484497,52.88224708557129,55.494323348999025,56.67638931274414,3623558.0
09/26/2017,57.834740327760265,58.68835606474399,57.52266571960082,58.55067825317383,3651700,0.0,0.0,-,57.17347034454346,52.6866064453125,55.20477409362793,56.36156044006348,3584560.0
09/25/2017,57.54102058437924,58.357924298261295,57.36662729789084,57.697059631347656,3860700,0.0,0.0,-,57.18905372619629,52.51756378173828,54.978515815734866,56.075186538696286,3580888.0
09/22/2017,55.650222778503135,56.05408260313156,55.35650590579495,55.88886642456055,1644500,0.0,0.0,-,57.21145586013794,52.366142654418944,54.81141529083252,55.74567070007324,3618406.0
09/21/2017,56.08160838917215,56.22846680175776,55.66857151097435,55.9072151184082,2352100,0.0,0.0,-,57.23834440231323,52.24466110229492,54.68666763305664,55.52813568115234,3705524.0
09/20/2017,56.26519100642636,56.38451457933957,55.650222402529984,55.91640090942383,1747000,0.0,0.0,-,57.26464023590088,52.1175032043457,54.58800582885742,55.311519622802734,3745760.0
09/19/2017,55.87967822269551,56.18257215575489,55.70528145690984,56.12750244140625,3052400,0.0,0.0,-,57.29123170852661,51.99400634765625,54.50124263763428,55.14905700683594,3783948.0
09/18/2017,55.815425872802734,55.98064201264373,55.02606064942477,55.815425872802734,2373700,0.0,0.0,-,57.31685846328735,51.87470901489258,54.375089454650876,54.936112594604495,3814406.0
09/15/2017,55.59513596446551,55.92556824085028,55.07195269398311,55.72363662719727,3528400,0.0,0.0,-,57.34500024795532,51.78618545532227,54.285593795776364,54.747967910766604,3838560.0
09/14/2017,56.24682599432626,56.39368441070645,55.33814063715533,55.622676849365234,2800900,0.0,0.0,-,57.37805543899536,51.70206024169922,53.94026336669922,54.525980377197264,3849370.0
09/13/2017,55.76952806392202,56.81589808456086,55.76952806392202,56.36614227294922,2943200,0.0,0.0,-,57.410660896301266,51.64027572631836,53.647580909729,54.31225738525391,3872158.0
09/12/2017,54.60386037266036,56.356984629465416,54.32849771864509,55.68693923950195,3369700,0.0,0.0,-,57.442639904022215,51.57900039672852,53.25639419555664,54.04798774719238,3844174.0
09/11/2017,53.78692939651512,54.50286703379662,53.54828585167451,54.40190124511719,2778200,0.0,0.0,-,57.478969478607176,51.52215553283691,52.97880554199219,53.88184509277344,3845162.0
09/08/2017,53.70433561500637,53.89709012706717,53.11690196262102,53.71351623535156,2085300,0.0,0.0,-,57.52031524658203,51.48313888549805,52.801626205444336,53.877159881591794,3848288.0
09/07/2017,54.49370438789906,54.723170891892174,53.34637186793347,53.74105453491211,2942000,0.0,0.0,-,57.56051206588745,51.466677551269534,52.62408218383789,53.84519958496094,3876110.0
09/06/2017,54.00723503214542,54.79660034435816,54.00723503214542,54.29177474975586,2924100,0.16,0.0,-,57.600889377593994,51.42678108215332,52.50191459655762,53.86449203491211,3869480.0
09/05/2017,53.77836643467436,54.34589885591701,53.73259831055358,53.9980583190918,2918600,0.0,0.0,-,57.62728605270386,51.37898246765137,52.34671840667725,53.853428268432616,3868028.0
09/01/2017,53.68683046451461,54.25436288869691,53.68683046451461,53.93397903442383,2751800,0.0,0.0,-,57.647560596466064,51.32955215454101,52.18240814208984,53.814066314697264,3915288.0
08/31/2017,53.54952942169256,53.88821777534996,53.22914901848751,53.50376129150391,3370000,0.0,0.0,-,57.66465562820434,51.27554496765137,52.04235610961914,53.82321968078613,3993648.0
08/30/2017,53.76921489010216,53.93397944065462,53.13760289680069,53.48544692993164,3179200,0.0,0.0,-,57.6862198638916,51.24716819763184,51.878503036499026,53.35454635620117,4071096.0
08/29/2017,53.65021758761707,54.14452173902221,53.04606923319443,53.723445892333984,2649000,0.0,0.0,-,57.70805753707886,51.234169921875,51.75126609802246,52.9829044342041,4126734.0
08/28/2017,54.41912480588656,54.51066104430132,53.78751288842026,54.0255126953125,2764300,0.0,0.0,-,57.72688703536987,51.2700528717041,51.60984001159668,52.464800643920896,4121766.0
08/25/2017,53.44882500215964,54.6205056233748,53.44882500215964,54.35504913330078,6287600,0.0,0.0,-,57.74247896194458,51.28945892333984,51.44049606323242,52.075765991210936,4154630.0
08/24/2017,54.33674995278396,55.654890864295226,53.21998949810369,53.39391326904297,4233500,0.0,0.0,-,57.7563777923584,51.31746948242188,51.234078598022464,51.72609252929688,4087476.0
08/23/2017,54.03467100314154,54.30013101305477,53.70513492075051,53.93397903442383,3144700,0.0,0.0,-,57.773900508880615,51.36818138122558,51.08716049194336,51.40296478271485,4060884.0
08/22/2017,53.824140786872526,54.22690870626207,53.695988627752016,54.18113708496094,3342700,0.0,0.0,-,57.78331398010254,51.42621612548828,50.86014747619629,51.13933715820313,4037248.0
08/21/2017,53.96143498933844,54.13535523379187,52.86298270234164,53.60443878173828,5277400,0.0,0.0,-,57.79094617843628,51.47509735107422,50.62398014068604,50.84000854492187,4032428.0
08/18/2017,53.760052715272565,54.46489292509394,53.08267617048255,54.0255126953125,14140300,0.0,0.0,-,57.805234584808346,51.537342910766604,50.37270946502686,50.550749969482425,3976846.0
08/17/2017,49.35709680216554,49.759864677372654,48.68887240870763,48.8170280456543,5508400,0.0,0.0,-,57.81741762161255,51.579450149536136,50.15713901519776,50.261492538452146,3763076.0
08/16/2017,49.32049510486894,49.842259518399935,48.87195900789212,49.76902770996094,3615300,0.0,0.0,-,57.85759744644165,51.740190200805664,50.21755409240723,50.402459716796876,3709940.0
08/15/2017,50.04362468396525,50.11685646997992,48.37763996285269,48.54240798950195,7469000,0.0,0.0,-,57.89183546066284,51.876947250366214,50.21984214782715,50.51962776184082,3706500.0
08/14/2017,51.17869471219675,51.48077060223623,50.01616625772305,50.13516616821289,3457100,0.0,0.0,-,57.932342987060544,52.065331649780276,50.27934169769287,50.75487937927246,3601812.0
08/11/2017,50.21755032982303,51.20615503523938,50.16262648823394,50.85831451416016,2593800,0.0,0.0,-,57.97029567718506,52.22955032348633,50.27751064300537,50.8052261352539,3573044.0
08/10/2017,50.98647612062317,51.01393630057502,50.04363587029046,50.162635803222656,3336900,0.0,0.0,-,58.00295085906983,52.37527839660645,50.2408950805664,50.74206466674805,3576428.0
08/09/2017,51.15124268072719,51.3251629684514,50.36401828765596,51.29770278930664,3353000,0.0,0.0,-,58.04026618957519,52.53930267333985,50.223502731323244,50.771356201171876,3570474.0
08/08/2017,50.82170245623277,51.81946295650891,50.82170245623277,51.18785095214844,3085500,0.0,0.0,-,58.0719517326355,52.67167739868164,50.13608360290527,50.58095779418945,3548088.0
08/07/2017,50.91323345717198,51.27938540721495,50.46470098484731,50.71185302734375,2235000,0.0,0.0,-,58.10423194885254,52.80789276123047,50.06376895904541,50.407951736450194,3524836.0
08/04/2017,50.43725020062499,51.20616669859072,50.217561767997445,51.132938385009766,2400900,0.0,0.0,-,58.13866483688354,52.94413192749023,50.03630809783935,50.19466896057129,3562328.0
08/03/2017,50.92238781723713,51.25192386510306,49.91547172743748,50.22669982910156,3109000,0.0,0.0,-,58.17185590744018,53.05277488708496,50.04912357330322,50.05278549194336,3574612.0
08/02/2017,50.87663207904216,51.16955230578964,50.53794022970921,50.94070816040039,2471500,0.0,0.0,-,58.213396282196044,53.1808211517334,50.11365737915039,50.03264846801758,3579300.0
08/01/2017,50.76677203225932,50.96815594864277,50.37315991853729,50.89492416381836,2475300,0.0,0.0,-,58.25259387969971,53.302439575195315,50.193294525146484,49.92005653381348,3603592.0
07/31/2017,50.43724975665421,50.70270981130341,50.09856138906864,50.638633728027344,2736600,0.0,0.0,-,58.2927021408081,53.42040809631348,50.313667106628415,49.80380401611328,3692110.0
07/28/2017,50.41893151827915,50.6660800622949,50.04362385896674,50.22669982910156,2102600,0.0,0.0,-,58.33450096130371,53.52286689758301,50.423970222473145,49.74979515075684,3711436.0
07/27/2017,49.338794204222125,50.46470686781543,49.238102231627856,50.45555114746094,3182500,0.0,0.0,-,58.37313232421875,53.64178230285645,50.53518867492676,49.739725494384764,3751558.0
07/26/2017,49.51271865092541,49.80563887302779,48.853646405252825,49.39371871948242,2715400,0.0,0.0,-,58.412664794921874,53.755755310058596,50.65693359375,49.67564926147461,3863994.0
07/25/2017,48.82618185708699,49.869710491446064,48.58818550737941,49.45779037475586,5340000,0.0,0.0,-,58.45786998748779,53.90648750305176,50.77455921173096,49.691209411621095,3919788.0
07/24/2017,49.61340157828016,49.61340157828016,48.43256518423033,48.57902526855469,5574200,0.0,0.0,-,58.503164005279544,54.07675636291504,50.896761894226074,49.71958618164062,3879638.0
07/21/2017,50.09856018917888,50.36402023747016,49.52187196162169,49.71410369873047,4069100,0.0,0.0,-,58.5533518409729,54.296375579833985,51.04413776397705,49.87794723510742,3821976.0
07/20/2017,49.90632966124509,50.41894178361405,49.81478991159827,50.02532958984375,4902400,0.0,0.0,-,58.59686429977417,54.50826759338379,51.1201135635376,50.045461654663086,3802058.0
07/19/2017,49.750712740955024,50.09855679821031,49.62256058614632,49.814788818359375,4683200,0.0,0.0,-,58.6386842918396,54.69877807617188,51.22309322357178,50.1946662902832,3737938.0
07/18/2017,50.15347127158648,50.31823929465019,49.66831942950614,49.732398986816406,2698300,0.0,0.0,-,58.681875190734864,54.882725143432616,51.374130439758304,50.46653251647949,3674916.0
07/17/2017,50.153468910192686,50.58369340181714,50.043621238733095,50.09854507446289,3468100,0.0,0.0,-,58.72115991592407,55.069598007202146,51.663390159606934,50.823530197143555,3659396.0
07/14/2017,50.904075193994046,51.30683949777791,50.05277497918533,50.12600326538086,5736600,0.0,0.0,-,58.75897756576538,55.24677429199219,51.90825366973877,51.09814529418945,3627558.0
07/13/2017,49.52186860968681,49.98871259292918,49.32964037747376,49.814788818359375,6000400,0.0,0.0,-,58.80102142333985,55.43381034851074,52.18973236083984,51.33065185546875,3547664.0
07/12/2017,50.052776488832734,50.24500467426262,49.50355210420922,49.54932022094727,4363900,0.0,0.0,-,58.841757736206056,55.61940078735351,52.495468330383304,51.63821792602539,3478142.0
07/11/2017,50.17178613805855,50.36401436085302,49.72325012632063,49.74155807495117,3656400,0.0,0.0,-,58.88609411239624,55.79861335754394,52.85978813171387,51.85790901184082,3427144.0
07/10/2017,51.30685652634308,51.38924055808314,50.09855972207868,50.162635803222656,4575300,0.0,0.0,-,58.92819667816162,55.99078155517578,53.2039701461792,52.073937606811526,3410492.0
07/07/2017,51.508247844207446,51.87439643274575,51.370939941077445,51.38924789428711,3581400,0.0,0.0,-,58.9653302192688,56.18438980102539,53.531674194335935,52.21032829284668,3365976.0
07/06/2017,52.09406398045266,52.17644798536805,51.22445581565318,51.51737594604492,4068900,0.0,0.0,-,58.99433074951172,56.34451751708984,53.76875553131104,52.19476547241211,3332560.0
07/05/2017,53.25659927496663,53.3206753436684,52.17645484273131,52.533451080322266,3940300,0.0,0.0,-,59.020963459014894,56.49660377502441,54.03558826446533,52.25152015686035,3287262.0
07/03/2017,53.08268737812411,53.54037565059949,53.0552237072942,53.30237579345703,1544000,0.0,0.0,-,59.03978858947754,56.634029693603516,54.23925971984863,52.28172836303711,3250832.0
06/30/2017,53.14677202958552,53.14677202958552,52.52431559926495,52.84469604492188,3419100,0.0,0.0,-,59.054859981536865,56.75315544128418,54.472222328186035,52.50325012207031,3262954.0
06/29/2017,52.83552879556172,53.02775700831368,51.95676476662539,52.45106887817383,2934500,0.0,0.0,-,59.06926528930664,56.877052001953125,54.74729251861572,52.71836204528809,3251728.0
06/28/2017,51.92930496142693,53.17421747707207,51.58146093690632,52.89044952392578,3476400,0.0,0.0,-,59.085047760009765,56.99183784484863,55.031974983215335,53.04881286621094,3233190.0
06/27/2017,51.82861510163002,52.16730691196043,51.444158657753306,51.74623107910156,2610500,0.0,0.0,-,59.10108787536621,57.09199256896973,55.30564498901367,53.35271873474121,3198792.0
06/26/2017,51.63638402320885,52.42360830784682,51.62723179538271,51.9018440246582,2851500,0.0,0.0,-,59.11862192153931,57.212657623291015,55.61415538787842,53.861667251586915,3183970.0
06/23/2017,51.27023487585538,51.59977096586236,50.54709011376687,51.52654266357422,5281600,0.0,0.0,-,59.14419591903687,57.328749389648436,55.918994140625,54.33400268554688,3161800.0
06/22/2017,52.12153244884182,52.12153244884182,50.91323584565277,51.233619689941406,6669800,0.0,0.0,-,59.172282695770264,57.462025756835935,56.21885757446289,54.853020095825194,3100670.0
06/21/2017,52.73483924930431,53.22914338353643,51.85607867192552,52.084922790527344,7242400,0.0,0.0,-,59.201334114074704,57.60444770812988,56.48543090820313,55.34274559020996,3008484.0
06/20/2017,55.49012291930149,55.49012291930149,52.78060929454926,52.83553314208984,5961100,0.0,0.0,-,59.226038131713864,57.72235649108887,56.71263542175293,55.81965637207031,2907586.0
06/19/2017,55.096517484877786,55.69151368446056,54.51983272860059,55.51759338378906,2400600,0.0,0.0,-,59.24539823532105,57.81776596069336,56.92194023132324,56.196791076660155,2851180.0
06/16/2017,55.08735151949554,55.13311964069351,54.556431536324446,54.99581527709961,4407500,0.0,0.0,-,59.25071165084839,57.86610794067383,56.985728073120114,56.44119453430176,2892540.0
06/15/2017,55.90203717357385,56.16749717097343,54.49235666174566,55.75557708740234,2929900,0.0,0.0,-,59.25829299926758,57.90808517456055,57.02401599884033,56.77622299194336,2903698.0
06/14/2017,57.07372894584845,57.07372894584845,55.67320388162871,55.92950820922852,2903900,0.0,0.0,-,59.26574935913086,57.95550254821777,57.044860649108884,57.015137100219725,2900870.0
06/13/2017,56.47872003895324,57.00963649250173,56.33225996640019,56.835716247558594,1962900,0.0,0.0,-,59.273016395568845,58.02719886779785,57.05609531402588,57.258571243286134,2889068.0
06/12/2017,56.44212234158228,57.549727215536464,56.44212234158228,56.62519836425781,3101700,0.0,0.0,-,59.27643268585205,58.0933716583252,57.06082592010498,57.36664352416992,2882916.0
06/09/2017,56.22241270838313,56.82656444049633,55.59996001434731,56.71671676635742,2498300,0.0,0.0,-,59.282987880706784,58.17726829528809,57.12812767028809,57.50398559570313,2855700.0
06/08/2017,57.2384791226271,57.33001884807868,56.01187473664375,56.13087463378906,3451800,0.0,0.0,-,59.29103582382202,58.249290466308594,57.27029113769531,57.58469505310059,2837600.0
06/07/2017,56.8723385567515,57.22017908589183,56.62518650169877,56.85403060913086,2851600,0.0,0.0,-,59.30269321441651,58.327733459472654,57.47918262481689,57.62811622619629,2810066.0
06/06/2017,57.76025298630823,57.89756085148435,56.50618821911034,56.60688018798828,3443300,0.0,0.0,-,59.31350143432617,58.38386100769043,57.614023780822755,57.605614471435544,2799558.0
06/05/2017,58.465084234850416,58.47423995345105,57.93416778817024,57.96162796020508,2234600,0.0,0.0,-,59.31565818786621,58.45917556762695,57.734286880493165,57.64708938598633,2767840.0
06/02/2017,58.08979205812464,58.48340423387242,57.95248767776785,58.346099853515625,2018700,0.16,0.0,-,59.30841047286987,58.5010034942627,57.79000759124756,57.53026161193848,2757958.0
06/01/2017,58.32733418679922,58.43690240353482,57.742965720061605,58.144718170166016,2763000,0.0,0.0,-,59.29729017257691,58.54573402404785,57.82057056427002,57.2718090057373,2754010.0
05/31/2017,57.91644409445864,58.38211158831383,57.66991301543747,58.36384963989258,3039200,0.0,0.0,-,59.2932996559143,58.583900146484375,57.887224960327146,57.07458419799805,2747814.0
05/30/2017,58.03513996925378,58.19949400763765,57.7977381435392,57.91643905639648,2233700,0.0,0.0,-,59.287759971618655,58.63028465270996,57.92374801635742,56.85361938476562,2729746.0
05/26/2017,57.6607817534628,58.15384041104186,57.332073659669824,57.99861907958984,1922900,0.0,0.0,-,59.27919628143311,58.70734848022461,57.953423500061035,56.75500831604004,2751568.0
05/25/2017,56.93031030627511,57.77034237833522,56.71117392790112,57.52381134033203,4109600,0.0,0.0,-,59.26613969802857,58.776559600830076,58.02099094390869,56.75226974487305,2750380.0
05/24/2017,56.63813066900013,57.07640694385498,56.31855530705707,56.565086364746094,3015100,0.0,0.0,-,59.25427795410156,58.85946685791016,58.136952781677245,56.95588722229004,2695332.0
05/23/2017,56.88467340355797,57.18599036362231,56.38248195322832,56.62901306152344,3343400,0.0,0.0,-,59.250429973602294,58.95680122375488,58.27848014831543,57.3302490234375,2668002.0
05/22/2017,56.884666462341066,57.45077292910154,56.5011759960838,57.021629333496094,3686100,0.0,0.0,-,59.247804431915284,59.046830291748044,58.40311393737793,57.62243309020996,2648222.0
05/19/2017,57.44163359859376,58.391233847788186,55.907665037005806,56.79335021972656,6901200,0.0,0.0,-,59.241583042144775,59.129189834594726,58.522269821166994,57.821484375,2614838.0
05/18/2017,56.47377224747888,56.75682717688146,55.70678795523278,55.76157379150391,3702900,0.0,0.0,-,59.235732040405274,59.21045387268067,58.645535469055176,58.04975357055664,2514166.0
05/17/2017,55.98072485213176,57.003369618664685,55.89854782284095,56.17247009277344,4108700,0.0,0.0,-,59.23213716506958,59.31344932556152,58.80943298339844,58.36933212280273,2479424.0
05/16/2017,55.27764895412838,56.49203881779019,54.483269937157566,56.15420150756836,8804300,0.0,0.0,-,59.23056978225708,59.40822662353516,58.91032752990723,58.69986572265625,2447170.0
05/15/2017,57.93471478520811,58.08993614554585,56.866413281576726,56.93032836914063,5505100,0.0,0.0,-,59.230227642059326,59.51302490234375,58.99752674102783,58.99387664794922,2327466.0
05/12/2017,59.33171899931796,59.45954916271561,57.95297141841873,57.97123336791992,3332500,0.0,0.0,-,59.22373706817627,59.59628829956055,59.0399845123291,59.15183868408203,2269474.0
05/11/2017,59.88868726188338,60.080439466669255,58.95735225082338,59.55998611450195,2691100,0.0,0.0,-,59.21231410980224,59.672214584350584,59.02674446105957,59.28971214294434,2269064.0
05/10/2017,59.59649886918287,60.74697718616014,59.29518892468227,60.3087043762207,3073200,0.0,0.0,-,59.19562335968018,59.69796630859375,58.95826320648193,59.31801834106445,2373714.0
05/09/2017,58.97561104413798,59.88868759450064,58.76560733863846,59.55085372924805,1696400,0.0,0.0,-,59.17133378982544,59.74117134094238,58.86056385040283,59.22671127319336,2382238.0
05/08/2017,59.12171388872133,59.249544064155934,58.82952963541051,59.01214218139648,1532100,0.0,0.0,-,59.14557237625122,59.80991775512695,58.78203926086426,59.183794784545896,2395916.0
05/05/2017,59.07604217529297,59.2586616408421,58.81125614113228,59.07604217529297,1922300,0.0,0.0,-,59.11910287857056,59.88688743591309,58.71173248291016,59.22305526733398,2429932.0
05/04/2017,59.47781272848291,59.70608189215263,58.73822286738409,58.95735931396485,1876200,0.0,0.0,-,59.09276746749878,59.93762100219727,58.65466499328613,59.24131736755371,2443848.0
05/03/2017,59.21301305505354,59.55085388742473,59.03953324705429,59.477806091308594,1741900,0.0,0.0,-,59.0665265083313,60.01623329162598,58.561530876159665,59.24953384399414,2457134.0
05/02/2017,58.50080965665693,59.139960404657714,58.40037068679671,59.09431076049805,2524300,0.0,0.0,-,59.03650417327881,60.08024658203125,58.49396286010742,59.1207893371582,2478060.0
05/01/2017,59.623903269088245,59.74260071626749,58.50081601415606,58.50994873046875,1814000,0.0,0.0,-,59.00495225906372,60.14719299316406,58.51496353149414,59.001176834106445,2510324.0
04/28/2017,59.888679706516605,59.888679706516605,59.030392599251805,59.34996795654297,2823800,0.0,0.0,-,58.97555118560791,60.220543746948245,58.59668388366699,58.928130340576175,2524884.0
04/27/2017,59.37737702550147,60.1626235492837,59.36824430790704,59.843048095703125,2349500,0.0,0.0,-,58.94204067230225,60.289117660522464,58.67018699645996,58.763776779174805,2515962.0
04/26/2017,59.4686745288215,59.815648083993175,59.28606200121007,59.395633697509766,1910600,0.0,0.0,-,58.90542980194092,60.343822174072265,58.693925857543945,58.59850807189942,2508864.0
04/25/2017,59.54170309358661,59.660400501571054,58.91167823425728,59.12168884277344,1804000,0.0,0.0,-,58.871781730651854,60.39563331604004,58.72679538726807,58.49441642761231,2512978.0
04/24/2017,59.73345506312963,59.98911533474365,59.03952203052585,59.404747009277344,2118800,0.0,0.0,-,58.84009292602539,60.466404571533204,58.75373134613037,58.380283737182616,2521282.0
04/21/2017,59.03952677936912,59.28605435647781,58.537331943861886,59.25866317749024,2150100,0.0,0.0,-,58.799595985412594,60.52021934509278,58.802124404907225,58.200409698486325,2515274.0
04/20/2017,58.245145092968976,59.3499667143199,58.245145092968976,59.03952407836914,2857800,0.0,0.0,-,58.760872745513915,60.56784698486328,58.84184246063232,58.06801261901855,2511280.0
04/19/2017,58.199493737878335,58.50993986637446,58.03513970025625,58.19036102294922,2007600,0.0,0.0,-,58.72129487991333,60.595991668701174,58.918997573852536,57.873527908325194,2481488.0
04/18/2017,57.81600869855325,58.080801742386576,57.679045818471,57.89818572998047,1756500,0.0,0.0,-,58.685917434692385,60.640755615234376,59.01213073730469,57.86713638305664,2476034.0
04/17/2017,58.03514760133508,58.10819191516149,57.54208542134189,57.779483795166016,1869400,0.0,0.0,-,58.653542881011965,60.68444046020508,59.151375198364256,58.02875022888183,2474878.0
04/13/2017,58.336453839174105,58.45515126984689,57.69729962748663,57.7064323425293,1743000,0.0,0.0,-,58.617589225769045,60.724669494628905,59.3508825302124,58.265237426757814,2470586.0
04/12/2017,58.50993986637446,58.51906561508319,58.1173167190673,58.19036102294922,2225100,0.0,0.0,-,58.58005065917969,60.770731658935546,59.5385196685791,58.57659721374512,2478690.0
04/11/2017,57.94383214513469,58.4277650443773,57.724695742139446,58.35471725463867,2060500,0.0,0.0,-,58.537416515350344,60.81130584716797,59.712460327148435,58.789343643188474,2470834.0
04/10/2017,57.52382365549644,58.26341692784409,57.52382365549644,57.98036193847656,2197500,0.0,0.0,-,58.492463779449466,60.83547576904297,59.86631469726562,58.95917434692383,2462732.0
04/07/2017,58.01689181596227,58.05341571831119,57.487305681235966,57.60600662231445,3140800,0.0,0.0,-,58.447795448303225,60.86604011535645,60.02381992340088,59.12717895507812,2458134.0
04/06/2017,57.45989228514164,58.43688365510159,57.405106452795486,57.9346923828125,4468600,0.0,0.0,-,58.4066316986084,60.90846351623535,60.20049991607666,59.403839111328125,2437128.0
04/05/2017,58.15384565635222,58.27254658606403,57.03076189000089,57.09467697143555,4965400,0.0,0.0,-,58.365729389190676,60.951418228149414,60.34659290313721,59.6156723022461,2391638.0
04/04/2017,59.44127458404439,59.5051896559088,58.01687757322616,58.12644577026367,2788500,0.0,0.0,-,58.3260791015625,61.01390609741211,60.53742637634277,59.964467239379886,2325860.0
04/03/2017,60.30870321956581,60.30870321956581,59.36822861024075,59.51432418823242,2313800,0.0,0.0,-,58.28149677276611,61.03754051208496,60.67667083740234,60.157125091552736,2311066.0
03/31/2017,60.6282852382134,60.73784996750337,60.089566443059454,60.14435577392578,1655300,0.0,0.0,-,58.2307914352417,61.04963157653808,60.770660400390625,60.27400016784668,2299444.0
03/30/2017,60.20827058916079,60.838288678463016,60.14435550861647,60.82003021240234,1740900,0.0,0.0,-,58.1764369392395,61.04839302062988,60.81811752319336,60.43652763366699,2295724.0
03/29/2017,60.05303232296672,60.61000948945915,59.769980865517184,60.31782531738281,1593300,0.0,0.0,-,58.116753902435306,61.05076583862305,60.86549339294434,60.50044212341309,2299616.0
03/28/2017,59.59648614878762,60.13520478020301,59.130822258396805,60.05302429199219,2075100,0.0,0.0,-,58.057994480133054,61.067190628051755,60.891980743408205,60.635577011108396,2299988.0
03/27/2017,60.04390539841161,60.18086825025021,59.54171059707676,59.66040802001953,2326200,0.0,0.0,-,58.000967254638674,61.08544990539551,61.01277732849121,60.77345504760742,2286848.0
03/24/2017,60.34521004386303,60.76523127715197,59.97998509247694,60.37260818481445,1857400,0.0,0.0,-,57.94857902526856,61.10536743164062,61.17916564941406,60.920460891723636,2264522.0
03/23/2017,60.482171261199554,60.81087928160438,59.97998348340607,60.05302429199219,1740500,0.0,0.0,-,57.88913751602173,61.11031227111816,61.3035665512085,60.99716072082519,2265766.0
03/22/2017,60.263050950673176,60.71045649961355,59.72433914202146,60.58262634277344,1821300,0.0,0.0,-,57.83006929397583,61.125656814575194,61.381551361083986,61.07751350402832,2291362.0
03/21/2017,60.91131823040692,60.94784211780959,59.75171441180378,60.05302429199219,2453200,0.0,0.0,-,57.7645432472229,61.10636177062988,61.496818733215335,61.110385513305665,2298580.0
03/20/2017,61.5961516256696,61.76050570572807,60.5187208711134,60.68307495117188,2135800,0.0,0.0,-,57.70506692886352,61.09510795593262,61.62809104919434,61.19621658325195,2293180.0
03/17/2017,62.00703228732881,62.00703228732881,61.25830282352747,61.769630432128906,3324800,0.0,0.0,-,57.64454929351807,61.07817581176758,61.71601886749268,61.26732063293457,2306440.0
03/16/2017,61.39526003546303,62.043543494728674,61.37700157115752,61.45917510986328,1863500,0.0,0.0,-,57.576834487915036,61.05518020629883,61.73641166687012,61.199707412719725,2299356.0
03/15/2017,61.386122770267306,61.87005209511471,61.02089085668948,61.66917419433594,1357200,0.0,0.0,-,57.51112440109253,61.021268920898436,61.802386093139646,61.23054466247559,2322562.0
03/14/2017,61.06657255165947,61.59615875606659,60.911351170919694,61.43180465698242,1648600,0.0,0.0,-,57.44671678543091,60.98297523498535,61.84784107208252,61.148384475708006,2350956.0
03/13/2017,61.12134071222302,61.35873557711768,60.75610873348125,61.13046646118164,2354400,0.0,0.0,-,57.3833150100708,60.96345703125,61.87556037902832,61.252099609375,2351388.0
03/10/2017,61.27656935498784,61.30396053757511,60.664809723134105,61.13960647583008,2016900,0.0,0.0,-,57.31929359436035,60.952698135375975,61.95204963684082,61.43787040710449,2340472.0
03/09/2017,60.92959991832404,61.02090617808924,60.60089181019243,60.85655212402344,1867600,0.0,0.0,-,57.255000305175784,60.95323364257813,61.99984359741211,61.609972381591795,2325462.0
03/08/2017,60.91134643554688,61.276578512475936,60.65568607156328,60.91134643554688,1965800,0.16,0.0,-,57.18777921676636,60.95870147705078,62.03901824951172,61.68558921813965,2316336.0
03/07/2017,61.17549443796291,61.558067312400745,60.74737419533134,60.91133499145508,2496000,0.0,0.0,-,57.12069133758545,60.96307342529297,62.015788841247556,61.883251953125,2318190.0
03/06/2017,61.08440858823978,61.52163975802978,60.70183565814458,61.39411544799805,2819100,0.0,0.0,-,57.067311458587646,60.98365928649903,61.99165000915527,62.05996551513672,2310384.0
03/03/2017,61.75845214376651,61.85865077391991,60.61983766434273,61.09349822998047,2605500,0.0,0.0,-,57.00604351043701,61.00242317199707,61.926065635681155,62.16471710205078,2318120.0
03/02/2017,60.78379011341605,62.28675546104034,60.68359149696772,61.76754760742188,3312000,0.0,0.0,-,56.94722877502441,61.02683563232422,61.8609375,62.273115921020505,2349486.0
03/01/2017,61.95885443584949,62.16836259837978,59.7818236861708,60.84757232666016,7923600,0.0,0.0,-,56.89056318283081,61.0581706237793,61.773037147521975,62.37422752380371,2505900.0
02/28/2017,62.71489370091136,62.71489370091136,61.98618449268114,62.46895599365234,3499400,0.0,0.0,-,56.83207315444946,61.066733016967774,61.74161205291748,62.547297668457034,2412166.0
02/27/2017,62.83332448788413,63.206786542227846,62.55094328142052,62.98817443847656,2380300,0.0,0.0,-,56.768959789276124,61.04596488952637,61.5963249206543,62.49902114868164,2398724.0
02/24/2017,61.71290095087172,63.18854772636925,61.50339284187082,62.860626220703125,3232900,0.0,0.0,-,56.70030969619751,61.02993278503418,61.42234516143799,62.46622886657715,2405090.0
02/23/2017,62.70578786424259,62.78777173960223,61.53984747797181,61.61272048950195,2618100,0.0,0.0,-,56.646412448883055,61.00042007446289,61.26567268371582,62.38971481323242,2376166.0
02/22/2017,62.7877751265297,63.21589540542206,62.59648867310927,62.88797378540039,2540500,0.0,0.0,-,56.60146915435791,61.000055923461915,61.189158058166505,62.392447280883786,2367772.0
02/21/2017,62.84243143468416,63.33431390401983,62.44164371673028,62.678470611572266,2788200,0.0,0.0,-,56.54521841049194,60.97564353942871,61.055712890625,62.148325729370114,2365988.0
02/17/2017,62.14103537619992,62.47806087099268,61.82222465833417,62.44163131713867,4137500,0.0,0.0,-,56.4873006439209,60.96562385559082,60.8871976852417,61.92333450317383,2357428.0
02/16/2017,62.92441754029678,62.92441754029678,61.913326920372285,62.17748641967773,2542000,0.0,0.0,-,56.43586036682129,60.94212272644043,60.7710599899292,61.68741416931152,2327202.0
02/15/2017,62.40520159646367,62.80598927839061,62.29589207436368,62.77866363525391,2377700,0.0,0.0,-,56.38420259475708,60.92190063476563,60.666307067871095,61.44875907897949,2331676.0
02/14/2017,61.986199569234536,62.59649550382367,61.88600089942987,62.57827377319336,1994600,0.0,0.0,-,56.33085088729858,60.891021270751956,60.574307441711426,61.17184677124023,2329096.0
02/13/2017,62.8515352404016,62.87886088292546,61.93153256129768,61.98619079589844,2116300,0.0,0.0,-,56.27483661651611,60.86451286315918,60.502346992492676,60.93592643737793,2347706.0
02/10/2017,62.23213133311994,62.81510156508169,61.794900184371954,62.66025161743164,2219200,0.0,0.0,-,56.2247686958313,60.85366470336914,60.45133686065674,60.69362869262695,2393612.0
02/09/2017,61.75846020506746,62.34143033866314,61.667365475182,62.09548568725586,1818400,0.0,0.0,-,56.174814014434816,60.847153167724606,60.351138496398924,60.37846145629883,2393654.0
02/08/2017,60.44677915649849,61.8131168283008,60.41945351499089,61.640045166015625,1950400,0.0,0.0,-,56.124923400878906,60.84811882019043,60.277356719970705,60.14163055419922,2411162.0
02/07/2017,60.43764740972496,60.73824326154893,60.19170977158287,60.44675827026367,1368200,0.0,0.0,-,56.07459560394287,60.87055679321289,60.23636703491211,59.98586883544922,2392882.0
02/06/2017,59.94578681014713,60.53786786685762,59.80915860052792,60.428558349609375,1734900,0.0,0.0,-,56.02874126434326,60.9206787109375,60.194922828674315,59.963100051879884,2422168.0
02/03/2017,60.03688755393875,60.64718344978679,59.77272807299999,60.082427978515625,1698700,0.0,0.0,-,55.985601921081546,60.96552864074707,60.14801158905029,59.85106086730957,2541778.0
02/02/2017,59.87291938982181,60.28281790848556,59.62697471898138,59.79093551635742,1654800,0.0,0.0,-,55.94482656478882,60.99893768310547,60.13571357727051,59.854705810546875,2588294.0
02/01/2017,60.13706483535738,60.41033511545,59.64518945047371,60.00954055786133,2148200,0.0,0.0,-,55.9061420249939,61.039449310302736,60.17715930938721,59.8838550567627,2695180.0
01/31/2017,59.34461495202218,60.237285216693344,58.82540679208566,60.21907043457031,1832300,0.0,0.0,-,55.86745025634766,61.03068069458008,60.16486282348633,59.97676811218262,2732982.0
01/30/2017,59.44479991801227,59.827372800354006,58.9164810140816,59.56321334838867,1655400,0.0,0.0,-,55.82400112152099,60.98735862731934,60.14163379669189,60.06876754760742,2771226.0
01/27/2017,59.95491441247321,60.000461794764334,59.153331910855016,59.50857925415039,1967600,0.0,0.0,-,55.78396697998047,60.94315406799316,60.1862678527832,60.209045028686525,2820114.0
01/26/2017,60.24638472834502,60.437671177581365,59.681629295204544,59.727176666259766,2090500,0.0,0.0,-,55.744070301055906,60.90931465148926,60.240464973449704,60.323815536499026,2858062.0
01/25/2017,60.42856439342491,60.57431043099949,59.85470500697051,60.082427978515625,2194100,0.0,0.0,-,55.700637645721436,60.871830749511716,60.312425231933595,60.413082885742185,2884062.0
01/24/2017,59.38105146582266,60.31926911013301,59.38105146582266,60.21907043457031,1676500,0.0,0.0,-,55.65380002975464,60.81996910095215,60.364801025390626,60.486865234375,2910004.0
01/23/2017,59.9457879932228,60.18262181049167,59.1077691931059,59.30816650390625,2048800,0.0,0.0,-,55.60845077514649,60.75846565246582,60.41034469604492,60.42674560546875,2934090.0
01/20/2017,60.37392608191515,60.51967215081888,59.64521658606166,60.11887741088867,1732700,0.0,0.0,-,55.56842515945434,60.71499862670898,60.5419677734375,60.44496231079101,2949148.0
01/19/2017,60.82024818246464,61.02975637408972,59.96401453515145,60.082427978515625,1469300,0.0,0.0,-,55.532444095611574,60.65059020996094,60.652639389038086,60.41672134399414,2978332.0
01/18/2017,61.3941170741095,61.3941170741095,60.77471028774077,60.93867111206055,1935500,0.0,0.0,-,55.49397602081299,60.5652751159668,60.7642240524292,60.470463562011716,2994822.0
01/17/2017,60.93866746557969,62.268568761236814,60.856683583548666,61.13906478881836,1611900,0.0,0.0,-,55.454619789123534,60.46065322875977,60.88400535583496,60.352957534790036,2998478.0
01/13/2017,60.58341527290978,61.11172723271223,60.56519354524766,60.96598815917969,1418100,0.0,0.0,-,55.41421630859375,60.36711433410645,60.89083671569824,60.21450004577637,3003094.0
01/12/2017,60.43767223639726,60.74737907598174,60.03688455221289,60.65628433227539,1209900,0.0,0.0,-,55.371330432891845,60.2770369720459,60.91406478881836,60.16349067687988,3037890.0
01/11/2017,60.83846223792453,61.22103511397066,60.19172991426007,60.619850158691406,1919600,0.0,0.0,-,55.331983757019046,60.200971145629886,60.99057903289795,60.15711441040039,3077344.0
01/10/2017,59.49035007319392,61.21193527502208,59.44480964615929,60.82025146484375,3020300,0.0,0.0,-,55.291688194274904,60.12090675354004,61.02883605957031,60.211767578125,3085446.0
01/09/2017,59.453913319831855,60.10065270689819,59.453913319831855,59.61787414550781,2182200,0.0,0.0,-,55.24812854766846,60.03737998962402,61.06754913330078,60.24273681640625,3069756.0
01/06/2017,59.927564622509095,60.10974017917882,59.44479314273749,59.490333557128906,2183200,0.0,0.0,-,55.20976652145386,59.99953659057617,61.170023155212405,60.393943786621094,3066912.0
01/05/2017,59.86379337730889,60.656264572792885,59.70894348273742,59.83646774291992,2798800,0.0,0.0,-,55.17552562713623,59.95751693725586,61.30438079833984,60.638973236083984,3058408.0
01/04/2017,59.80915703821393,60.81113659671448,59.7727205334163,60.619850158691406,2970600,0.0,0.0,-,55.139282627105715,59.913301620483395,61.37588615417481,60.88855743408203,3044594.0
01/03/2017,60.13707285961371,61.0024242290053,59.56321353430985,59.76361083984375,3023800,0.0,0.0,-,55.10052522659302,59.85360084533691,61.40321273803711,61.05798454284668,3021180.0
12/30/2016,60.74736539514005,60.99330307892146,59.654291262812855,59.75448989868164,2776900,0.0,0.0,-,55.06998498916626,59.81120651245117,61.476766967773436,61.41505317687988,3001550.0
12/29/2016,60.565197044290784,61.15727813556417,60.37391059010461,60.45589447021485,1670200,0.0,0.0,-,55.0360068321228,59.76808532714844,61.55168514251709,61.567173385620116,3006392.0
12/28/2016,61.284801406368224,61.56717565071383,60.54698124556679,60.59252166748047,1808600,0.0,0.0,-,54.996531047821044,59.7143904876709,61.60107955932617,61.664638900756835,3018242.0
12/27/2016,61.26658048347375,61.67647898735659,61.15727097264717,61.1663818359375,1266400,0.0,0.0,-,54.95655309677124,59.67323554992676,61.688187217712404,61.824043655395506,3025114.0
12/23/2016,61.16638035038017,61.558064067721936,61.093507344932334,61.12994384765625,1411300,0.0,0.0,-,54.91388675689697,59.62551246643066,61.73705654144287,61.84590454101563,3032320.0
12/22/2016,61.78578699758221,61.90420041927072,61.02063433948449,61.12994384765625,2058500,0.0,0.0,-,54.87045251846313,59.5812451171875,61.818656539916994,61.89236145019531,3044130.0
12/21/2016,62.350526486985686,62.60558196952779,61.91330241601613,61.94062805175781,2105700,0.0,0.0,-,54.8236252784729,59.538614196777345,61.90980205535889,61.94610252380371,3045790.0
12/20/2016,62.41428662750813,62.85151763406935,62.06815033657918,62.33230972290039,3205900,0.0,0.0,-,54.76928367614746,59.458861083984374,61.94632339477539,61.9697883605957,3042568.0
12/19/2016,62.85154415769749,63.07015627845784,62.25035213866402,62.31412124633789,4173800,0.0,0.0,-,54.71659440994263,59.37945579528809,61.91735191345215,61.86321487426758,3014920.0
12/16/2016,61.47607732543431,63.33429718017578,61.29390176988302,63.33429718017578,11132700,0.0,0.0,-,54.664672966003415,59.30186851501465,61.89247169494629,61.74844093322754,2970348.0
12/15/2016,61.64916098216383,61.88599481017658,61.09351639503008,61.275691986083984,3236900,0.0,0.0,-,54.6071541595459,59.205514450073245,61.704312324523926,61.53848075866699,2782840.0
12/14/2016,62.30500497835057,62.359656266413154,61.22104143475307,61.43054962158203,2827300,0.0,0.0,-,54.5618691444397,59.15233245849609,61.543176078796385,61.536196899414065,2764468.0
12/13/2016,61.65825734425112,62.56914898438104,61.43053443421864,62.18656921386719,2698600,0.0,0.0,-,54.51531337738037,59.09205337524414,61.33929786682129,61.537520217895505,2739872.0
12/12/2016,61.4396419699126,61.76756353566037,61.03885435031696,61.38499069213867,1786700,0.0,0.0,-,54.458162460327145,59.01610855102539,61.12079982757568,61.552330780029294,2727722.0
12/09/2016,61.74025203006288,61.74025203006288,60.94778052272365,61.594512939453125,2198400,0.0,0.0,-,54.399377765655515,58.95746810913086,60.94419937133789,61.628208541870116,2732828.0
12/08/2016,62.05903822459274,62.34141932817075,61.457853420930135,61.66735458374024,2451300,0.0,0.0,-,54.34545793533325,58.87736473083496,60.73894100189209,61.74495162963867,2728500.0
12/07/2016,61.37589705639112,62.21392293160477,61.075307994712695,62.17748641967773,2360200,0.0,0.0,-,54.292302207946776,58.797259140014646,60.51276817321777,61.87350158691406,2723428.0
12/06/2016,61.26657485961914,61.485186911652725,60.75647080547167,61.26657485961914,2626200,0.0,0.0,-,54.23528692245483,58.724404907226564,60.26063461303711,61.92285842895508,2720238.0
12/05/2016,61.65826421032839,61.86776541913874,60.91133326022796,61.1663818359375,2765700,0.135,0.0,-,54.178764266967775,58.65831443786621,60.04222869873047,61.97148895263672,2702970.0
12/02/2016,61.3165080576556,61.70740677329731,61.0801558561042,61.23469543457031,2248700,0.0,0.0,-,54.12310367584229,58.60331871032715,59.774743270874026,62.03650245666504,2683946.0
12/01/2016,61.32558032481855,61.7710206414714,60.98922346943961,61.25285339355469,2925100,0.0,0.0,-,54.063761692047116,58.54186622619629,59.49838733673096,61.87014389038086,2680636.0
11/30/2016,62.225580314590566,62.47103207924155,61.43469713779822,61.44378280639648,4411600,0.0,0.0,-,54.00491563796997,58.46859603881836,59.25885066986084,61.55015525817871,2667898.0
11/29/2016,62.361945714033226,62.58921228510159,62.00741041801661,62.33467483520508,2221300,0.0,0.0,-,53.94624326705932,58.38350746154785,59.00976753234863,61.14107551574707,2632098.0
11/28/2016,62.534667068588455,62.7255701454518,62.08013395159243,62.14376831054688,2693800,0.0,0.0,-,53.88280044555664,58.27369232177735,58.73568344116211,60.68926887512207,2634450.0
11/25/2016,63.22556961372406,63.22556961372406,62.59831159102772,62.76194381713867,1036400,0.0,0.0,-,53.8146706199646,58.15678649902344,58.459326553344724,60.26019020080567,2639260.0
11/23/2016,62.55286268324722,63.398294792665645,62.2983251768635,62.95285415649414,2832500,0.0,0.0,-,53.73807918548584,58.02788070678711,58.15342502593994,59.73293037414551,2655458.0
11/22/2016,62.40742468869448,63.46193835864023,62.31651941405521,62.67105484008789,7715400,0.0,0.0,-,53.66631008148193,57.88333877563477,57.892067527771,59.152034759521484,2636766.0
11/21/2016,61.83469274236386,62.14377892122073,61.416523035602566,61.75288009643555,4024500,0.0,0.0,-,53.59906415939331,57.742068939208984,57.62798233032227,58.59841079711914,2530652.0
11/18/2016,61.56197938701884,62.58012934382628,60.543822494584994,61.8165168762207,6999100,0.0,0.0,-,53.530993156433105,57.62898078918457,57.421623420715335,58.11296844482422,2495044.0
11/17/2016,58.28023737170309,59.57110977172852,57.37117112904433,59.57110977172852,4038300,0.0,0.0,-,53.46255880355835,57.49771125793457,57.212538146972655,57.512984085083005,2415482.0
11/16/2016,57.35298569363804,58.26204840992665,57.1984426390785,58.0529670715332,3744500,0.0,0.0,-,53.410586986541745,57.4466219329834,57.11617736816406,57.126630783081055,2376374.0
11/15/2016,58.18023546640554,58.18932807017204,56.343921368359645,57.35298538208008,4099800,0.0,0.0,-,53.369004039764405,57.42844055175781,57.09345054626465,56.96754608154297,2346148.0
11/14/2016,57.934788004912505,58.60749851288671,57.78933755289272,57.81660842895508,3865000,0.0,0.0,-,53.33732986450195,57.422258911132815,57.11435890197754,56.8784595489502,2311378.0
11/11/2016,57.38935925786004,58.08934075875748,56.834828233265135,57.85298156738281,3390500,0.0,0.0,-,53.304420738220216,57.4064412689209,57.15026721954346,56.78209800720215,2260410.0
11/10/2016,57.38934771797184,58.76203609531753,57.20753379219972,57.48934555053711,3491200,0.0,0.0,-,53.26907306671143,57.38353271484375,57.19662952423096,56.65846290588379,2228870.0
11/09/2016,55.93483838172561,57.271166714770125,55.45303443811076,57.14389801025391,2880800,0.0,0.0,-,53.225117950439454,57.365351333618165,57.267991065979004,56.573919677734374,2211124.0
11/08/2016,56.89845950535743,57.89843104207496,56.625740310599255,57.13481521606445,2801700,0.0,0.0,-,53.18212282180786,57.35271507263184,57.36071605682373,56.63210029602051,2197322.0
11/07/2016,56.2802912477206,57.162086617553705,56.02575380810384,56.89845657348633,3191900,0.0,0.0,-,53.141655387878416,57.35495574951172,57.40162391662598,56.65755386352539,2192094.0
11/04/2016,55.48031624452536,56.48938041174948,55.48031624452536,55.816673278808594,2293800,0.0,0.0,-,53.0991653251648,57.36464492797852,57.474803352355956,56.730278396606444,2172706.0
11/03/2016,56.65300645108359,56.71664080894415,55.63485325750224,55.70757675170898,2118300,0.0,0.0,-,53.06443111419678,57.398690948486326,57.60570755004883,56.912092208862305,2196670.0
11/02/2016,56.52575443281021,56.73483930865938,56.20758254952091,56.46212005615234,1842700,0.0,0.0,-,53.02162195205688,57.44326416015625,57.74615840911865,57.10572395324707,2202684.0
11/01/2016,56.72575016962831,56.989376815290825,56.19848994267639,56.46212005615234,3157900,0.0,0.0,-,52.97481443405152,57.48054786682129,57.853882026672366,57.21935501098633,2223582.0
10/31/2016,56.75299518864083,56.88026388395224,56.27119127987283,56.85299301147461,3182600,0.0,0.0,-,52.929812297821044,57.520552520751956,57.951605796813965,57.35025825500488,2259138.0
10/28/2016,56.53481447377592,56.86207879546913,56.162097544694575,56.61663055419922,2324700,0.0,0.0,-,52.881546897888185,57.56380615234375,58.02842254638672,57.518436431884766,2340686.0
10/27/2016,57.72570074322007,57.834787710645045,56.43482846989003,56.64391326904297,2235800,0.0,0.0,-,52.83685537338257,57.57223815917969,58.120239448547366,57.734796142578126,2390898.0
10/26/2016,57.32571631011083,58.16205555670523,57.27117108923244,57.725704193115234,2040000,0.0,0.0,-,52.78918407440185,57.56960159301758,58.167510986328125,57.962062454223634,2405778.0
10/25/2016,57.30753479338271,57.57116482693816,56.87118342809044,57.38935089111328,1758000,0.0,0.0,-,52.74630376815796,57.53752830505371,58.164329528808594,58.089331817626956,2457888.0
10/24/2016,57.93478452977557,58.116598450847526,57.39843536990996,57.62570190429688,2108100,0.0,0.0,-,52.69671058654785,57.536673583984374,58.221600723266604,58.145693969726565,2487052.0
10/21/2016,57.443904820987086,57.65298967777184,57.06209859585313,57.63481140136719,1799900,0.0,0.0,-,52.64372409820557,57.52927780151367,58.23841819763184,58.21932830810547,2507098.0
10/20/2016,57.69843942220699,58.18024345360709,57.48935458843312,57.64389419555664,2042300,0.0,0.0,-,52.59818410873413,57.50065559387207,58.2775074005127,58.29932289123535,2519934.0
10/19/2016,58.7256706943729,58.7256706943729,57.298437145668586,57.59843063354492,3019000,0.0,0.0,-,52.55318552017212,57.45552375793457,58.30341625213623,58.386592864990234,2530996.0
10/18/2016,58.78021993427594,58.99839386587434,57.76206336077634,57.77115249633789,2262700,0.0,0.0,-,52.51220537185669,57.406584396362305,58.302961921691896,58.4884090423584,2534470.0
10/17/2016,58.81658309595478,59.13476182922407,58.43477693878167,58.53477478027344,2152200,0.0,0.0,-,52.46873685836792,57.3670711517334,58.273871994018556,58.55295333862305,2535096.0
10/14/2016,59.03476510406145,59.216575581689,58.67113721318119,58.78022766113281,1626700,0.0,0.0,-,52.4189227104187,57.31845375061035,58.18932914733887,58.53840866088867,2535200.0
10/13/2016,58.7438585290498,58.93476159288701,58.22569108845608,58.91657638549805,2001800,0.0,0.0,-,52.37122116088867,57.258396224975584,58.0652416229248,58.5056827545166,2543876.0
10/12/2016,58.1075098985672,59.043846975819854,58.04387554192745,58.99839782714844,2141500,0.0,0.0,-,52.32459804534912,57.19252769470215,57.935245513916016,58.372959518432616,2554250.0
10/11/2016,58.316600292800544,58.325692897114685,57.762069335262126,57.952972412109375,1944600,0.0,0.0,-,52.27508352279663,57.11341171264648,57.77161350250244,58.23932723999023,2553792.0
10/10/2016,58.798400100974426,59.080208394025135,58.25296178658216,58.36204528808594,1823500,0.0,0.0,-,52.23052530288696,57.07153213500977,57.65434303283691,58.29750747680664,2556968.0
10/07/2016,58.78929239271232,59.35291576962775,58.13476727716965,58.434757232666016,1945200,0.0,0.0,-,52.18396686553955,57.0260066986084,57.54116439819336,58.2575080871582,2563684.0
10/06/2016,58.398410888018304,58.67113352293129,58.02569735163691,58.51659393310547,1757300,0.0,0.0,-,52.13690946578979,56.96995582580566,57.38207855224609,58.25569190979004,2572894.0
10/05/2016,58.407504126771,59.45293165779925,58.39841152267516,58.61659240722656,2318300,0.0,0.0,-,52.08718622207642,56.91335678100586,57.307081031799314,58.22023963928223,2606066.0
10/04/2016,58.307505019083855,58.80749419909709,58.198414579183336,58.416595458984375,1597500,0.0,0.0,-,52.03308162689209,56.865461654663086,57.233446311950686,58.11751480102539,2633198.0
10/03/2016,58.15296883711338,58.77113416150792,57.9438840167759,58.38932800292969,2091100,0.0,0.0,-,51.98408405303955,56.80614555358887,57.16481170654297,57.994790649414064,2656748.0
09/30/2016,58.06206632489644,58.662049972238144,57.75298362973174,58.45296859741211,2042000,0.0,0.0,-,51.940052089691164,56.72633041381836,57.096631622314455,57.840249633789064,2654460.0
09/29/2016,57.64388924662565,58.13478584089531,57.44389356722413,57.5893440246582,1982000,0.0,0.0,-,51.8918656539917,56.63163589477539,57.00936088562012,57.624800491333005,2645028.0
09/28/2016,58.62568309056739,58.64386830031464,57.48026109119171,57.66207504272461,2197700,0.0,0.0,-,51.8494867515564,56.55602821350098,56.958907508850096,57.497531509399415,2640416.0
09/27/2016,57.852975098625,58.72567785886,57.852975098625,58.53477478027344,2200700,0.0,0.0,-,51.80290782928467,56.47697006225586,56.90140800476074,57.30389976501465,2640628.0
09/26/2016,58.289319201124655,58.41658789672083,57.707514000409226,57.96205139160156,1762800,0.0,0.0,-,51.75462823867798,56.3757413482666,56.83701171875,57.01117858886719,2640306.0
09/23/2016,57.79843017079738,58.74385984306129,57.79843017079738,58.416595458984375,1814500,0.0,0.0,-,51.7087158203125,56.27217887878418,56.80805492401123,56.82482070922852,2648790.0
09/22/2016,57.79844672763271,58.434790470276646,57.72571974686579,58.162071228027344,2083200,0.0,0.0,-,51.662516574859616,56.156441650390626,56.76317386627197,56.50846519470215,2649738.0
09/21/2016,57.689341864358965,57.689341864358965,56.81663911975452,57.5893440246582,2288200,0.0,0.0,-,51.61461114883423,56.04615753173828,56.75188217163086,56.39392242431641,2652834.0
09/20/2016,56.85300042315458,57.28025917485535,56.69845736740658,57.18935394287109,2621600,0.0,0.0,-,51.5705712890625,55.944788131713864,56.788730239868165,56.34937782287598,2669694.0
09/19/2016,56.42574815728624,57.09845878319943,56.29847942293283,56.84391784667969,2338900,0.0,0.0,-,51.52110069274902,55.85432144165039,56.852380180358885,56.334832763671876,2674634.0
09/16/2016,56.18939018602466,56.38029327992494,55.73485702846429,56.29847717285156,2934300,0.0,0.0,-,51.47790573120117,55.7731216430664,56.960968017578125,56.353013610839845,2677180.0
09/15/2016,55.53485668485301,56.443922923945166,55.30759012507996,56.316654205322266,1846300,0.0,0.0,-,51.43550148010254,55.67325927734375,56.99795570373535,56.393921279907225,2653734.0
09/14/2016,55.60757802139656,56.00756937046487,55.489401911728514,55.72575759887695,1897900,0.0,0.0,-,51.388142623901366,55.577206497192385,57.007727241516115,56.420283508300784,2673254.0
09/13/2016,55.82574037468333,56.36208942892914,55.28030218668923,55.60756301879883,2409700,0.0,0.0,-,51.34666551589966,55.48517036437988,57.02754135131836,56.49891624450684,2666842.0
09/12/2016,55.325767736782026,56.17119955346427,55.2621333822199,56.09847259521485,2244100,0.0,0.0,-,51.30613967895508,55.3953165435791,57.114493942260744,56.662844848632815,2657842.0
09/09/2016,56.543916069290674,56.743908267169694,55.243951177922106,55.2530403137207,3021000,0.0,0.0,-,51.26171813964844,55.30181259155273,57.17236595153808,56.79128913879394,2665050.0
09/08/2016,56.94391655041757,57.27118099667722,56.77119518947518,57.01664352416992,2082900,0.0,0.0,-,51.215714378356935,55.20852684020996,57.2198989868164,57.0178825378418,2665476.0
09/07/2016,56.45300580314856,57.29843758922014,56.45300580314856,57.14389801025391,2233200,0.0,0.0,-,51.159586582183834,55.07216835021973,57.13843193054199,57.109841918945314,2680324.0
09/06/2016,56.84390767958141,57.04390335083008,56.20756412163076,57.04390335083008,2361300,0.0,0.0,-,51.08192646026611,54.92256103515625,57.03881015777588,57.22808265686035,2719958.0
09/02/2016,56.86209411343223,57.12572416223848,56.480287947143935,57.025726318359375,1316600,0.0,0.0,-,51.005757064819335,54.768966369628906,56.976389503479005,57.3699275970459,2782762.0
09/01/2016,56.780277360541845,56.8257299796537,56.02575417340992,56.70755386352539,1813500,0.0,0.0,-,50.92918319702149,54.60938575744629,56.93029842376709,57.568922424316405,2801410.0
08/31/2016,56.56209475083135,56.743905199471904,56.19846691792621,56.58027648925781,2603900,0.135,0.0,-,50.85176830291748,54.462699813842775,56.88378829956055,57.601990127563475,2824772.0
08/30/2016,57.06541412210231,57.21962225469924,56.31252617680202,56.5120849609375,2190700,0.0,0.0,-,50.77066652297974,54.32617889404297,56.83593196868897,57.595170974731445,2827994.0
08/29/2016,57.35569964910214,57.70039721808752,57.06542910478746,57.246849060058594,2540300,0.0,0.0,-,50.704767074584964,54.17922958374024,56.76245765686035,57.55616645812988,2827234.0
08/26/2016,57.56433546495078,57.96346008688454,57.10171783351621,57.38291549682617,2222500,0.0,0.0,-,50.637040252685544,54.018492202758786,56.6930648803711,57.56614303588867,2847578.0
08/25/2016,57.89995653670172,58.072300121882776,57.056356729336535,57.51897430419922,3492000,0.0,0.0,-,50.57502794265747,53.858299026489256,56.628207778930665,57.553442764282224,2848578.0
08/24/2016,58.2083655219811,58.33535844512341,57.74574795049163,57.93623733520508,2419000,0.0,0.0,-,50.50864253997803,53.693388671875,56.53386974334717,57.421915435791014,2851242.0
08/23/2016,58.74356893227228,58.93405835919483,58.20837841993072,58.3263053894043,2887600,0.0,0.0,-,50.445935230255124,53.512332382202146,56.421389961242674,57.167021942138675,2871536.0
08/22/2016,59.02475494034463,59.19710544894565,58.38979030959682,58.46235275268555,4935700,0.0,0.0,-,50.38641153335571,53.31712509155273,56.31616649627686,56.8495376586914,2875850.0
08/19/2016,58.50770295057991,60.12233302548683,58.23557133140916,59.01567459106445,7260000,0.0,0.0,-,50.326567840576175,53.12082962036133,56.16558837890625,56.58285140991211,2834322.0
08/18/2016,56.68446380219519,57.736695640810126,56.5121132465393,57.038230895996094,4835300,0.0,0.0,-,50.264497966766356,52.92417137145996,55.93473320007324,56.29167442321777,2783600.0
08/17/2016,56.13110626916319,56.5846543081118,55.94968636152436,56.5120849609375,2979800,0.0,0.0,-,50.2074515914917,52.75309288024902,55.76873378753662,56.16558647155762,2735736.0
08/16/2016,56.539306668344906,57.21055590506064,56.0766856778947,56.12203979492188,4645500,0.0,0.0,-,50.1526756477356,52.587638778686525,55.633577537536624,56.07669296264648,2752704.0
08/15/2016,57.446395959315794,57.70945119063855,57.165194931002,57.34661483764648,3216200,0.0,0.0,-,50.09804861068726,52.414746322631835,55.51293392181397,55.96874885559082,2721930.0
08/12/2016,55.78641786443549,57.274055120506176,55.6049979272884,57.25591278076172,3110400,0.0,0.0,-,50.03806421279907,52.23096923828125,55.31927013397217,55.819986724853514,2709428.0
08/11/2016,55.985999786558224,56.57561046380611,55.41452799512217,56.20370101928711,2441700,0.0,0.0,-,49.97353454589844,52.05744194030762,55.09567089080811,55.7029727935791,2691538.0
08/10/2016,55.35101771550595,55.63221881967079,54.879327215115495,55.38730239868164,2595400,0.0,0.0,-,49.91714813232422,51.89790130615234,54.91697254180908,55.64582405090332,2686646.0
08/09/2016,55.82271543935061,55.95877782841915,54.951903692238126,55.15146255493164,3192700,0.0,0.0,-,49.863852977752686,51.756498413085936,54.78000068664551,55.67575798034668,2694826.0
08/08/2016,56.07669135540712,56.13111837752861,55.55057731609005,55.79549026489258,2294000,0.0,0.0,-,49.81795171737671,51.62922218322754,54.6484712600708,55.7827953338623,2676066.0
08/05/2016,55.99505413709519,56.36696348137331,55.77735296304338,56.10390472412109,2157400,0.0,0.0,-,49.764957427978516,51.488341369628905,54.491997718811035,55.74832534790039,2681554.0
08/04/2016,55.73199379748192,56.05854900958574,55.48707738840406,55.77735137939453,2060500,0.0,0.0,-,49.71114154815674,51.33278694152832,54.325998878479005,55.57779197692871,2696422.0
08/03/2016,54.61627233407865,55.62314987182617,54.03573120320032,55.62314987182617,2520500,0.0,0.0,-,49.65918363571167,51.18285888671875,54.10239925384521,55.371881103515626,2715366.0
08/02/2016,55.66849386838794,55.92248316215012,54.72511643253433,55.042598724365234,2118600,0.0,0.0,-,49.60759141921997,51.018642578125,53.8969425201416,55.19046211242676,2751764.0
08/01/2016,55.98598646252552,56.25811466882254,55.40544536634578,55.85899353027344,2103400,0.0,0.0,-,49.554578647613525,50.867666015625,53.701010131835936,55.05711898803711,2941300.0
07/29/2016,55.61408291304899,56.140197038780485,55.40545115109528,56.08577346801758,2159300,0.0,0.0,-,49.493701000213626,50.75519332885742,53.46380405426025,54.81855354309082,3010530.0
07/28/2016,55.69571005197178,55.96783822962491,55.24216193578405,55.6322135925293,2405700,0.0,0.0,-,49.435967769622806,50.616288375854495,53.2306791305542,54.48836898803711,3031676.0
07/27/2016,56.08576628249937,56.55745331673877,55.54150642251132,55.686641693115234,3415900,0.0,0.0,-,49.38536602020264,50.49025512695312,52.978506088256836,54.18812103271485,3082246.0
07/26/2016,55.36916669502398,56.25812077761357,55.36916669502398,56.22183609008789,3674900,0.0,0.0,-,49.32778202056885,50.385210876464846,52.70410995483398,53.884243392944335,3077564.0
07/25/2016,54.35320139857799,55.5687104171594,54.27156606433262,55.45079040527344,2775000,0.0,0.0,-,49.26743198394775,50.2437654876709,52.37619476318359,53.514147186279295,3071768.0
07/22/2016,54.06294286239888,54.59812986499613,53.636609916813256,54.3985710144043,1976700,0.0,0.0,-,49.20701919555664,50.13167533874512,52.07186374664307,53.23567008972168,3088976.0
07/21/2016,53.80895088886828,53.972228495594734,53.42797211337168,53.71824264526367,1570400,0.0,0.0,-,49.14979591369629,50.02886703491211,51.80426998138428,53.074205780029295,3159830.0
07/20/2016,53.71825170203968,53.97223759519219,53.5731164116242,53.8089599609375,1751400,0.0,0.0,-,49.10254930496216,49.99612571716309,51.58702068328857,52.83291740417481,3176296.0
07/19/2016,53.4188969608139,53.78173684053123,53.355400500908,53.70916748046875,2208300,0.0,0.0,-,49.05295757293701,49.97242774963379,51.38428421020508,52.60342292785644,3187372.0
07/18/2016,52.98350614296103,53.85431794782782,52.90186731998612,53.47333908081055,2184600,0.0,0.0,-,48.99994680404663,49.93100090026856,51.15705680847168,52.34490127563477,3184704.0
07/15/2016,52.91999373491237,52.91999373491237,52.51179974291415,52.78392791748047,2187000,0.0,0.0,-,48.950862369537354,49.88343246459961,50.94388885498047,52.10905456542969,3178952.0
07/14/2016,52.829296356483056,52.84743523959165,52.43017172213022,52.62973403930664,1861900,0.0,0.0,-,48.90112678527832,49.87082542419434,50.77335529327392,51.97298927307129,3168432.0
07/13/2016,52.82021233103213,53.07419816464292,52.339452443041,52.64786529541016,2238000,0.0,0.0,-,48.85184690475464,49.85514938354492,50.60554141998291,51.768891143798825,3161180.0
07/12/2016,52.82021398523951,52.93813746609366,52.24874238142059,52.5208740234375,3131200,0.0,0.0,-,48.80963695526123,49.84435852050781,50.41731929779053,51.523976516723636,3141778.0
07/11/2016,52.756727697662,52.901862986584526,52.25782535825947,52.66601943969727,2868600,0.0,0.0,-,48.76716121673584,49.82144943237304,50.21957263946533,51.23824234008789,3137964.0
07/08/2016,51.70448465890515,52.81114315714534,51.43235648433883,52.78392791748047,2466200,0.0,0.0,-,48.724950523376464,49.807581176757814,50.01865062713623,50.908057403564456,3121242.0
07/07/2016,51.27814364953651,51.53213292155349,51.07858485188401,51.30535888671875,1762000,0.0,0.0,-,48.68133962631226,49.8052889251709,49.83859233856201,50.534334182739265,3110282.0
07/06/2016,51.10582104795022,51.52308464095007,50.78833863160226,51.51401519775391,2822300,0.0,0.0,-,48.64746335983276,49.82152900695801,49.697539710998534,50.34112396240234,3106600.0
07/05/2016,50.96974277903926,51.27815567716667,50.69761456546753,51.12395095825195,1577300,0.0,0.0,-,48.61110275268555,49.8227384185791,49.53380794525147,50.16514549255371,3091626.0
07/01/2016,51.29629191966711,51.913117642573575,50.94252493806144,51.114871978759766,1959700,0.0,0.0,-,48.58286220550537,49.825777206420895,49.35148124694824,49.96921234130859,3105806.0
06/30/2016,50.67038705469256,51.45955966718983,50.44361303705451,51.42327499389648,2604500,0.0,0.0,-,48.55133447647095,49.83949356079101,49.20362567901611,49.77872314453125,3112342.0
06/29/2016,50.38012104712862,51.10579727572683,50.38012104712862,50.58875274658203,3042300,0.0,0.0,-,48.5167786026001,49.8495751953125,49.06143932342529,49.57372131347656,3100918.0
06/28/2016,49.60003549005022,50.29850019047594,49.445827290068685,50.1987190246582,2825300,0.0,0.0,-,48.48657541275024,49.87888069152832,48.943335151672365,49.442191696166994,3070204.0
06/27/2016,49.25533814920877,49.77238286574627,48.38452635928228,49.66353225708008,4214900,0.0,0.0,-,48.46102453231811,49.92033004760742,48.84925708770752,49.31066207885742,3055604.0
06/24/2016,47.849321187847146,49.844933379684086,47.849321187847146,49.36417007446289,5501500,0.0,0.0,-,48.437158851623536,49.95764427185058,48.805463027954104,49.20090293884277,3010218.0
06/23/2016,49.609094435395136,49.87215318774481,48.81992163864385,49.04669570922852,2249000,0.0,0.0,-,48.41271839141846,50.001488571166995,48.774827003479004,49.12924385070801,2953812.0
06/22/2016,49.70888137807839,50.09893310180296,49.11019790031712,49.37325668334961,2981600,0.0,0.0,-,48.391621608734134,50.05113952636719,48.73880138397217,49.14285049438477,2943856.0
06/21/2016,49.26440112878342,49.87215398674421,49.11926585969593,49.75423049926758,2765000,0.0,0.0,-,48.36290243148804,50.0844873046875,48.68418598175049,49.053955459594725,2915304.0
06/20/2016,49.61816758928548,50.1170698550591,49.12833476385055,49.16461944580078,2152700,0.0,0.0,-,48.33245853424072,50.10370079040527,48.567091178894046,48.902470397949216,2899332.0
06/17/2016,49.26440704103762,49.42768467089332,48.90156709462536,49.20998001098633,3557500,0.0,0.0,-,48.304827575683596,50.14339279174805,48.48354873657227,48.73375015258789,2895026.0
06/16/2016,49.10112845896687,49.50024962404168,48.98320495962504,49.37325668334961,2272500,0.0,0.0,-,48.27202505111694,50.18525405883789,48.534817695617676,48.62852821350098,2883810.0
06/15/2016,48.90154733581891,49.58186936523224,48.81990855387743,49.27345657348633,3625200,0.0,0.0,-,48.24357223510742,50.256242218017576,48.52318115234375,48.549157333374026,2874312.0
06/14/2016,48.52965582072268,49.00134634860846,48.28473938545709,48.8834228515625,3433700,0.0,0.0,-,48.219122371673585,50.31854934692383,48.52603588104248,48.444478607177736,2848096.0
06/13/2016,48.57501029817279,48.847138519223726,48.10331976687875,48.5659408569336,3103300,0.0,0.0,-,48.197880573272705,50.402229385375975,48.603586196899414,48.387852096557616,2838244.0
06/10/2016,48.62036394906787,48.91970741150257,48.31195104548275,48.647579193115234,2859300,0.0,0.0,-,48.174856929779054,50.49207794189453,48.63276748657226,48.41002311706543,2822330.0
06/09/2016,48.366374097641824,49.43674800090731,48.01260709678756,49.182762145996094,4723900,0.0,0.0,-,48.14374340057373,50.5669026184082,48.69270267486572,48.42041015625,2804698.0
06/08/2016,48.29381690988506,48.611299285825325,48.067042795556766,48.48430633544922,2442100,0.0,0.0,-,48.114940357208255,50.638986358642576,48.696472358703616,48.33475227355957,2746822.0
06/07/2016,47.51370355936261,48.43894216937285,47.41392241608244,48.2393798828125,3828200,0.0,0.0,-,48.09713159561157,50.72051498413086,48.876315879821775,48.31441650390625,2739604.0
06/06/2016,48.25752030651999,48.39358266534465,47.22343115414344,47.4774169921875,3106800,0.0,0.0,-,48.10413177490234,50.7978938293457,49.095549964904784,48.23171195983887,2703748.0
06/03/2016,48.50245831122824,48.50245831122824,47.95819825258462,48.15776062011719,2591100,0.135,0.0,-,48.11696332931518,50.88725486755371,49.30357036590576,48.23334732055664,2692160.0
06/02/2016,48.26286380558315,48.65193478619227,48.13619017498438,48.57954788208008,2215900,0.0,0.0,-,48.13012170791626,50.976942749023436,49.45042819976807,48.441107177734374,2665962.0
06/01/2016,48.38048975363956,48.74241391158796,48.19047586024935,48.22666931152344,2197100,0.0,0.0,-,48.13205192565918,51.057109146118165,49.629129600524905,48.49720497131348,2666488.0
05/31/2016,49.231020045541605,49.25816341089812,48.009520282128776,48.31715774536133,3004400,0.0,0.0,-,48.132242622375486,51.14994316101074,49.810092735290525,48.60759315490723,2669768.0
05/27/2016,48.92337477031786,49.06814511509901,48.48906373597441,48.78765106201172,2254700,0.0,0.0,-,48.131576499938966,51.25671127319336,49.999650955200195,48.81932029724121,2703014.0
05/26/2016,48.59762918832774,49.25814394658448,48.44381224329101,48.75144958496094,2568400,0.0,0.0,-,48.128243408203126,51.34013542175293,50.12903938293457,48.855511856079104,2700162.0
05/25/2016,48.21760645339388,48.75144759950345,47.792342172982224,48.3261833190918,2900800,0.0,0.0,-,48.12625928878784,51.416321182250975,50.2900972366333,48.96499519348144,2698840.0
05/24/2016,47.629480468767966,48.45286231643988,47.5209035909422,48.280948638916016,3007700,0.0,0.0,-,48.12599731445312,51.50173614501953,50.50725383758545,49.05819244384766,2676506.0
05/23/2016,47.52995797412594,48.00046245686685,47.20422383595167,47.41233444213867,4340400,0.0,0.0,-,48.1229965209961,51.58877944946289,50.69907455444336,49.438215255737305,2647372.0
05/20/2016,47.095649541124125,48.814800497934925,47.05040945312331,47.493770599365234,11595400,0.0,0.0,-,48.126584968566895,51.68939468383789,50.907182121276854,49.959387969970706,2607958.0
05/19/2016,49.43007391359976,50.542996613539465,49.4210238253058,50.23535919189453,5564900,0.0,0.0,-,48.13084436416626,51.774809188842774,51.09628810882568,50.37379341125488,2436380.0
05/18/2016,48.96860868214489,49.49340327306111,48.26285377176487,49.14052581787109,3216600,0.0,0.0,-,48.11861064910889,51.79154815673828,51.174554634094235,50.45974922180176,2389250.0
05/17/2016,51.29399951070852,51.76450407716182,48.98672022359162,49.33055114746094,4934200,0.0,0.0,-,48.11113235473633,51.84462677001953,51.31389617919922,50.76105422973633,2371852.0
05/16/2016,49.013865329246485,50.6063429109393,48.860048315391005,50.43442916870117,3181800,0.0,0.0,-,48.103287868499756,51.896612396240236,51.450069999694826,51.01259231567383,2335734.0
05/13/2016,49.84627484317975,50.34392256614443,49.11337321013228,49.14956665039063,3385100,0.0,0.0,-,48.08808218002319,51.92453453063965,51.54190788269043,51.17998161315918,2345566.0
05/12/2016,49.34863515499436,50.08153345577343,48.74240701255061,49.846282958984375,3635400,0.0,0.0,-,48.07948055267334,51.98591697692871,51.660891723632815,51.40256690979004,2362270.0
05/11/2016,50.1267813479281,50.51585229889225,49.24910918622797,49.25815582275391,5519400,0.0,0.0,-,48.06389133453369,52.03137924194336,51.74639682769775,51.61519927978516,2469434.0
05/10/2016,52.69645151883187,52.93170200905838,51.78258601278976,52.0811767578125,2393700,0.0,0.0,-,48.051557216644284,52.061343841552734,51.859951210021975,51.956315231323245,2461440.0
05/09/2016,52.31642422175848,52.80502534811571,51.50208901116307,52.624061584472656,2305200,0.0,0.0,-,48.02784826278687,52.012281341552736,51.80792465209961,51.959933853149415,2535064.0
05/06/2016,50.22631146106696,51.655921738047006,50.22631146106696,51.63782501220703,2074900,0.0,0.0,-,48.00232330322265,51.97601104736328,51.71246681213379,51.85497627258301,2537832.0
05/05/2016,52.03592251620023,52.3888033563098,51.06777049329565,51.09491729736328,1897000,0.0,0.0,-,47.983481559753415,51.96397872924805,51.68803653717041,51.818782806396484,2552428.0
05/04/2016,51.52925431275985,52.29834626976904,51.294000300113744,52.1535758972168,1661000,0.0,0.0,-,47.965467643737796,51.957568969726566,51.69844284057617,51.88936004638672,2591264.0
05/03/2016,51.8278352810571,52.198809530529566,51.26685058830307,51.84593200683594,1499300,0.0,0.0,-,47.942025661468506,51.913738327026365,51.73689727783203,51.86673812866211,2620070.0
05/02/2016,51.63781769319608,52.280235837271526,51.28494021832639,52.10832214355469,1267900,0.0,0.0,-,47.91760620117188,51.877504959106446,51.764041328430174,51.88754768371582,2650892.0
04/29/2016,51.52018994914245,51.66496028158568,50.7330014822072,51.37541961669922,2940500,0.0,0.0,-,47.89497442245484,51.822664489746096,51.81199645996094,51.90383415222168,2689148.0
04/28/2016,52.47025799865774,52.687411809084175,51.85498311645356,51.97260665893555,2032500,0.0,0.0,-,47.8731321144104,51.78482894897461,51.89614391326904,51.919216537475585,2694758.0
04/27/2016,52.10833063161797,52.75979896924883,51.69211628328609,52.669315338134766,1918200,0.0,0.0,-,47.84879806518555,51.73956298828125,51.91695423126221,51.87759437561035,2742300.0
04/26/2016,51.69210210705482,52.33452017959638,51.45684818227276,52.11736297607422,1577900,0.0,0.0,-,47.82089061737061,51.67909889221191,51.92283592224121,51.763587188720706,2786900.0
04/25/2016,51.29399171884002,51.68306267715882,50.79634386217099,51.574485778808594,2073600,0.0,0.0,-,47.78877996444702,51.607107696533205,51.94500465393067,51.65591545104981,2808204.0
04/22/2016,51.72829807936164,51.92735858464142,51.12207337924164,51.2758903503418,2286300,0.0,0.0,-,47.75695777893066,51.52449111938476,51.97169647216797,51.56995735168457,2836090.0
04/21/2016,52.14452056912705,52.56978152610573,51.75544961055692,51.800689697265625,2286500,0.0,0.0,-,47.72595470428467,51.47095397949219,52.00517539978027,51.55729026794434,2859848.0
04/20/2016,52.03593360458938,52.180703934613256,51.619719337220346,51.9273567199707,2033300,0.0,0.0,-,47.694124660491944,51.41937759399414,52.047248649597165,51.50752563476563,2891686.0
04/19/2016,52.43405181071181,52.52453196781322,51.76448691273244,52.05402755737305,1506600,0.0,0.0,-,47.65851665496826,51.34360404968262,52.080274200439455,51.60705642700195,2927218.0
04/18/2016,51.51114174355072,52.38881379876258,51.3482746930661,52.27118682861328,2095300,0.0,0.0,-,47.61975957870484,51.265116424560546,52.12099132537842,51.64053497314453,2984030.0
04/15/2016,51.71925389605377,51.88212096235197,51.31208623030828,51.52924346923828,1945600,0.0,0.0,-,47.58027616500854,51.20322761535645,52.19021015167236,51.7201587677002,3024842.0
04/14/2016,51.08588058192997,51.63781857060582,50.68776301790666,51.5563850402832,2681200,0.0,0.0,-,47.540998516082766,51.167370300292966,52.26169090270996,51.8730712890625,3054558.0
04/13/2016,51.28494286979098,51.60162691448347,50.769198310379096,51.52924346923828,1751200,0.0,0.0,-,47.50131555557251,51.156605606079104,52.31190853118896,51.95631408691406,3063850.0
04/12/2016,50.81444170937485,51.11303250092893,50.16297340169138,51.040645599365234,1554000,0.0,0.0,-,47.46949499130249,51.150716400146486,52.365292930603026,52.08208465576172,3114810.0
04/11/2016,51.14921578270821,51.50209325249436,50.67871133912767,50.71490478515625,1966400,0.0,0.0,-,47.437961177825926,51.14557243347168,52.444916343688966,52.234093856811526,3153572.0
04/08/2016,51.27589313168059,51.39352011405332,50.83253546608662,51.14921951293945,1937400,0.0,0.0,-,47.40935884475708,51.10524078369141,52.53132591247559,52.37343559265137,3157780.0
04/07/2016,52.56073645199666,52.95885405910534,51.03159938555908,51.30304336547852,2996700,0.0,0.0,-,47.38065134048462,51.05315383911133,52.56208972930908,52.45306053161621,3168572.0
04/06/2016,52.53359366791312,53.1941086252422,52.216906144855606,52.922664642333984,1797600,0.0,0.0,-,47.35014146804809,51.007919540405275,52.550552940368654,52.58697166442871,3151538.0
04/05/2016,52.189752526370825,52.94979760011785,52.0359321136046,52.38881301879883,2314400,0.0,0.0,-,47.31225233078003,50.91747512817383,52.49414253234863,52.55349197387695,3159754.0
04/04/2016,53.26648181577251,53.39315541995511,52.85026755871629,53.06742477416992,2941100,0.0,0.0,-,47.2756397819519,50.84709548950195,52.4711935043335,52.601447677612306,3166230.0
04/01/2016,52.37975720730987,53.194092358610206,52.13545666191977,53.05836868286133,2307600,0.0,0.0,-,47.23235486984253,50.72866188049316,52.409349060058595,52.66026153564453,3171732.0
03/31/2016,52.786930552058,53.17600145002355,52.34356948754022,52.38881301879883,1977700,0.0,0.0,-,47.18794717788696,50.6095068359375,52.36736507415772,52.65031051635742,3207754.0
03/30/2016,52.72361233354485,53.01315308734996,52.153577464416905,52.78694915771485,1830100,0.0,0.0,-,47.14473106384278,50.510964431762694,52.35389423370361,52.66750297546387,3233780.0
03/29/2016,52.20786008303468,52.60597769891354,52.02689627523609,52.56073760986328,2081200,0.0,0.0,-,47.09880550384521,50.399223709106444,52.252366065979004,52.64850120544433,3270308.0
03/28/2016,52.06308206116574,52.4702497058604,51.8459248334629,52.10832214355469,2035400,0.0,0.0,-,47.05580787658691,50.3015754699707,52.10573177337646,52.655738830566406,3292936.0
03/24/2016,52.79599441316038,52.93171814802527,51.46591768883508,51.94546890258789,2527400,0.0,0.0,-,47.01500490188599,50.201602096557615,52.04084300994873,52.689216232299806,3323530.0
03/23/2016,52.51548110322494,52.85026179945353,52.135456880492754,52.64215469360352,1281200,0.0,0.0,-,46.97427495956421,50.14568557739258,51.9953800201416,52.671118927001956,3350558.0
03/22/2016,53.25743262166511,53.29362606443459,52.52453093776816,52.587867736816406,2242200,0.0,0.0,-,46.93024133682251,50.04225677490234,51.90199375152588,52.51413421630859,3370172.0
03/21/2016,53.248390910212485,53.483644873618765,52.66930954120814,52.86837005615234,2361100,0.0,0.0,-,46.88652410507202,49.93106750488281,51.77070255279541,52.434793090820314,3381946.0
03/18/2016,53.20315556322058,53.99939424230591,52.93171157877713,53.65556335449219,4666700,0.0,0.0,-,46.8414605140686,49.84423637390137,51.628997230529784,52.340939331054685,3410218.0
03/17/2016,52.47026066589493,52.99505194410033,52.171669846883255,52.95885848999024,2112100,0.0,0.0,-,46.793177909851075,49.74400863647461,51.41453399658203,52.15843658447265,3367558.0
03/16/2016,52.34358035018546,52.7507480548329,51.963559460246216,52.56073760986328,2502300,0.0,0.0,-,46.74569000244141,49.672879486083986,51.24077320098877,52.084419631958006,3385900.0
03/15/2016,52.34358074405609,52.93171226092765,52.34358074405609,52.59693145751953,1784100,0.0,0.0,-,46.69916194915771,49.603213729858396,51.098201751708984,52.04028549194336,3418768.0
03/14/2016,52.41596008271336,52.7507408377997,52.25309302313686,52.633113861083984,1551000,0.0,0.0,-,46.652789001464846,49.5227140045166,50.950660705566406,51.856230926513675,3412520.0
03/11/2016,52.4249994399375,52.569769755950304,51.76448465740431,52.44309616088867,2369700,0.0,0.0,-,46.606840209960936,49.45485008239746,50.74489517211914,51.555724716186525,3405600.0
03/10/2016,50.92301712722161,52.08118335733229,50.81444022963532,51.764495849609375,3016500,0.135,0.0,-,46.56096761703491,49.397827224731444,50.494923210144044,51.392469787597655,3384170.0
03/09/2016,50.945932781366565,51.87567133903949,50.77442928206833,51.07230758666992,3208400,0.0,0.0,-,46.516292095184326,49.344447174072265,50.33665008544922,51.31964111328125,3348374.0
03/08/2016,51.8215350884146,52.444367141018574,51.65905656280261,51.7944564819336,2346700,0.0,0.0,-,46.47834897994995,49.30382759094238,50.24412822723389,51.28985328674317,3296152.0
03/07/2016,52.01107168923305,53.65390640559232,51.67708971547516,51.929832458496094,3128300,0.0,0.0,-,46.44692317962647,49.24894561767578,50.061339378356934,51.106612014770505,3289420.0
03/04/2016,52.11036065036244,52.18257482500311,51.54168607683192,51.83053588867188,3673400,0.0,0.0,-,46.41343126296997,49.19081451416016,49.8713300704956,50.91705513000488,3278336.0
03/03/2016,52.59780657118665,52.74223150613584,50.61196113311381,52.21868896484375,4220300,0.0,0.0,-,46.38502939224243,49.125642700195314,49.73864059448242,50.670631408691406,3249298.0
03/02/2016,52.218685548266365,53.184527883176045,51.22576461587605,52.1193962097168,8993600,0.0,0.0,-,46.353275051116945,49.037182388305666,49.61452503204346,50.39712677001953,3266800.0
03/01/2016,50.05231467943939,51.02718212441914,49.97107543874424,50.756385803222656,5119700,0.0,0.0,-,46.3178270149231,48.96713607788086,49.55946273803711,50.15611801147461,3137398.0
02/29/2016,50.63902602887578,51.06327566695319,49.57389113060226,49.6280517578125,6074900,0.0,0.0,-,46.28668441772461,48.943667068481446,49.58338260650635,50.04509048461914,3087464.0
02/26/2016,51.24382168125516,51.28895382794301,50.22381863797165,50.810546875,2443600,0.0,0.0,-,46.26539602279663,48.927419662475586,49.64115238189697,49.934065628051755,3023694.0
02/25/2016,51.04523415809405,51.24381972798558,50.28700241520866,51.03620910644531,2804700,0.0,0.0,-,46.24005498886108,48.89347999572754,49.5355411529541,49.59737663269043,3037290.0
02/24/2016,49.8717728000217,50.891775633195,49.501683764036535,50.77442932128906,3838800,0.0,0.0,-,46.21345125198364,48.83968162536621,49.41097431182861,49.353659057617186,3028016.0
02/23/2016,49.745408096388616,50.54877195690874,49.67319391220793,49.96204376220703,3101300,0.0,0.0,-,46.1893663597107,48.80177017211914,49.32431926727295,49.19840316772461,2998450.0
02/22/2016,49.934970818031225,50.35922058971814,49.66417448342005,50.03426361083984,3040400,0.0,0.0,-,46.16548936843872,48.77812065124512,49.246239280700685,49.01606674194336,2995614.0
02/19/2016,49.18577007197087,49.40240577359532,48.38240263530653,49.36629867553711,3180700,0.0,0.0,-,46.142080326080325,48.76097030639649,49.18801765441894,48.82560501098633,2986506.0
02/18/2016,49.4385104294629,49.74541386107229,49.00523560425474,49.483642578125,3221000,0.0,0.0,-,46.120532245635985,48.74526405334473,49.07698993682861,48.80664978027344,2971484.0
02/17/2016,50.11550486414545,50.42240830723514,49.55585862440391,49.70930862426758,4409600,0.0,0.0,-,46.10005558013916,48.73121864318848,48.95783863067627,48.83192329406738,2966476.0
02/16/2016,49.04133229551371,50.648059861850925,48.96009306781343,49.64611053466797,4148200,0.0,0.0,-,46.07939161300659,48.682937164306644,48.84545783996582,48.96280746459961,2957722.0
02/12/2016,48.0754998433076,48.7976280408573,47.21797863460162,48.51780319213867,2643100,0.0,0.0,-,46.0527247428894,48.65411346435547,48.72314796447754,49.12167472839356,2948820.0
02/11/2016,48.03941045088909,48.391446157863655,47.0825927154129,47.44365692138672,3467900,0.0,0.0,-,46.033671360015866,48.6401099395752,48.68117408752441,49.34823913574219,2978508.0
02/10/2016,49.167707999782245,50.22381460969211,48.57195475854447,48.59903335571289,3474200,0.0,0.0,-,46.02462703704834,48.62813446044922,48.664473915100096,49.47370567321777,2977618.0
02/09/2016,47.78664608284005,49.51974879630309,47.642221143664976,49.22187042236328,3878400,0.0,0.0,-,46.011262302398684,48.60476051330566,48.69200439453125,49.46828956604004,2929558.0
02/08/2016,47.54292282576812,48.38239376319037,47.03743731909614,48.13867950439453,3809900,0.0,0.0,-,45.99904071807861,48.570371017456054,48.60444660186768,49.45023536682129,2917176.0
02/05/2016,48.93301006866061,48.96911715656528,47.84982153505048,48.12964630126953,4347200,0.0,0.0,-,45.99252643585205,48.5518807220459,48.54893283843994,49.47641181945801,2938664.0
02/04/2016,49.14063926683109,49.4565712405867,48.156743130712655,49.1767463684082,4135900,0.0,0.0,-,45.984712829589846,48.51033355712891,48.568791198730466,49.55043029785156,2907472.0
02/03/2016,51.25284109274804,51.37921246691139,49.14062449260745,49.73637771606445,3431400,0.0,0.0,-,45.971013946533205,48.44262031555176,48.54216270446777,49.34733009338379,2985834.0
02/02/2016,50.810539729333065,51.62292858555156,50.26894371515914,51.01815032958984,3145800,0.0,0.0,-,45.95153671264649,48.28013023376465,48.5254638671875,49.083753967285155,3019974.0
02/01/2016,50.78345490721202,51.622925756316384,50.41336586732224,51.23478317260742,4299200,0.0,0.0,-,45.921415615081784,48.09596771240234,48.4284288406372,48.72810821533203,3042268.0
01/29/2016,48.9871629679277,50.83760788893279,48.74344532808398,50.783447265625,3492100,0.0,0.0,-,45.89706804275513,47.90549110412598,48.29528694152832,48.32462120056152,3055504.0
01/28/2016,48.97814362711439,49.13159703347832,48.048408468458206,48.69832229614258,2176800,0.0,0.0,-,45.87475305557251,47.714313659667965,48.21811046600341,48.01410903930664,3084384.0
01/27/2016,49.0774398314437,49.48363600214683,48.21089029618487,48.54487228393555,2477000,0.0,0.0,-,45.86384962081909,47.5475456237793,48.262792015075675,47.85524215698242,3233446.0
01/26/2016,48.31017543850125,49.17672483676358,48.02132563908048,49.04132843017578,2145000,0.0,0.0,-,45.854587364196775,47.44329208374023,48.29032306671142,47.915719223022464,3243324.0
01/25/2016,48.81566866744149,49.05938290973064,48.20186192803124,48.40044403076172,2208400,0.0,0.0,-,45.841207065582275,47.33649520874023,48.29032306671142,47.75865783691406,3267928.0
01/22/2016,47.804695949546826,48.98717741529946,47.60611382557389,48.86983108520508,2638200,0.0,0.0,-,45.83152410507202,47.26809539794922,48.322818756103516,47.621453857421876,3267110.0
01/21/2016,47.22698353912763,47.55194040071628,46.85689454528744,47.14574432373047,3216200,0.0,0.0,-,45.820211238861084,47.17553665161133,48.330491065979004,47.587152099609376,3290054.0
01/20/2016,46.9291129596532,47.68734455754234,45.5119390864717,47.100616455078125,4108700,0.0,0.0,-,45.81487480163574,47.14051727294922,48.401801109313965,47.73699531555176,3269242.0
01/19/2016,47.741514194339246,47.976206873875086,47.01036444226433,47.461692810058594,3279000,0.0,0.0,-,45.81229600906372,47.126936264038086,48.436553955078125,47.96717376708985,3236594.0
01/15/2016,46.22504227332469,47.597080677381264,46.22504227332469,47.19991302490234,3656500,0.0,0.0,-,45.80784465789795,47.10757469177246,48.494323348999025,48.128749465942384,3219350.0
01/14/2016,47.31726160304267,48.174786139350765,46.68540468052699,47.67832565307617,3212600,0.0,0.0,-,45.804926204681394,47.09561042785644,48.613474464416505,48.26595268249512,3202552.0
01/13/2016,48.97815262749268,48.98718112307047,47.00133562950201,47.10965347290039,3565100,0.0,0.0,-,45.80261827468872,47.05462303161621,48.67034225463867,48.422111892700194,3188266.0
01/12/2016,48.31017219507886,49.519731940207045,48.21087943756401,49.14964294433594,3878800,0.0,0.0,-,45.804005222320555,47.02356788635254,48.770537757873534,48.670341873168944,3160546.0
01/11/2016,47.40752887745303,47.723457335646856,46.82982915769178,47.4707145690918,2261900,0.0,0.0,-,45.7915845489502,46.9445076751709,48.730370140075685,48.66492691040039,3110498.0
01/08/2016,48.59902812648395,48.59902812648395,46.90203287150232,47.02840423583984,2830900,0.0,0.0,-,45.786751899719235,46.90208808898926,48.80077724456787,48.82198829650879,3095980.0
01/07/2016,47.81371746578501,49.74540188782747,47.38946779507724,48.52681350708008,3774700,0.0,0.0,-,45.78652839660644,46.84851959228516,48.888335418701175,49.024183654785155,3088746.0
01/06/2016,48.77054788962532,49.22187630894331,48.111608810624574,48.6441764831543,2533700,0.0,0.0,-,45.782846183776854,46.776511688232425,48.92083206176758,49.07383003234863,3048964.0
01/05/2016,49.07744400625377,49.79956868039754,48.90594047219527,49.40240097045898,3029200,0.0,0.0,-,45.777994556427004,46.698193588256835,48.91767253875732,49.06660690307617,3057674.0
01/04/2016,47.84081093294924,49.077449798583984,47.389482527921416,49.077449798583984,4145700,0.0,0.0,-,45.77177181243896,46.62956977844238,48.88662109375001,48.9059341430664,3038702.0
12/31/2015,49.14061627911558,49.2308839908316,48.56291669757752,48.57194519042969,1471700,0.0,0.0,-,45.765560474395755,46.55195343017578,48.79751033782959,48.859897232055665,2992336.0
12/30/2015,49.61000683026064,49.90788516660229,49.2308927040386,49.23991775512695,1205000,0.0,0.0,-,45.7597255897522,46.4873291015625,48.77915935516358,48.96099624633789,3005332.0
12/29/2015,48.012304198499855,50.22381359789545,48.012304198499855,49.59195327758789,1298200,0.0,0.0,-,45.75189525604248,46.41024612426758,48.70804481506348,48.91857261657715,3029142.0
12/28/2015,48.806643471920246,49.28505038162422,48.66221854955518,49.09549331665039,1226700,0.0,0.0,-,45.74335792541504,46.32450119018554,48.57069129943848,48.870733642578124,3063704.0
12/24/2015,49.104514108589,49.26699255118334,48.75247518739378,49.04132843017578,597300,0.0,0.0,-,45.735487899780274,46.23139221191406,48.48743343353272,48.795813369750974,3085962.0
12/23/2015,49.194782731088765,49.40239332757621,48.48168321922218,49.05035781860352,2010100,0.0,0.0,-,45.72842651367188,46.124234924316404,48.410486793518075,48.77956619262695,3141654.0
12/22/2015,48.996195245385,49.23991292118527,48.56292052508274,49.02327728271485,2574100,0.0,0.0,-,45.71856380462646,46.034010314941405,48.31867713928223,48.75248718261719,3153458.0
12/21/2015,48.47265242922262,48.83371294600335,48.102563419589735,48.57194519042969,2221500,0.0,0.0,-,45.708545227050784,45.96378204345703,48.17012767791748,48.76783409118652,3159156.0
12/18/2015,48.25602677629545,48.5177980479845,47.75054122364027,47.79567337036133,5095400,0.0,0.0,-,45.70197088241577,45.87573997497559,48.03108463287354,48.768738174438475,3174952.0
12/17/2015,49.9710654676505,50.08841177932008,48.49973437680697,48.61708068847656,2523500,0.0,0.0,-,45.69692516326904,45.80286308288574,47.72189464569092,48.86730804443359,3126424.0
12/16/2015,49.41143179112235,49.63709597762236,48.70735718775599,49.58293533325195,2623000,0.0,0.0,-,45.6890047454834,45.69788612365723,47.38154182434082,48.73512344360351,3150936.0
12/15/2015,49.61001696328639,49.94400245892268,48.671253063712,48.81568145751953,2886400,0.0,0.0,-,45.67610940933228,45.56530570983887,46.987942695617676,48.59732246398926,3153976.0
12/14/2015,48.61710291361756,49.43852058409021,48.39143868059361,49.113563537597656,3123400,0.0,0.0,-,45.66798938751221,45.47437049865723,46.60838737487793,48.4975170135498,3160138.0
12/11/2015,48.1477050268928,48.77053686515131,48.10257288383554,48.346290588378906,2341000,0.0,0.0,-,45.65938606262207,45.36991149902344,46.170705223083495,48.27064895629883,3143710.0
12/10/2015,48.96912094231403,49.44752784227104,48.39142126462368,48.87885665893555,2360500,0.0,0.0,-,45.654216594696045,45.26512596130371,45.92000045776367,48.179053497314456,3177676.0
12/09/2015,48.74346062496938,49.73638159368878,48.26505368737792,48.77956771850586,2959500,0.0,0.0,-,45.631270790100096,45.1606778717041,45.661131858825684,48.04140739440918,3187984.0
12/08/2015,48.256035938368335,49.37533198371957,47.84983965403269,49.1767463684082,2585000,0.0,0.0,-,45.60750234603882,45.04182273864746,45.47117614746094,47.884867095947264,3175500.0
12/07/2015,48.526825378323856,48.80665021051155,47.9581541048876,48.58098602294922,2429600,0.118,0.0,-,45.580876140594484,44.913762969970705,45.224433517456056,47.57242126464844,3175456.0
12/04/2015,47.54742768662553,48.88945391227711,47.34927477980725,48.7813720703125,2970600,0.0,0.0,-,45.55895025253296,44.82626075744629,45.06512298583984,47.29343109130859,3173092.0
12/03/2015,48.13287673105901,48.28599583160131,46.75482200547822,47.29523468017578,3971900,0.0,0.0,-,45.533965530395506,44.731147842407225,44.947132682800294,46.57648124694824,3154566.0
12/02/2015,47.86266240116316,48.61924208091513,47.86266240116316,48.204925537109375,3703100,0.0,0.0,-,45.514175777435305,44.669720764160154,44.90705165863037,46.027960205078124,3103686.0
12/01/2015,47.31323937195521,47.91670339191364,47.04303308898755,47.817626953125,4127500,0.0,0.0,-,45.489345722198486,44.58685722351074,44.82689037322998,45.378562927246094,3085444.0
11/30/2015,47.58345188787502,47.58345188787502,46.60169970122349,46.84488296508789,3423400,0.0,0.0,-,45.466787548065184,44.52110679626465,44.71745681762695,44.71925773620605,3052198.0
11/27/2015,47.61047468850228,47.76359034166551,47.06105323023944,47.43033599853516,1071200,0.0,0.0,-,45.44759508132935,44.4690470123291,44.6530574798584,44.07076148986816,3065506.0
11/25/2015,47.13311283996752,47.78160735161149,46.96197952834291,47.50239562988281,3259300,0.0,0.0,-,45.424335136413575,44.42995712280273,44.541372299194336,43.66094741821289,3099502.0
11/24/2015,45.69199998095564,47.33125538745355,45.57490932738881,47.21416473388672,4884300,0.0,0.0,-,45.39881456375122,44.37609573364258,44.433739280700685,43.28085632324219,3076214.0
11/23/2015,45.90817776971839,46.16036991073101,45.54790033753444,46.05228805541992,2787600,0.0,0.0,-,45.37589771270752,44.32205444335938,44.29053001403808,43.05748519897461,3020800.0
11/20/2015,45.39478188706363,45.93519456644248,44.18785702964819,45.79108428955078,8054000,0.0,0.0,-,45.35718044281006,44.2919709777832,44.234236526489255,42.87644577026367,3019104.0
11/19/2015,40.54005045810431,41.99917055447818,40.54005045810431,41.61187362670898,5138400,0.0,0.0,-,45.34057415008545,44.277920150756835,44.181095886230466,42.836814880371094,2892464.0
11/18/2015,41.75598506545172,42.02619135314426,41.0984818389181,41.81002426147461,4260500,0.0,0.0,-,45.34475212097168,44.34349060058594,44.39906272888184,43.31778411865234,2846690.0
11/17/2015,42.44050941824371,42.62064809514517,40.93635885321444,41.71095275878906,4961000,0.0,0.0,-,45.347514629364014,44.39681167602539,44.5683931350708,43.786143112182614,2833086.0
11/16/2015,40.413952799528445,41.47676710244824,40.053678919331695,41.22457504272461,4936100,0.0,0.0,-,45.350436973571775,44.45913940429688,44.74988193511963,44.275217819213864,2790780.0
11/13/2015,40.23382101444708,41.88208537855783,39.152995753365616,40.35992050170898,9629900,0.0,0.0,-,45.34966543197632,44.507236328125,44.95794162750244,44.71565589904785,2754922.0
11/12/2015,43.32318645814377,44.33196170477736,43.29616685834702,43.33219528198242,2970900,0.0,0.0,-,45.352904109954835,44.57334693908692,45.205180931091306,45.23535346984863,2615614.0
11/11/2015,45.007486030752894,45.01649142010138,43.62942782194747,43.70148468017578,3375200,0.0,0.0,-,45.34557401657104,44.579471588134766,45.260573387145996,45.42179718017578,2616270.0
11/10/2015,44.1788400099507,45.02549073602191,44.00771016159089,44.98045349121094,2167500,0.0,0.0,-,45.33646457672119,44.55843139648437,45.25967235565186,45.58662223815918,2628738.0
11/09/2015,45.16960684517288,45.29570290093712,43.68346690598612,44.24189376831055,3785400,0.0,0.0,-,45.32245819091797,44.53247619628906,45.237606048583984,45.52357482910156,2651678.0
11/06/2015,46.385532972985736,46.430566783845855,45.07953184288511,45.394775390625,2175600,0.0,0.0,-,45.31415679931641,44.535307998657224,45.30110454559326,45.592027282714845,2656110.0
11/05/2015,46.64673852205988,46.75482036603754,46.07930282842237,46.42156600952149,2476300,0.0,0.0,-,45.29883890151977,44.52011375427246,45.239857864379886,45.525376892089845,2681056.0
11/04/2015,46.64673327472608,46.79084352910516,46.16035987774936,46.493614196777344,2416800,0.0,0.0,-,45.27747045516968,44.47090667724609,45.12637100219727,45.48034133911133,2714722.0
11/03/2015,45.67398683815886,46.691767450345935,45.51186237123138,46.60169982910156,2816600,0.0,0.0,-,45.251069164276124,44.38953186035156,44.97010192871094,45.350643157958984,2764846.0
11/02/2015,45.25967307381696,45.87214255645082,44.56614135272097,45.62895584106445,2498300,0.0,0.0,-,45.22332262039185,44.32594093322754,44.78771266937256,45.22454605102539,2848112.0
10/30/2015,45.11555665257204,45.90816471649566,44.97144640784585,45.5568962097168,2179100,0.0,0.0,-,45.20287672042846,44.31181289672852,44.71971092224121,45.20022735595703,3054718.0
10/29/2015,45.26868581121778,45.376771103954006,44.60217701864579,45.19663238525391,1376400,0.0,0.0,-,45.178856143951414,44.39346328735351,44.63639678955078,45.175008392333986,3086818.0
10/28/2015,44.52110219812779,45.38576368075054,44.33195814302769,45.349735260009766,1536000,0.0,0.0,-,45.159968090057376,44.49040519714355,44.53191585540772,45.09934959411621,3110586.0
10/27/2015,44.791315599330254,44.92642048064675,43.94466819254514,44.349979400634766,2469200,0.0,0.0,-,45.145300235748294,44.59919921875,44.44725170135498,44.93272247314453,3160078.0
10/26/2015,44.65621199075883,45.21463883048815,44.458059090655645,44.92641830444336,1785600,0.0,0.0,-,45.13779981613159,44.691511459350586,44.37159328460693,44.951637268066406,3153064.0
10/23/2015,46.304479203629256,46.43057527143197,44.10679653483584,44.728271484375,2969200,0.0,0.0,-,45.126008701324466,44.75827926635742,44.26396026611328,45.01018180847168,3171532.0
10/22/2015,45.48483713918637,46.37652159686129,45.439803334141175,45.97121047973633,2080600,0.0,0.0,-,45.11909852981567,44.827392501831056,44.237840461730954,44.95433883666992,3164230.0
10/21/2015,45.42180492466396,45.646977464074006,45.106564743834,45.19663238525391,1827400,0.0,0.0,-,45.1031342124939,44.870388946533204,44.14056625366211,44.7724006652832,3155792.0
10/20/2015,45.187609693305625,45.46682479340372,45.05250827263305,45.340728759765625,2121500,0.0,0.0,-,45.086951370239255,44.93354881286621,44.09192867279053,44.58956069946289,3153156.0
10/19/2015,45.26867822746268,45.49385072915011,44.91740967456784,45.38576889038086,2395500,0.0,0.0,-,45.069645709991455,44.99221000671387,44.02797966003418,44.35087928771973,3146866.0
10/16/2015,44.64720328200658,45.61094131268262,44.440044993117866,45.30470657348633,3026300,0.0,0.0,-,45.052271366119385,45.038110427856445,43.98519649505615,44.23919448852539,3146178.0
10/15/2015,43.97168519429685,44.62018308889278,43.84558914498312,44.44004440307617,2339600,0.0,0.0,-,45.03648721694946,45.0946167755127,43.93205585479736,44.09778518676758,3135696.0
10/14/2015,45.18761466837911,45.28669111596267,43.51233419092293,43.68346405029297,3381900,0.0,0.0,-,45.02428859710693,45.17272888183594,43.983845710754395,43.964482116699216,3116334.0
10/13/2015,45.27769297717679,45.61995618657495,44.46707049067068,44.53912734985352,2600300,0.0,0.0,-,45.01625293731689,45.25483192443848,44.0401388168335,43.96178092956543,3078220.0
10/12/2015,44.25990518277192,45.664982792142006,44.17884294692635,45.511863708496094,2859000,0.0,0.0,-,45.00239637374878,45.31694671630859,44.03878746032715,43.79154930114746,3050928.0
10/09/2015,44.11579912535924,44.23288979625866,43.20610366831281,44.16984176635742,3011300,0.0,0.0,-,44.98213344573975,45.3619425201416,43.99060001373291,43.51773872375488,3017646.0
10/08/2015,43.278158276288686,44.17884836918069,43.152062213021416,44.15182876586914,2669000,0.0,0.0,-,44.96992202758789,45.42641151428223,44.03653507232666,43.521342086792,2977604.0
10/07/2015,43.20610822282604,43.50333418999786,42.65668667360447,43.36823272705078,3749100,0.0,0.0,-,44.95744297027588,45.491959762573245,44.073463439941406,43.508731842041016,2962480.0
10/06/2015,44.17885387095133,44.26892495297346,42.70172248439293,42.953914642333984,2775000,0.0,0.0,-,44.94409753799439,45.559163894653324,44.12885570526123,43.59429664611817,2926626.0
10/05/2015,43.98070033408536,44.3499831469028,43.548366051697,44.2689208984375,3194500,0.0,0.0,-,44.93660202026367,45.6359122467041,44.222526931762694,43.70508003234863,2906600.0
10/02/2015,42.800779722161465,43.90862776421711,42.44050242770125,43.8906135559082,2302000,0.0,0.0,-,44.918194103240964,45.697321548461915,44.190551948547366,43.73119850158692,2872818.0
10/01/2015,43.66544040760338,44.31393815291841,42.60262618538546,43.10701370239258,4039300,0.0,0.0,-,44.89988920211792,45.76989067077637,44.17929382324219,43.76632652282715,2850126.0
09/30/2015,43.3592227835852,43.98070117904577,43.02596839387431,43.65645217895508,2875900,0.0,0.0,-,44.890152530670164,45.865139923095704,44.20586452484131,44.00320930480957,2812204.0
09/29/2015,42.78276843705457,43.17006535251138,42.30540390975816,42.83681106567383,2335300,0.0,0.0,-,44.874382209777835,45.941853561401366,44.15551567077637,44.11849670410156,2788752.0
09/28/2015,43.92663972035924,44.64719083647732,42.6296477113467,42.77375793457031,2582800,0.0,0.0,-,44.86324666976929,46.03442092895508,44.19780979156494,44.28602561950684,2771690.0
09/25/2015,44.34097686133553,44.80933616419924,43.84559795272248,44.20587539672852,2311400,0.0,0.0,-,44.84902805328369,46.11818656921387,44.278296089172365,44.463461303710936,2755190.0
09/24/2015,43.80955921563363,44.1878507864388,43.53935291412109,44.025726318359375,2044300,0.0,0.0,-,44.82890089035034,46.185708389282226,44.29975547790527,44.551728057861325,2745506.0
09/23/2015,44.1698415629329,44.50309592457036,43.93566022221258,44.223880767822266,1427900,0.0,0.0,-,44.81045698165894,46.24533302307129,44.29652976989746,44.6381950378418,2745026.0
09/22/2015,43.88161327232101,44.142810733525344,43.62941776252951,44.06174850463867,2791000,0.0,0.0,-,44.791648349761964,46.30297134399414,44.20657939910889,44.663414764404294,2767398.0
09/21/2015,44.476066397988944,45.034493151021046,44.24188510952251,44.53010559082031,2465200,0.0,0.0,-,44.77445343017578,46.3634928894043,44.17459964752197,44.739973831176755,2774342.0
09/18/2015,44.980459325666686,45.11556420590541,44.16984035181377,44.24189376831055,4088800,0.0,0.0,-,44.7544705581665,46.38679542541504,44.19422206878662,44.649905395507815,2766894.0
09/17/2015,45.259674401357366,46.17837865225526,45.20563176217755,45.4758415222168,2771000,0.0,0.0,-,44.73465719223022,46.40615852355957,44.464098167419436,44.592261123657224,2735026.0
09/16/2015,43.413257400425685,44.88138301895192,43.2511329303622,44.809326171875,2094900,0.0,0.0,-,44.70840633392334,46.39814720153809,44.69249248504639,44.40851974487305,2728390.0
09/15/2015,44.65621392485031,44.9084060370972,44.17884586627749,44.51210021972656,2113600,0.0,0.0,-,44.68843273162842,46.410654296875,44.99149799346924,44.192534637451175,2747042.0
09/14/2015,45.169592910960056,45.2146267118607,44.47606138234205,44.54811477661133,2702800,0.0,0.0,-,44.66613063812256,46.41652740478516,45.214172554016116,44.10959396362305,2753626.0
09/11/2015,44.69223713663375,45.10655715065597,44.29593477089478,45.08854293823242,1722000,0.0,0.0,-,44.64257764816284,46.41161735534668,45.400007247924805,44.093130874633786,2739868.0
09/10/2015,44.35898880519533,45.2596789332196,44.35898880519533,44.89039611816406,2849700,0.0,0.0,-,44.615764904022214,46.39733657836914,45.55477676391602,44.04778289794922,2743934.0
09/09/2015,45.16060099664392,45.3497450927543,44.34998196937368,44.47607803344727,3580300,0.0,0.0,-,44.59052280426025,46.3730029296875,45.71630859375,43.954864501953125,2733294.0
09/08/2015,44.51209562870933,44.8723729826397,43.93565461110832,44.82733917236328,2845700,0.0,0.0,-,44.55376678466797,46.3558772277832,45.91023597717285,43.74974403381348,2701618.0
09/04/2015,43.07099441062148,43.89062215197832,42.95390375161063,43.62942123413086,3143200,0.0,0.0,-,44.51291217803955,46.362633056640625,46.08255844116211,43.60922546386719,2683206.0
09/03/2015,43.78254171254825,44.313948953172485,43.53034961050953,43.66545104980469,2664500,0.0,0.0,-,44.476084022521974,46.384722290039065,46.28512687683106,43.73853874206543,2649882.0
09/02/2015,43.40424642882267,44.57514608486549,42.73773780564016,43.638427734375,3003700,0.118,0.0,-,44.439209575653074,46.4113020324707,46.50835552215576,44.33593521118164,2630894.0
09/01/2015,42.784240707162006,43.31432699678351,42.51470606083152,42.64947509765625,3998600,0.0,0.0,-,44.40255941390991,46.446687850952145,46.743716621398924,44.97646522521973,2604606.0
08/31/2015,44.28465752764824,44.51825331610426,43.51198899862433,43.68269348144531,3314500,0.0,0.0,-,44.373486366271976,46.4977197265625,47.00067367553711,45.7904613494873,2555824.0
08/28/2015,44.311606156559904,44.96747502132472,44.06004095564157,44.38348388671875,4007000,0.0,0.0,-,44.33976037979126,46.53096260070801,47.19878234863281,46.31875114440918,2568516.0
08/27/2015,44.37451145832696,44.8147541261631,43.79052013945358,44.63506317138672,3422900,0.0,0.0,-,44.30061191558838,46.54461898803711,47.367690849304196,46.70688362121582,2525516.0
08/26/2015,43.799490687632506,43.961212158203125,42.39790575179345,43.961212158203125,4159600,0.0,0.0,-,44.26105321884155,46.54012657165527,47.505602264404295,47.061770629882815,2499462.0
08/25/2015,44.27568091811573,44.284667350810736,42.37994804321553,42.42487335205078,4923000,0.0,0.0,-,44.22285608291626,46.54443893432617,47.67900371551514,47.477752685546875,2448034.0
08/24/2015,41.95767687742854,44.841704761000415,41.86782969000464,43.42215347290039,6979900,0.0,0.0,-,44.193389129638675,46.570853271484374,47.89418201446533,48.07072792053223,2387592.0
08/21/2015,46.05460086929903,46.98899081539072,44.87763214756095,44.92255401611328,12828600,0.0,0.0,-,44.15645963668823,46.57444694519043,48.06264095306396,48.55589141845703,2285862.0
08/20/2015,49.6394157409668,50.26833210097667,49.36988113733926,49.6394157409668,3784100,0.0,0.0,-,44.11129201889038,46.55522010803222,48.183482551574706,48.83171501159668,2060262.0
08/19/2015,50.439045132182926,50.71756621213412,49.61247175011206,50.04372787475586,2564800,0.0,0.0,-,44.04432466506958,46.44138633728027,48.07746524810791,48.680775833129886,2023632.0
08/18/2015,49.89098529775156,50.9242053676466,49.86403286321615,50.78943634033203,4010600,0.0,0.0,-,43.97417575836182,46.3165013885498,47.96875267028808,48.51096801757812,2027744.0
08/17/2015,48.453474510070194,49.01949973763373,47.869479846850105,48.96559143066406,2118500,0.0,0.0,-,43.900543670654294,46.17742126464844,47.8038875579834,48.210886001586914,2000772.0
08/14/2015,48.47145205844254,48.75895622242845,48.03120937947161,48.26480865478516,2709000,0.0,0.0,-,43.83433544158935,46.07499786376953,47.72886695861816,48.078813552856445,2006642.0
08/13/2015,47.92338161755234,48.63315880624243,47.82455144858044,48.18393325805664,2604100,0.0,0.0,-,43.77218883514404,45.986814727783205,47.66372852325439,48.02849807739258,2006002.0
08/12/2015,48.04017199460518,48.21985943751908,47.37531680294162,48.12103271484375,1658700,0.0,0.0,-,43.711115798950196,45.903116912841796,47.633630180358885,47.94943389892578,1991080.0
08/11/2015,48.022199838603655,48.58822484814006,47.92336969422068,48.3546257019043,1695600,0.0,0.0,-,43.650089530944825,45.80992179870606,47.57792644500732,47.8802547454834,1998850.0
08/10/2015,48.201914129588765,48.57027902942144,48.12105337463429,48.27378845214844,1807000,0.0,0.0,-,43.586958446502685,45.70793182373047,47.515485000610354,47.71763610839844,2016326.0
08/07/2015,48.03118525718409,48.12103240538152,47.078829477519164,47.680789947509766,2361100,0.0,0.0,-,43.52269227981567,45.60890289306641,47.456186866760255,47.5693904876709,2057158.0
08/06/2015,48.21986769313772,49.61246960537271,47.752676148792816,48.13002395629883,2502200,0.0,0.0,-,43.461814918518066,45.52415420532227,47.35690898895264,47.53525009155273,2061884.0
08/05/2015,47.95931551365113,48.64213676810831,47.95931551365113,48.34564971923828,1371500,0.0,0.0,-,43.39605905532837,45.42692527770996,47.21091022491455,47.47415466308594,2067148.0
08/04/2015,47.59994225853221,47.96830709868788,47.44720720576192,47.78861618041992,1476200,0.0,0.0,-,43.32652582168579,45.31660011291504,47.04739151000977,47.426537322998044,2121998.0
08/03/2015,47.842527307852336,48.02221823672599,47.40228470347785,47.644866943359375,1235700,0.0,0.0,-,43.25872922897339,45.23050148010254,46.929694747924806,47.39688911437988,2240862.0
07/31/2015,47.626884882387145,47.81556219271392,47.22258468374613,47.76165390014648,1194900,0.0,0.0,-,43.19107147216797,45.187790069580075,46.78773918151855,47.37892036437988,2301212.0
07/30/2015,47.2136005832865,47.51009106605288,46.91711352783877,47.39329147338867,1009200,0.0,0.0,-,43.12590816497803,45.137185974121095,46.614787101745605,47.298958969116214,2330330.0
07/29/2015,46.773372194819295,47.48314606065156,46.6835250155675,47.42924118041992,1912800,0.0,0.0,-,43.06042291641236,45.1123233795166,46.46384773254395,47.317826461791995,2380486.0
07/28/2015,46.83625592871254,46.95305210186354,46.404999820037794,46.72843933105469,1956400,0.0,0.0,-,42.99623018264771,45.08109497070313,46.27607135772705,47.27559814453125,2395310.0
07/27/2015,47.141727605371216,47.33938450543861,46.66554621915174,46.79133224487305,1773700,0.0,0.0,-,42.93250759124756,45.04712196350098,46.12063903808594,47.313333892822264,2431150.0
07/24/2015,47.590954618321646,47.65384591949032,47.2136033839908,47.339385986328125,1505400,0.0,0.0,-,42.869072895050046,45.001852645874024,46.039328956604,47.34298324584961,2497012.0
07/23/2015,47.87845141858392,48.00423400182199,47.42922594855176,47.51906967163086,1167400,0.0,0.0,-,42.799908618927,44.962472381591795,45.909053802490234,47.17856788635254,2509040.0
07/22/2015,47.60892808884304,48.06713666869239,47.57298922017901,47.869476318359375,2143200,0.0,0.0,-,42.731385231018066,44.92693778991699,45.78282222747803,46.947665786743165,2520648.0
07/21/2015,47.564008412744734,47.815577095816224,47.10579977872236,47.49213409423828,1703300,0.0,0.0,-,42.66374210357666,44.88385749816894,45.65973434448242,46.66824569702148,2517460.0
07/20/2015,47.22259720346991,47.55502319413944,47.06087571021026,47.465179443359375,1482200,0.0,0.0,-,42.59539794921875,44.85316383361816,45.545181083679196,46.462500381469724,2523090.0
07/17/2015,47.4022790722661,47.45618737271992,46.77336603689991,46.962039947509766,1757800,0.0,0.0,-,42.525359306335446,44.807593154907224,45.43916397094726,46.19655799865723,2541806.0
07/16/2015,47.357353639465295,47.61790526441197,47.00695828117364,47.58196640014648,1827200,0.0,0.0,-,42.45915260314941,44.775401458740234,45.34437713623047,45.930615234375,2549142.0
07/15/2015,47.04289687186899,47.39329222812298,46.791331678110986,47.0069580078125,2020300,0.0,0.0,-,42.38957849502563,44.7248957824707,45.18580093383789,45.6098690032959,2551050.0
07/14/2015,47.15970511994146,47.15970511994146,46.57571046747917,47.10579681396485,2546500,0.0,0.0,-,42.32410638809204,44.692522811889646,45.04429454803467,45.27654457092285,2543872.0
07/13/2015,46.04562255299107,47.1147782135573,45.94679237572576,47.08782577514648,3138200,0.0,0.0,-,42.25550765991211,44.66193717956543,44.876284217834474,44.92794418334961,2539762.0
07/10/2015,45.6503105130748,45.82101502147661,45.37178938401115,45.69523239135742,2092800,0.0,0.0,-,42.1889842414856,44.60643539428711,44.7019847869873,44.735674667358396,2534790.0
07/09/2015,45.54247454640069,45.82099555715124,45.16512681633687,45.21004867553711,2495400,0.0,0.0,-,42.12596607208252,44.5866732788086,44.61528377532959,44.63953971862793,2552406.0
07/08/2015,45.290905123220654,45.49754839791498,44.90457100134757,45.07527542114258,2439200,0.0,0.0,-,42.066310787200926,44.59516815185547,44.55216770172119,44.61797866821289,2550126.0
07/07/2015,44.940533420366194,45.488589249335966,44.51826022217906,45.4346809387207,3027500,0.0,0.0,-,42.0093593788147,44.612184371948246,44.48837795257568,44.65122299194336,2543790.0
07/06/2015,43.898321507842,45.039354821668944,43.898321507842,44.805755615234375,2442800,0.0,0.0,-,41.95099014282226,44.63904182434082,44.40841541290283,44.62786178588867,2516272.0
07/02/2015,45.21903257587785,45.32684571739496,43.99713888095739,44.3026123046875,2014900,0.0,0.0,-,41.89536401748657,44.67964317321778,44.36034870147705,44.681769943237306,2501040.0
07/01/2015,43.988169800304114,44.47333426943642,43.86238718104448,44.37450408935547,1925300,0.0,0.0,-,41.842253608703615,44.72492942810059,44.33800067901611,44.758139038085936,2508630.0
06/30/2015,44.09598684776075,44.26669134311288,43.37722314090693,43.67371368408203,2317700,0.0,0.0,-,41.78757905960083,44.76617874145508,44.319227600097655,44.76173286437988,2517076.0
06/29/2015,44.84168677863686,44.91356449975166,43.57487107619487,43.61979293823242,1996500,0.0,0.0,-,41.73687696456909,44.80952308654785,44.30860576629639,44.81204452514648,2512482.0
06/26/2015,44.94950087469089,45.43466522042489,44.78777942611289,45.165130615234375,1925100,0.0,0.0,-,41.687158298492434,44.83700584411621,44.29037246704102,44.82462425231934,2538336.0
06/25/2015,45.15615260758507,45.17412204159142,44.733882904052734,44.733882904052734,1477000,0.0,0.0,-,41.62931150436401,44.86100860595703,44.19823303222656,44.66829490661621,2542598.0
06/24/2015,44.79677780875434,45.55147696106416,44.79677780875434,44.99443817138672,1715100,0.0,0.0,-,41.57408933639526,44.89273994445801,44.133706665039064,44.59102783203125,2565954.0
06/23/2015,45.11122815528426,45.46162353006317,45.03036742054152,45.40771865844727,1689300,0.0,0.0,-,41.51923751831055,44.92320388793945,44.0474136352539,44.48635673522949,2589348.0
06/22/2015,45.57841663498154,45.62333849736554,45.147160586921984,45.20106887817383,1559500,0.0,0.0,-,41.46361314773559,44.94889793395996,43.918497276306155,44.32553291320801,2594786.0
06/19/2015,45.03037718439564,45.58741944554759,44.778811922791306,45.3448371887207,3949100,0.0,0.0,-,41.409089012146,44.97218193054199,43.832628059387204,44.18896903991699,2607188.0
06/18/2015,44.59012530691657,45.15614698469904,44.56316944560408,45.06630325317383,1857000,0.0,0.0,-,41.3521505355835,44.994562225341795,43.84085102081299,44.038927459716795,2570138.0
06/17/2015,44.06902994231816,44.56317740864391,43.9522303286094,44.41044235229492,2120200,0.0,0.0,-,41.295400066375734,45.025381317138674,43.84910831451416,43.91786231994629,2579094.0
06/16/2015,43.61080867724877,44.18581672028705,43.53893095820984,44.17683029174805,1588200,0.0,0.0,-,41.24115022659302,45.058741607666015,43.93609428405762,43.87672233581543,2576018.0
06/15/2015,43.32332045225348,43.78152908258441,43.008860457777374,43.74559020996094,1900900,0.0,0.0,-,41.18764574050903,45.10690216064453,44.02064380645752,43.805167007446286,2575734.0
06/12/2015,43.55691528210206,44.09598807727319,43.36824134608592,43.601837158203125,1893400,0.0,2.0,-,41.13611946105957,45.1634188079834,44.08485374450684,43.756120681762695,2580100.0
06/11/2015,44.078011759686106,44.32059396554204,43.84441255672014,43.961212158203125,1548600,0.0,0.0,-,41.08353200912475,45.22370651245117,44.13115520477295,43.72817115783691,2601600.0
06/10/2015,43.871359698370185,44.095972426474106,43.64674697026626,43.94772720336914,1952600,0.0,0.0,-,41.02796852111816,45.28881706237793,44.20161323547363,43.676385498046876,2610156.0
06/09/2015,43.78600422339156,44.05104558811021,43.5524050750895,43.79948043823242,2770400,0.0,0.0,-,40.9736961555481,45.3576033782959,44.29134387969971,43.60847053527832,2604488.0
06/08/2015,43.81296749675733,44.26219304833252,43.70066110886353,43.83543014526367,2662000,0.0,0.0,-,40.90877341270447,45.414923934936525,44.387142944335935,43.511461639404295,2583832.0
06/05/2015,43.70965575231487,44.15888138830035,43.579379906600735,43.84442138671875,2412000,0.1175,0.0,-,40.845050449371335,45.468299026489255,44.49324398040771,43.476287078857425,2580704.0
06/04/2015,43.67191000228268,44.16487428200668,43.67191000228268,43.85565185546875,2677000,0.0,0.0,-,40.780036544799806,45.53108467102051,44.5603551864624,43.64277458190918,2586884.0
06/03/2015,43.68085876884565,44.04833892080553,43.36267502670497,43.99904251098633,1858000,0.0,0.0,-,40.70898152351379,45.609779052734375,44.635195350646974,43.78035430908203,2582416.0
06/02/2015,43.26409132721277,43.8018661052196,43.12068449180504,43.46127700805664,2047200,0.0,0.0,-,40.634828891754154,45.68327522277832,44.68807735443115,43.995466232299805,2612468.0
06/01/2015,43.38508993337712,43.57331418493219,42.91453785221118,43.255126953125,2569400,0.0,0.0,-,40.56458876609802,45.77720672607422,44.78442897796631,44.23612060546875,2655136.0
05/29/2015,43.50160128793734,43.57330640316939,43.12963869561929,43.32234191894531,3848600,0.0,0.0,-,40.493821935653685,45.868807830810546,44.900498390197754,44.41358680725098,2642772.0
05/28/2015,43.23720842515862,43.58676241166773,43.1520594318488,43.443355560302734,2597400,0.0,0.0,-,40.42407623291015,45.95046035766602,44.950018119812015,44.534139251708986,2621180.0
05/27/2015,42.945911312733,43.54642642059965,42.75769046570812,43.2685775756836,2765400,0.0,0.0,-,40.35441524505615,46.035070266723636,45.01320667266846,44.72684097290039,2599932.0
05/26/2015,43.58227827436299,43.7032764114454,42.67254077620429,42.82939147949219,4114000,0.0,0.0,-,40.286584815979005,46.12738845825195,45.13151741027832,44.97421722412109,2582724.0
05/22/2015,46.12326898399987,46.12326898399987,43.169983139618495,43.48368453979492,7419400,0.0,0.0,-,40.2162557888031,46.22123039245606,45.28635215759277,45.26282424926758,2536480.0
05/21/2015,45.11492515325796,45.71544347836693,44.90429566801274,45.50929641723633,4253200,0.0,0.0,-,40.14332275390625,46.30413772583008,45.45104560852051,45.510200881958006,2439636.0
05/20/2015,45.98881818716135,46.05603746069459,45.222487697088894,45.23144912719727,2650800,0.0,0.0,-,40.05963868141174,46.33550811767578,45.51737194061279,45.477935791015625,2389608.0
05/19/2015,46.723789134599045,46.94786254807139,45.9843461863225,46.15016174316406,3517000,0.0,0.0,-,39.97785557746887,46.3712703704834,45.58414573669434,45.49003639221191,2371472.0
05/18/2015,45.09700775645813,45.93056101335432,44.76089768251897,45.867820739746094,2654000,0.0,0.0,-,39.89103393554687,46.393408660888674,45.59848613739014,45.3806884765625,2347116.0
05/15/2015,44.65782633112602,45.13286081339649,44.40238280889342,45.02978897094727,3748400,0.0,0.0,-,39.80497877120972,46.411782836914064,45.597141647338866,45.332737350463866,2331112.0
05/14/2015,45.59445451765944,45.8633419140953,44.362050816497046,44.52786636352539,5066800,0.0,0.0,-,39.72393697738647,46.45184700012207,45.59534873962402,45.38740997314453,2321828.0
05/13/2015,45.80059321119903,46.078445407226106,45.25385708728219,45.3703727722168,2106800,0.0,0.0,-,39.643402395248415,46.50136703491211,45.687218856811526,45.365896987915036,2269656.0
05/12/2015,45.6527121026806,46.06500630518825,45.325563460395934,45.74234008789063,1747800,0.0,0.0,-,39.55883324623108,46.53779312133789,45.73472270965576,45.29957237243652,2299904.0
05/11/2015,46.065015731529634,46.338385587175225,45.69753544642905,45.71546173095703,1983800,0.0,0.0,-,39.471314067840574,46.570804290771484,45.77348747253418,45.28881759643555,2377412.0
05/08/2015,45.50930411390484,46.33837492275677,45.50930411390484,45.95745086669922,1984800,0.0,0.0,-,39.38430749893188,46.602742996215824,45.822335433959964,45.309880065917966,2513296.0
05/07/2015,45.40175407065785,45.64375376817559,45.06564394950915,45.1866455078125,2418000,0.0,0.0,-,39.294689331054684,46.569387893676755,45.84272632598877,45.391890335083005,2536756.0
05/06/2015,45.05219760144548,45.42864269425018,44.86845918996664,45.35245513916016,2124600,0.0,0.0,-,39.208035202026366,46.546172561645506,45.90658664703369,45.55680809020996,2588588.0
05/05/2015,45.16871929389187,45.52723470554873,44.78331274752125,45.05668258666992,1922600,0.0,0.0,-,39.12095252037048,46.51615356445313,45.96932678222656,45.67825508117676,2605312.0
05/04/2015,45.5361987502546,45.72441959447225,45.20008863454211,45.388309478759766,1661400,0.0,0.0,-,39.03652792930603,46.498936080932616,46.020415496826175,45.816283798217775,2618112.0
05/01/2015,44.42926081096331,45.6571817355181,44.42926081096331,45.57651519775391,2341000,0.0,0.0,-,38.94795330047607,46.46685844421387,46.08024291992187,45.861545944213866,2626128.0
04/30/2015,44.70710772465927,45.070105392394986,44.11555432360344,44.31273651123047,2889600,0.0,0.0,-,38.8583486366272,46.42207382202148,46.129988288879396,45.803287506103516,2612284.0
04/29/2015,45.45104854234973,45.50930981572907,44.290349948351725,44.70712661743164,2973600,0.0,0.0,-,38.78200451850891,46.400597381591794,46.24516258239746,46.00854072570801,2583876.0
04/28/2015,45.78716060827843,46.17704957961348,45.37934877261692,45.63479232788086,2381400,0.0,0.0,-,38.70322124481201,46.37257469177246,46.37064323425293,46.169873046875,2570220.0
04/27/2015,46.79100990269183,46.87167304587251,45.91712157492419,45.92608642578125,2122400,0.0,0.0,-,38.62144610404968,46.32000663757324,46.458255767822266,46.258157348632814,2552440.0
04/24/2015,46.77755355834961,47.05092333198612,46.7058518608369,46.77755355834961,1651600,0.0,0.0,-,38.539994354248044,46.25705184936523,46.49522686004639,46.334790802001955,2543044.0
04/23/2015,46.33389741184853,47.082301747806326,46.27563955867851,46.83582305908203,1681200,0.0,0.0,-,38.45686621665955,46.16946640014648,46.48155841827393,46.29356231689453,2539408.0
04/22/2015,46.38766568573937,46.67447929904619,46.07396094556206,46.566925048828125,2394400,0.0,0.0,-,38.37160007476807,46.085365829467776,46.488952445983884,46.25636520385742,2533768.0
04/21/2015,46.33837692016135,46.602781874544725,46.0112282721209,46.43696975708008,2347600,0.0,0.0,-,38.28698868751526,46.00020401000977,46.55012474060059,46.26039848327637,2513372.0
04/20/2015,45.32107907355813,45.96641148021834,45.03426543039544,45.8409309387207,2088000,0.0,0.0,-,38.20422855377197,45.920861129760745,46.61196880340576,46.22454719543457,2498744.0
04/17/2015,45.99329607523016,46.12325903271716,44.80571001715395,44.99393081665039,3289200,0.0,0.0,-,38.12402585029602,45.85299186706543,46.72781486511231,46.298939895629886,2497824.0
04/16/2015,46.48627026106956,46.59382453848416,46.24427057257007,46.36526870727539,2138200,0.0,0.0,-,38.047056894302365,45.80036376953125,46.86987743377686,46.456689071655276,2498188.0
04/15/2015,46.598302053824575,46.94785598290575,46.30700597322743,46.32044982910156,2644800,0.0,0.0,-,37.96236361503601,45.71896682739258,46.92186241149902,46.481784439086915,2509836.0
04/14/2015,46.508670495513606,47.01059610071264,46.42352151647479,46.51763534545898,2884800,0.0,0.0,-,37.877160186767576,45.6139631652832,46.989532470703125,46.57141342163086,2508256.0
04/13/2015,46.41905110999897,47.20778709688752,46.342866966791966,46.692420959472656,1961200,0.0,0.0,-,37.791438016891476,45.503763580322264,47.057875061035155,46.65835418701172,2573948.0
04/10/2015,46.58038068119344,46.620712253065605,46.159121584277045,46.36526870727539,2179600,0.0,0.0,-,37.705553922653195,45.4072386932373,47.099328422546385,46.65566291809082,2592708.0
04/09/2015,46.71929542159064,46.94336878092681,46.06500162261961,46.46385192871094,2096600,0.0,0.0,-,37.62226226806641,45.3175252532959,47.16251754760742,46.66955451965332,2591084.0
04/08/2015,46.342852925262726,46.94336787553934,46.15014970318673,46.60725784301758,2304800,0.0,0.0,-,37.54119213104248,45.23183174133301,47.19321575164795,46.721539688110354,2607764.0
04/07/2015,46.41904942647311,46.76412098083566,46.07397445302159,46.07845687866211,1966400,0.0,0.0,-,37.45931596755982,45.15131889343262,47.21383094787598,46.839850997924806,2597836.0
04/06/2015,46.38767567598935,46.979229308220205,46.31148812238417,46.58485794067383,1574000,0.0,0.0,-,37.37983907699585,45.07637367248535,47.27276191711426,46.99939041137695,2600824.0
04/02/2015,46.74172057816077,46.86271873039466,46.35183156480389,46.5714225769043,2119200,0.0,0.0,-,37.29849761009216,44.98763404846191,47.28284549713135,47.15668983459473,2633364.0
04/01/2015,47.05540769110765,47.18088823122981,46.29355960088694,46.6162223815918,2968400,0.0,0.0,-,37.21524313926697,44.88047271728516,47.30592422485351,47.28306579589844,2641200.0
03/31/2015,47.31981148755125,47.92481230714574,47.20777480526905,47.216739654541016,1976400,0.0,0.0,-,37.13111948013306,44.769196090698244,47.325306510925294,47.36194038391113,2639164.0
03/30/2015,46.89856461477572,47.58422869088792,46.68793506583378,47.38704299926758,1669200,0.0,0.0,-,37.04437149047852,44.655656814575195,47.32405338287354,47.4076515197754,2681620.0
03/27/2015,46.41006482289534,47.01506552058284,46.38765954240647,46.66550827026367,1737600,0.0,0.0,-,36.95601548194885,44.522971572875974,47.32434616088867,47.4573959350586,2716936.0
03/26/2015,46.81788948572568,46.9433700232205,46.38318661005558,46.50418472290039,2505600,0.0,0.0,-,36.87264658927918,44.41804183959961,47.35669059753418,47.54299392700196,2771696.0
03/25/2015,47.70074114831453,47.79485155549276,46.92544576667235,46.98370361328125,2721000,0.0,0.0,-,36.79070730209351,44.33628143310547,47.24596614837647,47.655480575561526,2782284.0
03/24/2015,48.80766601655444,48.80766601655444,47.78140951022446,47.79037094116211,2453600,0.0,0.0,-,36.708684282302855,44.25360527038574,47.0980749130249,47.664891815185555,2769700.0
03/23/2015,48.33262729626671,48.44914641100435,47.66040715746164,47.6738510131836,3360600,0.0,0.0,-,36.623428936004636,44.14916175842285,46.90113162994385,47.587810897827154,2780996.0
03/20/2015,48.09062947258614,48.47603597374678,47.84415079706432,48.15785217285156,4180600,0.0,0.0,-,36.537465724945065,44.06260948181152,46.72722949981689,47.54613342285156,2780148.0
03/19/2015,47.3242951785902,47.871034749812296,47.31533374816662,47.835182189941406,1951200,0.0,0.0,-,36.448905057907105,43.95501937866211,46.50855827331543,47.409001159667966,2748644.0
03/18/2015,47.548375101877184,47.62904166315935,46.74171290814429,47.40496826171875,2769000,0.0,0.0,-,36.36107033729553,43.83751701354981,46.2836633682251,47.328782653808595,2780008.0
03/17/2015,47.49011261983619,47.81725783936513,47.36911108016176,47.6738510131836,1535000,0.0,0.0,-,36.27567503929138,43.72700958251953,46.07536067962646,47.288672637939456,2785636.0
03/16/2015,47.83071172178296,48.1130429882121,47.74556273166305,47.88448715209961,1905000,0.0,0.0,-,36.18915719985962,43.611750564575196,45.856967735290525,47.24045524597168,2791240.0
03/13/2015,47.71867388040074,47.938264860173085,47.149525516448016,47.52148818969727,1801800,0.0,0.0,-,36.10005550384521,43.497018356323245,45.61306285858154,47.19129638671875,2803384.0
03/12/2015,47.30190589151935,47.6873124927636,47.09575531208125,47.629051208496094,2577200,0.0,0.0,-,36.01214762687683,43.386595001220705,45.37590579986572,47.170387268066406,2800176.0
03/11/2015,46.97922318049483,47.458740051506815,46.96129690075468,47.07781600952149,1751800,0.0,0.0,-,35.92552105903626,43.275540618896486,45.11436729431152,46.83645172119141,2782736.0
03/10/2015,46.83582335620629,47.2391561628733,46.63863766870493,47.019561767578125,1744000,0.0,0.0,-,35.84287073135376,43.16934059143066,44.89201622009277,46.531258010864256,2767872.0
03/09/2015,46.96130116855624,47.2615586885422,46.867190755684014,47.25707626342773,2299200,0.0,0.0,-,35.758847875595094,43.05813491821289,44.656479835510254,46.21445236206055,2753304.0
03/06/2015,46.84030497217478,47.37808321738905,46.687936691771895,46.786529541015625,1853800,0.0,0.0,-,35.67359314918518,42.94754455566406,44.417117309570315,45.908325576782225,2744072.0
03/05/2015,47.12711095181542,47.47218242354066,47.01507427125567,47.032997131347656,3284200,0.1175,0.0,-,35.58853923797607,42.84493431091309,44.200164222717284,45.60811538696289,2751140.0
03/04/2015,47.21402331800003,47.37946814147503,46.69533706327068,47.003868103027344,2458200,0.0,0.0,-,35.50691169738769,42.71825729370117,43.966640663146975,45.2385440826416,2782320.0
03/03/2015,47.42419095987334,47.50467718504769,46.84737358136471,47.19167709350586,3619200,0.0,0.0,-,35.42613965988159,42.607276153564456,43.731218338012695,44.86204872131348,2790112.0
03/02/2015,47.13355704698958,47.83557457482269,47.12461223639794,47.39289855957031,5623200,0.0,0.0,-,35.34196612358093,42.47518936157226,43.42514781951904,44.473480224609375,2789236.0
02/27/2015,46.82948314239451,47.50020043889062,46.26160725428549,47.31239700317383,8778000,0.0,0.0,-,35.25809540748596,42.33192405700684,43.105885696411136,44.03482933044434,2740992.0
02/26/2015,43.909619913984,44.58033714328994,43.8425509202088,44.289695739746094,3157800,0.0,0.0,-,35.17493781089783,42.20886970520019,42.83357467651367,43.58142433166504,2622748.0
02/25/2015,43.36857546996629,44.12872371667603,43.30597546760063,44.02587890625,5009600,0.0,0.0,-,35.10802508354187,42.133123550415036,42.71306972503662,43.39228286743164,2612364.0
02/24/2015,44.26735022110619,44.692136560670015,43.82020526937784,43.851505279541016,2960800,0.0,0.0,-,35.04130007743836,42.064800033569334,42.62073459625244,43.25277442932129,2561328.0
02/23/2015,43.87833588260218,44.20475322069952,43.69053580879327,44.19580841064453,2562600,0.0,0.0,-,34.9752250289917,41.98637062072754,42.557240104675294,43.09850730895996,2539444.0
02/20/2015,43.43118276363026,43.8202000534494,43.14948270569251,43.784427642822266,2062200,0.0,0.0,-,34.90461106300354,41.90606330871582,42.46400947570801,42.9259090423584,2527056.0
02/19/2015,43.22549786004231,43.52061513969996,42.94379779336952,43.337284088134766,1648800,0.0,0.0,-,34.83576558113098,41.83711364746094,42.38218193054199,42.79221305847168,2514644.0
02/18/2015,43.3238731203157,43.46248696055439,42.88120058331992,43.238914489746094,1469200,0.0,0.0,-,34.77008759498596,41.779611053466795,42.27598552703857,42.69473724365234,2519912.0
02/17/2015,42.800719509733504,43.49379220580439,42.76494709135104,43.30599212646485,2290800,0.0,0.0,-,34.70558919906616,41.72728805541992,42.166659355163574,42.60038795471191,2534508.0
02/13/2015,42.77387580880403,43.06004822530558,42.47875858534939,43.00638961791992,1492400,0.0,0.0,-,34.64108812332153,41.67183883666992,42.078348541259764,42.37681541442871,2535336.0
02/12/2015,42.4832331880931,42.809647018448416,42.23730215581624,42.77834701538086,1652600,0.0,0.0,-,34.57708683013916,41.61729545593262,41.9656681060791,42.17694206237793,2554664.0
02/11/2015,42.782826000797314,43.00192605597656,42.33568108164661,42.39828109741211,1469800,0.0,0.0,-,34.51529052734375,41.5662419128418,41.897701835632326,42.08572502136231,2576960.0
02/10/2015,42.64868073110584,42.79176696733573,42.40275307491584,42.63079452514648,1399200,0.0,0.0,-,34.45475125312805,41.53456840515137,41.89859600067139,42.033856582641604,2587252.0
02/09/2015,42.25517548211652,42.56817541740668,42.0405445183151,42.30883407592773,1374600,0.0,0.0,-,34.39194018363953,41.48298614501953,41.90955104827881,41.988694763183595,2606248.0
02/06/2015,42.653153386763776,42.76493961608467,42.308853301491226,42.469825744628906,1616200,0.0,0.0,-,34.33220309257507,41.433559799194335,41.9225191116333,42.01597290039062,2666104.0
02/05/2015,42.19706773798767,42.85436791115211,42.15682292084575,42.44746780395508,2042000,0.0,0.0,-,34.27188284873962,41.378683166503905,41.966339683532716,42.002109909057616,2742312.0
02/04/2015,41.96456707271905,42.64422953707269,41.9332670520874,42.362525939941406,3307400,0.0,0.0,-,34.212872400283814,41.326573333740235,41.98288364410401,41.972150802612305,2953356.0
02/03/2015,41.3072320810163,42.30883880887812,41.11049070458659,42.2954216003418,2720600,0.0,0.0,-,34.15419792175293,41.22182029724121,41.962760543823244,41.8572338104248,2981724.0
02/02/2015,41.14181155965632,41.20441158545411,39.99711806339909,41.07026672363281,2565800,0.0,0.0,-,34.09577017784119,41.10904022216797,41.941969299316405,41.732930755615236,2995432.0
01/30/2015,41.77674582862839,41.99584586228361,40.81538366460804,41.00765609741211,6169400,0.0,0.0,-,34.0443556022644,41.01291069030762,41.9840009689331,41.77988166809082,3012452.0
01/29/2015,41.83040760519961,42.30438011711884,41.51293171771022,41.86617660522461,2899200,0.0,0.0,-,33.992699460983275,40.918568801879886,42.0410120010376,41.754394149780275,2941176.0
01/28/2015,42.42958307589482,42.92144182751549,41.86171050323495,41.87959671020508,2098400,0.0,0.0,-,33.937039108276366,40.80741317749023,42.047719192504886,41.709678649902344,2958152.0
01/27/2015,41.48162801482903,42.35803496053611,41.13732796657917,42.179176330566406,2930600,0.0,0.0,-,33.880823602676394,40.7065185546875,42.057555961608884,41.763335418701175,2968336.0
01/26/2015,42.31779815132565,42.64868446190646,42.05398426609852,42.58161544799805,1808400,0.0,0.0,-,33.82490710258484,40.601684951782225,42.03698787689209,41.830407333374026,2978528.0
01/23/2015,42.25518203685738,42.55476822302823,42.03608204816688,42.33119583129883,2115800,0.0,0.0,-,33.77048349380493,40.481128463745115,41.98087100982666,41.82906532287598,2993260.0
01/22/2015,41.21781458369457,42.38039057273147,40.922697329633806,42.14787673950195,3201000,0.0,0.0,-,33.7177779006958,40.36897102355957,41.95068912506103,41.93056945800781,3008424.0
01/21/2015,41.01661452741017,41.293842258794896,40.748324784018,41.213356018066406,2511000,0.0,0.0,-,33.664036741256716,40.25244918823242,41.92609615325928,41.9936164855957,2992464.0
01/20/2015,41.6426224551626,41.718639715811605,40.71703222305612,41.052391052246094,2866600,0.0,0.0,-,33.618539838790895,40.158811721801754,41.90038566589355,42.06828727722168,2992192.0
01/16/2015,40.60524091946207,41.593431071090485,40.131268257884045,41.53977584838867,4099200,0.0,0.0,-,33.57615490913391,40.05848899841308,41.92050666809082,42.15100784301758,2966180.0
01/15/2015,41.14179815770954,41.951129235773806,40.71700850794775,40.75278091430664,3435000,0.0,0.0,-,33.5315105342865,39.94547409057617,41.87288475036621,42.18812026977539,2966256.0
01/14/2015,41.05236300680955,41.732025013391606,40.85562161454135,41.41902160644531,4475600,0.0,0.0,-,33.48947003364563,39.855337371826174,41.84672737121582,42.32762985229492,2936548.0
01/13/2015,43.292567970324775,43.72182665393334,42.228364363760505,42.41616439819336,3035000,0.0,0.0,-,33.441147832870485,39.74723587036133,41.833760261535645,42.38575973510742,2891660.0
01/12/2015,42.68445064045454,42.97509550022504,42.335678173307855,42.84989547729492,2091800,0.0,0.0,-,33.389015684127806,39.62017295837402,41.73807144165039,42.3517765045166,2864692.0
01/09/2015,43.38199896714617,43.38647137158477,42.37592288949816,42.56819534301758,3018400,0.0,0.0,-,33.33318420410156,39.47765396118164,41.626061820983885,42.243568420410156,2863500.0
01/08/2015,42.88567838066962,43.355178581538,42.72470590853029,43.34623718261719,3318200,0.0,0.0,-,33.278317546844484,39.34299980163574,41.494153785705564,42.132676696777345,2857852.0
01/07/2015,42.14787455032164,42.791760815060606,42.07185733306231,42.77834701538086,2605400,0.0,0.0,-,33.220581178665164,39.19546157836914,41.33586406707764,41.970808792114255,2858884.0
01/06/2015,41.97348114315254,42.51005350711487,41.530805360867525,41.96006393432617,3519400,0.0,0.0,-,33.16927815437317,39.05821022033692,41.2137939453125,41.85857582092285,2863120.0
01/05/2015,41.91536571270019,42.138938182659146,41.588951816969406,41.87959671020508,3050400,0.0,0.0,-,33.121356611251834,38.933577117919924,41.13889846801758,41.73248405456543,2859116.0
01/02/2015,42.40722790096813,42.62185899055813,41.64261040111794,41.9109001159668,1815200,0.0,0.0,-,33.0733936214447,38.80439628601074,41.07605686187744,41.690005493164065,2865572.0
12/31/2014,42.21494915282892,43.01086648198238,42.13893193162121,42.14787673950195,2512200,0.0,0.0,-,33.02503016471863,38.676284637451175,41.007188415527345,41.55764923095703,2901284.0
12/30/2014,41.79016178653417,42.17023426780738,41.62918935022754,42.00032043457031,1641400,0.0,0.0,-,32.9767906665802,38.53290412902832,40.91375560760498,41.36582489013672,2899448.0
12/29/2014,41.60235961602982,42.34014934271883,41.59788721207138,42.07633209228516,1705200,0.0,0.0,-,32.9311524105072,38.381677780151364,40.825023078918456,41.28176078796387,2943428.0
12/26/2014,41.66944219381721,41.9779699133141,41.562124941305214,41.76781463623047,1008600,0.0,0.0,-,32.88198395729065,38.224737091064455,40.76193675994873,41.12436637878418,2981084.0
12/24/2014,41.8706506200823,41.93772304130713,41.42350569384354,41.45927810668945,1015600,0.0,0.0,-,32.83353728294372,38.07164710998535,40.67613010406494,41.008555221557614,3065492.0
12/23/2014,42.25518920645058,42.29096161394347,41.69178572849344,41.72755813598633,1837600,0.0,0.0,-,32.78681077003479,37.937041397094724,40.595042037963864,40.85563087463379,3120772.0
12/22/2014,40.92269658558831,41.69625870386452,40.59628274421368,41.6560173034668,2207200,0.0,0.0,-,32.73845446586609,37.788415069580076,40.494963836669925,40.70091934204102,3158024.0
12/19/2014,41.41458117344087,41.71416757736015,40.56053237879304,40.69914627075195,4843200,0.0,0.0,-,32.690699892044066,37.64710861206055,40.40426177978516,40.56901206970215,3219572.0
12/18/2014,41.19099719287753,41.454811096191406,40.61417975360246,41.454811096191406,2847800,0.0,0.0,-,32.647041969299316,37.512804107666014,40.22554817199707,40.54531288146973,3226264.0
12/17/2014,40.28327885224366,40.64099610528624,39.86296500307987,40.58733749389648,3575400,0.0,0.0,-,32.59894011497497,37.36579574584961,39.98562850952148,40.46210823059082,3242852.0
12/16/2014,41.09709566119417,41.47269579695584,40.22516092641251,40.22963333129883,3211000,0.0,0.0,-,32.555175666809085,37.224179611206054,39.76945114135742,40.45672760009766,3246072.0
12/15/2014,40.88244841405466,41.30276560963167,40.56497602153476,41.1596794128418,2865800,0.0,0.0,-,32.51430591583252,37.09587478637695,39.57249755859375,40.461686325073245,3241464.0
12/12/2014,40.25198452347696,41.06131915501662,40.25198452347696,40.50238800048828,2638600,0.0,0.0,-,32.46843197822571,36.95949821472168,39.32993335723877,40.36828536987305,3257428.0
12/11/2014,40.70360309141249,41.173106640095845,39.93004426039112,40.60970306396485,2457800,0.0,0.0,-,32.426972742080686,36.82591651916504,39.14655723571777,40.39950714111328,3266124.0
12/10/2014,40.12677604264176,40.63205188328244,39.804831219582574,39.93003463745117,1866600,0.0,0.0,-,32.38389285087585,36.68287147521973,38.96294689178467,40.34370498657226,3267120.0
12/09/2014,39.9702841516917,40.32352904809318,39.76907030213979,40.180442810058594,1943200,0.0,0.0,-,32.34283975601196,36.558684768676756,38.79413471221924,40.33445320129395,3290388.0
12/08/2014,40.3324721754788,40.73490330328946,40.23410315440967,40.336944580078125,1441600,0.1,0.0,-,32.29688442230225,36.4284188079834,38.62127876281738,40.28900833129883,3292476.0
12/05/2014,40.77446427737611,40.96631275313654,40.279227593527615,40.46215438842773,1912200,0.0,0.0,-,32.248443040847775,36.29993064880371,38.4205207824707,40.239511489868164,3320624.0
12/04/2014,40.49337811264406,40.78784118312143,40.36399163788577,40.62276458740234,2199000,0.0,0.0,-,32.195349311828615,36.158408584594724,38.22398719787598,39.90578346252441,3343728.0
12/03/2014,39.91783319610207,40.63168668143325,39.83752446625719,40.53353118896485,2332200,0.0,0.0,-,32.14189494132996,36.02161613464355,37.99466171264648,39.50914878845215,3352756.0
12/02/2014,40.35952931050601,40.59599295724549,39.84644595034044,40.27922058105469,2458800,0.0,0.0,-,32.08921867370606,35.872777481079105,37.76243667602539,39.082174682617186,3355364.0
12/01/2014,40.711981207962594,40.75659639699539,40.14089861893301,40.22566986083984,2767400,0.0,0.0,-,32.038964347839354,35.73277290344238,37.56077289581299,38.68330879211426,3351676.0
11/28/2014,40.22121373278632,41.04214423440808,39.9312098519599,40.81460571289063,1984400,0.0,0.0,-,31.99141119003296,35.60195938110351,37.35018672943115,38.291581344604495,3374136.0
11/26/2014,39.95798856138628,40.15429955959941,39.84644884038739,40.05168151855469,2349000,0.0,0.0,-,31.941267366409303,35.460883941650394,37.112607383728026,37.89360733032227,3364340.0
11/25/2014,39.88659452143885,40.23013527491376,39.68136189672482,39.83751678466797,4367400,0.0,0.0,-,31.894008979797363,35.33346092224121,36.89622058868408,37.58218879699707,3350292.0
11/24/2014,40.0472291051526,40.26584604192174,39.33783459044071,39.72599411010742,5426600,0.0,0.0,-,31.848640003204345,35.210321197509764,36.696119117736814,37.25381622314453,3304928.0
11/21/2014,39.83751362534951,39.95797498537494,39.114735253433935,39.84197616577149,12594200,0.0,0.0,-,31.802943735122682,35.08459320068359,36.508285713195804,36.953549194335935,3232844.0
11/20/2014,36.74563980785313,37.2721073390068,36.607331666219046,37.12487411499024,4725800,0.0,0.0,-,31.7571763420105,34.95841957092285,36.3119758605957,36.60153007507324,3026780.0
11/19/2014,36.24594906062647,36.72333896034705,36.24594906062647,36.65641784667969,3406000,0.0,0.0,-,31.724883832931518,34.88944328308106,36.24215259552002,36.54219093322754,2971788.0
11/18/2014,35.692707357522366,36.39317660325687,35.456243715906275,36.263790130615234,3416800,0.0,0.0,-,31.688252630233766,34.82823036193847,36.18035945892334,36.48017463684082,2951460.0
11/17/2014,36.29948675982441,36.55379718534257,36.13440674876374,36.29056167602539,2605600,0.0,0.0,-,31.652456245422364,34.77674354553223,36.14243583679199,36.4426986694336,2945084.0
11/14/2014,36.50470631167551,36.50470631167551,36.07193180891572,36.30839538574219,3748000,0.0,0.0,-,31.616857891082763,34.73141380310059,36.07685031890869,36.438236999511716,2958604.0
11/13/2014,37.026713970075846,37.075791705235055,36.54486510366361,36.83486557006836,2607600,0.0,0.0,-,31.58555058479309,34.69090278625488,35.98338069915771,36.408792114257814,2957588.0
11/12/2014,36.45564375054548,37.04457336949691,36.40210345648723,36.937496185302734,3440200,0.0,0.0,-,31.551721601486207,34.640130310058595,35.85310230255127,36.33160743713379,2971608.0
11/11/2014,36.759023688063714,36.91071945187071,36.44225134484273,36.55379104614258,2545000,0.0,0.0,-,31.51671576499939,34.58052322387695,35.711893272399905,36.210252380371095,2994624.0
11/10/2014,36.2771650939049,36.75455479683281,36.25039665947261,36.72332382202149,2874000,0.0,0.0,-,31.483871812820436,34.523771591186524,35.620653343200686,36.1384220123291,3021504.0
11/07/2014,36.57609532099923,36.57609532099923,36.21024528717456,36.32178497314453,2403000,0.0,0.0,-,31.451308393478392,34.460514602661135,35.49929924011231,36.063022232055665,3042144.0
11/06/2014,35.536550441201015,36.5894855212308,35.536550441201015,36.5314826965332,2497400,0.0,0.0,-,31.419757232666015,34.403597564697264,35.41274471282959,36.02242164611816,3039504.0
11/05/2014,35.996102213436046,36.17902560268844,35.74625430463377,36.0362548828125,1566000,0.0,0.0,-,31.38861762046814,34.34177459716797,35.2853666305542,35.9421142578125,3051736.0
11/04/2014,36.20134038981591,36.24595560829448,35.786412390511586,35.88903045654297,4103000,0.0,0.0,-,31.361657581329347,34.282736434936524,35.18877353668213,35.88054428100586,3093632.0
11/03/2014,36.02286554592342,36.32625370808148,35.90240415097216,36.24594497680664,1949600,0.0,0.0,-,31.33799994468689,34.22192611694336,35.069648551940915,35.84217300415039,3100736.0
10/31/2014,36.58056683187837,36.58502937392464,35.79978876597144,36.013946533203125,2231200,0.0,0.0,-,31.31470356941223,34.158872299194336,34.94807090759277,35.715463638305664,3295904.0
10/30/2014,35.63916587087825,36.16117428538329,35.4874735035997,36.063018798828125,1686600,0.0,0.0,-,31.29409366607666,34.05489200592041,34.86441612243652,35.55796928405762,3348044.0
10/29/2014,35.82656366995872,36.00056538145902,35.53209714039052,35.72394561767578,2032200,0.0,0.0,-,31.274764823913575,33.9554483795166,34.75243034362793,35.37459716796875,3406876.0
10/28/2014,35.90241189019846,35.96487387199648,35.42055939867994,35.835487365722656,2736000,0.0,0.0,-,31.25808267593384,33.85780227661133,34.6391056060791,35.21353416442871,3490632.0
10/27/2014,35.91132319300737,36.02732544164512,35.71501562291472,35.96932601928711,3369800,0.0,0.0,-,31.24104190826416,33.73398548126221,34.533366203308105,35.102884674072264,3492152.0
10/24/2014,35.826548725987,35.92916333154481,35.50531388369609,35.91577911376953,2817200,0.0,0.0,-,31.226340656280517,33.59796928405762,34.41825714111328,34.93557624816894,3475552.0
10/23/2014,35.42948313993748,36.18795197809509,35.42948313993748,35.72840881347656,3319200,0.0,0.0,-,31.21190713882446,33.46791873931885,34.31809501647949,34.80306777954102,3454356.0
10/22/2014,35.57671005035502,35.853329796235336,35.37593990513245,35.420555114746094,3373200,0.0,0.0,-,31.19630880355835,33.33538578033447,34.200977134704594,34.628619003295896,3444408.0
10/21/2014,34.35868972212715,35.7730122839397,34.35868972212715,35.50531768798828,3600800,0.0,0.0,-,31.1824045753479,33.21443870544434,34.119106483459475,34.4970027923584,3420236.0
10/20/2014,34.148995661021544,35.01454484003277,34.12668635899528,34.978851318359375,2420400,0.0,0.0,-,31.168983573913575,33.09455551147461,33.998420524597165,34.29712409973145,3395780.0
10/17/2014,34.38100016125796,34.59069536702927,33.9125354074388,34.439002990722656,3840400,0.0,0.0,-,31.158526840209962,32.9890283203125,33.91342754364014,34.18067817687988,3427928.0
10/16/2014,33.54221279876378,34.327453101238966,33.54221279876378,34.22929763793945,3588000,0.0,0.0,-,31.150636501312256,32.87551998138428,33.87572708129883,34.17086296081543,3416216.0
10/15/2014,34.31854830689048,34.63532077774787,33.74746535075755,34.11331558227539,5229000,0.0,0.0,-,31.145254878997804,32.76887557983398,33.85230388641357,34.13026351928711,3413264.0
10/14/2014,34.55945337723446,34.849457220434175,34.32745234502719,34.7289924621582,3779600,0.0,0.0,-,31.13916997909546,32.662058906555174,33.83066463470459,34.06467704772949,3369264.0
10/13/2014,34.43454995375911,34.934249233015784,34.19808624076395,34.296241760253906,3700200,0.0,0.0,-,31.12867937088013,32.54497562408447,33.77824153900146,33.96384773254395,3363336.0
10/10/2014,34.05530517940411,34.907466796398744,33.98391813090098,34.590694427490234,5284600,0.0,0.0,-,31.122011699676513,32.434767456054686,33.73540916442871,33.90093803405762,3345176.0
10/09/2014,34.14900106193227,34.314081072839144,33.7876134586174,33.98392105102539,5177800,0.0,0.0,-,31.112743434906005,32.31608932495117,33.68253917694092,33.83312225341797,3314628.0
10/08/2014,33.5734627379345,34.21593274868649,33.5110007539917,34.104393005371094,3677200,0.0,0.0,-,31.10642053604126,32.21283950805664,33.66714611053467,33.77333526611328,3274092.0
10/07/2014,33.64484232734682,33.76530372561946,33.35037583657938,33.50653076171875,3736400,0.0,0.0,-,31.09965015411377,32.09917064666748,33.64171504974365,33.74121017456055,3245752.0
10/06/2014,34.40778439558628,34.44347452973558,33.69838979306989,33.81439208984375,2980600,0.0,0.0,-,31.094320526123045,31.998170890808105,33.650860977172854,33.69971694946289,3224084.0
10/03/2014,33.921460377846216,34.510389985443965,33.82330487592621,34.340850830078125,3664000,0.0,0.0,-,31.08756223678589,31.88665313720703,33.66134510040283,33.64617691040039,3210012.0
10/02/2014,33.47083730295476,33.894690276534966,33.33699168281528,33.82330322265625,3073400,0.0,0.0,-,31.075074491500853,31.766119079589842,33.658444786071776,33.58059120178223,3190540.0
10/01/2014,33.65822438950184,33.70283959326181,33.37268300073184,33.45745086669922,2507600,0.0,0.0,-,31.066590356826783,31.650329360961916,33.68209171295166,33.57434425354004,3186480.0
09/30/2014,33.716236767035774,33.79208298295835,33.4128484994223,33.720699310302734,3030000,0.0,0.0,-,31.05801079750061,31.538296737670898,33.70707626342774,33.59665222167969,3209260.0
09/29/2014,33.622529573344515,33.90807095114569,33.466374664222265,33.667144775390625,2047600,0.0,0.0,-,31.045637331008912,31.42260112762451,33.70685176849365,33.59263534545899,3233044.0
09/26/2014,33.32360704955751,33.95715182725579,33.27898843947343,33.91253662109375,2849000,0.0,0.0,-,31.03302275657654,31.312693519592287,33.70151824951172,33.5698802947998,3280896.0
09/25/2014,33.510975050043655,33.68943918324538,33.13174089444013,33.38605117797852,3067400,0.0,0.0,-,31.021570405960084,31.18791046142578,33.67968807220459,33.531956100463866,3400772.0
09/24/2014,33.08713550859488,33.87683502163331,33.02467015014728,33.78314208984375,2650400,0.0,0.0,-,31.013657550811768,31.073301086425783,33.68240222930908,33.560956954956055,3571088.0
09/23/2014,33.31467791837117,33.38160242144419,33.06036752983099,33.09159851074219,2462600,0.0,0.0,-,31.003958349227904,30.978516502380373,33.64746246337891,33.542219924926755,3597616.0
09/22/2014,33.55114890856421,33.7831534496074,33.27007001868126,33.27899169921875,2274400,0.0,0.0,-,30.99795965194702,30.895693969726562,33.635308265686035,33.60200500488281,3625436.0
09/19/2014,33.90807317266401,33.9883819031772,33.48868275732604,33.684993743896484,3890400,0.0,0.0,-,30.99197296142578,30.81570941925049,33.62602138519287,33.676513290405275,3638124.0
09/18/2014,33.725140221237304,33.86345175637062,33.63590982766595,33.760833740234375,1494600,0.0,0.0,-,30.985214290618895,30.73472427368164,33.48251829147339,33.736298370361325,3613668.0
09/17/2014,33.742992514623744,33.818842105912275,33.475297886086146,33.6805305480957,1646600,0.0,0.0,-,30.981254558563233,30.662546119689942,33.34901847839355,33.78983917236328,3639120.0
09/16/2014,33.43514522357035,33.800995343486846,33.35037395303005,33.6805305480957,2099200,0.0,0.0,-,30.981602821350098,30.58458740234375,33.20707397460937,33.817500305175784,3690676.0
09/15/2014,33.66267362590602,33.796522601738666,33.41282583520064,33.43959426879883,1822400,0.0,0.0,-,30.98243663787842,30.503869743347167,33.00527982711792,33.82106819152832,3687708.0
09/12/2014,33.59129409223358,33.75637406200694,33.31467443032395,33.533294677734375,2291000,0.0,0.0,-,30.984497261047363,30.43277671813965,32.79172592163086,33.833156204223634,3672016.0
09/11/2014,33.51544232073693,33.69836561524934,33.49313302446729,33.67605972290039,1976200,0.0,0.0,-,30.983485069274902,30.358118629455568,32.58572378158569,33.82742004394531,3674364.0
09/10/2014,33.725154895348574,33.992853000383086,33.49315372876451,33.59577178955078,2389600,0.0,0.0,-,30.982112102508545,30.276600227355956,32.35700883865356,33.80384750366211,3686712.0
09/09/2014,34.10437709805806,34.10437709805806,33.53775356010941,33.689449310302734,3098000,0.0,0.0,-,30.991270980834962,30.19321704864502,32.14588031768798,33.75270500183105,3688100.0
09/08/2014,33.751917386026534,34.28730663974253,33.667146116018124,34.02407455444336,3281600,0.0,0.0,-,31.002300968170164,30.105023345947266,31.93696575164795,33.66861152648926,3685508.0
09/05/2014,34.18469245534104,34.28284454345703,33.774223724644195,34.28284454345703,3697200,0.0,0.0,-,31.010841178894044,30.012005882263182,31.72088661193847,33.57552947998047,3697096.0
09/04/2014,33.95715998490392,34.36762542647752,33.9393132173673,34.296241760253906,3308600,0.0,0.0,-,31.017910995483398,29.916661033630373,31.444923686981195,33.22873821258545,3679312.0
09/03/2014,33.854523868590064,34.135606052492534,33.66713801526911,33.9571418762207,4591000,0.1,0.0,-,31.026613235473633,29.82487495422363,31.17496547698974,32.90819778442383,3669220.0
09/02/2014,33.564917498787764,33.854155832367816,33.50707119004602,33.716209411621094,3889000,0.0,0.0,-,31.035797119140625,29.750728607177734,30.915732479095453,32.59664764404297,3636612.0
08/29/2014,33.204491545834614,33.66727230616995,33.204491545834614,33.56047439575195,3906000,0.0,0.0,-,31.043912410736084,29.681044921875,30.67366342544555,32.18949146270752,3656556.0
08/28/2014,33.33353924416647,33.56492794609035,32.968651445660385,33.47593307495117,2271000,0.0,0.0,-,31.0499592590332,29.613497009277342,30.434931373596186,31.750295639038086,3631044.0
08/27/2014,33.21339298150268,33.609425935996384,33.08434803976677,33.44033432006836,3109000,0.0,0.0,-,31.055832939147948,29.55030963897705,30.19397411346435,31.344027519226074,3643568.0
08/26/2014,32.84850731243117,33.31573886304522,32.84850731243117,33.084346771240234,3660800,0.0,0.0,-,31.060979709625244,29.47991352081299,29.963028907775872,30.91017017364502,3626044.0
08/25/2014,33.08435406770618,33.15110193179123,32.71057146072976,32.848514556884766,4458200,0.0,0.0,-,31.065324172973632,29.414056396484376,29.72985906600952,30.539055633544923,3606848.0
08/22/2014,32.14989269401123,33.12440263852103,32.12319490756567,33.09325408935547,11708000,0.0,0.0,-,31.072657585144043,29.354428939819336,29.510260486602782,30.205319976806642,3573364.0
08/21/2014,31.12641718746995,31.215415417556088,30.66808733606622,30.81493186950684,4838200,0.0,0.0,-,31.078414192199705,29.286880683898925,29.26752300262451,29.866243743896483,3407700.0
08/20/2014,30.739301925365695,31.144233049555847,30.561308767451923,31.09083747863769,4628200,0.0,0.0,-,31.095076818466186,29.27041664123535,29.14248380661011,29.661109161376952,3373712.0
08/19/2014,29.969477880883243,30.90393755788299,29.969477880883243,30.84164047241211,6220000,0.0,0.0,-,31.110955753326415,29.25092643737793,28.98963279724121,29.441733169555665,3346524.0
08/18/2014,29.43105513690917,29.69804316740321,29.2931120567236,29.6446475982666,2812000,0.0,0.0,-,31.127462768554686,29.245675621032714,28.840341758728027,29.23481731414795,3276860.0
08/15/2014,29.59569766179548,29.622395444798844,28.999421146871494,29.168516159057617,2539800,0.0,0.0,-,31.149535398483277,29.267568702697755,28.75490531921387,29.157835388183592,3263052.0
08/14/2014,29.164063531572964,29.43995305306341,29.09286492153546,29.41325187683105,1757400,0.0,0.0,-,31.1731058883667,29.293822555541993,28.705067729949953,29.119567108154296,3270336.0
08/13/2014,29.25750355017651,29.30200097544815,28.83477291769206,29.10176086425781,2821800,0.0,0.0,-,31.194062242507936,29.314471893310547,28.618074321746825,29.043920707702636,3275016.0
08/12/2014,29.58679038259472,29.649087460776407,29.288653880591475,29.373201370239254,2164600,0.0,0.0,-,31.216002283096312,29.33780143737793,28.54576539993286,29.015887641906737,3257092.0
08/11/2014,29.62685407145631,29.70250007333744,29.471111304366424,29.511157989501957,2378000,0.0,0.0,-,31.23532705307007,29.356855583190917,28.529300975799565,28.920662498474123,3281820.0
08/08/2014,28.89707696519457,29.880484899227795,28.89707696519457,29.702491760253903,4027800,0.0,0.0,-,31.254800701141356,29.3740380859375,28.50126667022705,28.815200996398925,3306980.0
08/07/2014,29.030574099692004,29.12401974932831,28.696838181732076,28.763586044311523,3254800,0.0,0.0,-,31.27117685317993,29.381271209716797,28.480130290985112,28.66880226135254,3312088.0
08/06/2014,28.54999279949158,29.15961481474313,28.54999279949158,28.897077560424805,3440400,0.0,0.0,-,31.291784048080444,29.404797744750976,28.523737812042242,28.62385845184326,3350492.0
08/05/2014,28.799179700147715,29.061716941137536,28.61228843758513,28.77248191833496,3029000,0.0,0.0,-,31.31128242492676,29.432930946350098,28.58648023605347,28.53753242492676,3399964.0
08/04/2014,28.74133262738789,28.94157619424062,28.63898885771964,28.874828338623047,3483200,0.0,0.0,-,31.330123643875122,29.468436317443846,28.63698587417603,28.445866203308107,3541876.0
08/01/2014,28.696835086611923,28.892627890410967,28.590040554965604,28.78583335876465,2792200,0.0,0.0,-,31.348762140274047,29.49523956298828,28.675476837158207,28.35197525024414,3556052.0
07/31/2014,28.61673780186343,28.870376931596955,28.61673780186343,28.656787872314453,3757200,0.0,0.0,-,31.36482192993164,29.523645515441896,28.730432319641118,28.290568351745605,3596932.0
07/30/2014,28.45654746346389,28.861480278799128,28.45654746346389,28.821430206298828,3151000,0.0,0.0,-,31.38260845184326,29.54602470397949,28.78761243820191,28.192227935791017,3643964.0
07/29/2014,28.536644305778307,28.64788961034698,28.358652836949613,28.42094993591309,2260200,0.0,0.0,-,31.399064121246337,29.583745880126955,28.826547908782963,28.075643157958986,3628924.0
07/28/2014,28.21625275651323,28.57223731308533,28.189553278219726,28.45654296875,2653000,0.0,0.0,-,31.416661415100098,29.632316093444825,28.8768310546875,28.137939453125,3642036.0
07/25/2014,28.19400697214145,28.36754935542676,28.189556209895528,28.23850440979004,2277000,0.0,0.0,-,31.43167508125305,29.670324630737305,28.917992115020752,28.187332344055175,3669408.0
07/24/2014,28.02490955440477,28.47879048139824,28.01156066455644,28.31414794921875,2690400,0.0,0.0,-,31.44817617416382,29.717929649353028,28.974726963043214,28.291458320617675,3683388.0
07/23/2014,27.83802616253651,28.07831473495684,27.81577574321931,28.03381729125977,2870400,0.0,0.0,-,31.46641785621643,29.76526424407959,29.034799671173097,28.42361717224121,3692612.0
07/22/2014,28.03381284363507,28.145058132697116,27.846921572795665,27.85581970214844,3646600,0.0,0.0,-,31.48842272758484,29.822730903625487,29.118455696105958,28.635428047180177,3690004.0
07/21/2014,28.033815213824784,28.176209060065776,27.864721884862902,27.9359188079834,4219200,0.0,0.0,-,31.510611333847045,29.879232063293458,29.238155937194826,28.828105545043947,3684968.0
07/18/2014,27.695634558130287,28.287458755281897,27.624437623943574,28.171764373779297,4440200,0.0,0.0,-,31.534275398254394,29.933243598937988,29.35296125411987,28.998978424072266,3682548.0
07/17/2014,27.54878950421905,27.82912817092421,27.51319188640582,27.673383712768555,8842800,0.0,0.0,-,31.556164321899413,29.971268615722657,29.453526973724358,29.170296287536623,3654332.0
07/16/2014,28.73243612377378,28.96382485541536,27.642231837618308,27.65558242797852,11583200,0.0,0.0,-,31.57847062110901,30.018107566833496,29.585686016082757,29.38299694061279,3599556.0
07/15/2014,28.905969842526165,29.164059677399397,28.879272064758634,29.04391288757324,3976800,0.0,0.0,-,31.600314111709594,30.069029655456543,29.698933315277095,29.577452659606934,3400336.0
07/14/2014,29.39545301799076,29.51559982693883,28.91042520502685,28.95047187805176,3853600,0.0,0.0,-,31.614796590805053,30.0949361038208,29.73631219863891,29.61572265625,3361844.0
07/11/2014,29.48000435646524,29.65799751458604,29.181867768701743,29.27976417541504,2908800,0.0,0.0,-,31.628377962112427,30.124042205810547,29.782145690917964,29.64865188598633,3331536.0
07/10/2014,29.733632837048905,29.831529208643712,29.564541264708,29.6357364654541,2667600,0.0,0.0,-,31.640025911331175,30.142569541931152,29.80394954681396,29.65799560546875,3335860.0
07/09/2014,29.93833357811632,30.16527493300704,29.791488972308382,30.15192604064941,2767200,0.0,0.0,-,31.650026426315307,30.158236541748046,29.82174921035766,29.64598217010498,3333796.0
07/08/2014,29.65800047614112,29.853789914181515,29.497806957329693,29.782594680786133,4224400,0.0,0.0,-,31.65724736213684,30.16100654602051,29.81996927261352,29.60148334503174,3368888.0
07/07/2014,29.83598964252578,29.924984521044795,29.595699396600047,29.6446475982666,1950800,0.0,0.0,-,31.6679923248291,30.166726264953613,29.859794521331782,29.648206329345705,3366304.0
07/03/2014,29.840442166536437,30.01843534926935,29.840442166536437,29.88494300842285,1037800,0.0,0.0,-,31.67916214942932,30.181061630249022,29.91452722549438,29.706944084167482,3384180.0
07/02/2014,29.6935957106412,29.91608630120668,29.591248545208806,29.800390243530277,2408400,0.0,0.0,-,31.686813068389892,30.191478309631346,29.944340515136712,29.736757659912108,3428160.0
07/01/2014,29.609041140584992,29.631288157375305,29.364300191338263,29.60013961791992,2593600,0.0,0.0,-,31.69426886558533,30.2083780670166,29.97660694122314,29.788375091552734,3424140.0
06/30/2014,29.4088131941836,29.64020537690965,29.319818290020027,29.426612854003903,2459000,0.0,0.0,-,31.701092643737795,30.228927879333497,30.010011863708492,29.820413970947264,3417352.0
06/27/2014,29.364308294446158,29.444405045853657,29.19076589888608,29.27976417541504,2968400,0.0,0.0,-,31.70926959991455,30.25259307861328,30.05497665405273,29.856901741027833,3413096.0
06/26/2014,29.479995876416982,29.53784219331823,29.124009662576363,29.373201370239254,3861000,0.0,0.0,-,31.718820848464965,30.28274482727051,30.10950260162353,29.91563949584961,3386788.0
06/25/2014,29.7870408997869,29.844887230279795,29.444403494344897,29.515602111816406,2808000,0.0,0.0,-,31.726161308288575,30.30880935668945,30.14404993057251,29.94990348815918,3367324.0
06/24/2014,30.12521769569492,30.14746810762337,29.684687377988546,29.706937789916992,2804000,0.0,0.0,-,31.73106833457947,30.33317943572998,30.165265464782713,29.997516250610353,3368376.0
06/23/2014,30.169727769337065,30.27207154773877,30.00508349742213,30.24982452392578,2960600,0.0,0.0,-,31.73429036140442,30.35177059173584,30.195105457305907,30.038455200195312,3379364.0
06/20/2014,30.31656926965237,30.51236209265941,30.20087659690937,30.23202514648437,4886200,0.0,0.0,-,31.73656358718872,30.36669162750244,30.210001754760743,30.07138271331787,3394396.0
06/19/2014,30.347719654319544,30.4411687036326,30.10298200569902,30.18307876586914,2630400,0.0,0.0,-,31.737888498306276,30.395988998413085,30.20915002822876,30.12211036682129,3342256.0
06/18/2014,29.996180983338736,30.39221393566984,29.95168015234146,30.316564559936523,2897200,0.0,0.0,-,31.737008304595946,30.428128967285158,30.21030263900757,30.151923370361327,3338508.0
06/17/2014,29.795934246228683,29.996177779518614,29.702488622001272,29.920528411865234,2232800,0.0,0.0,-,31.73350135803223,30.44979057312012,30.183261775970458,30.164838790893555,3333256.0
06/16/2014,29.77369429401209,29.87158730814703,29.66244899187324,29.79149055480957,2701000,0.0,0.0,-,31.733141384124757,30.49365951538086,30.22260980606079,30.199609756469727,3334944.0
06/13/2014,29.706948207393545,29.902737642290223,29.5957028986128,29.86714172363281,2784000,0.0,0.0,-,31.733382511138917,30.54933780670166,30.275508308410643,30.253051567077637,3319704.0
06/12/2014,29.91608485210652,29.91608485210652,29.60459600344081,29.71584129333496,3424800,0.0,0.0,-,31.73315733909607,30.604212989807127,30.299999713897705,30.30336570739746,3338868.0
06/11/2014,30.102975022149124,30.11632391325777,29.755890273577485,29.991729736328125,3138800,0.0,0.0,-,31.7366166973114,30.656789779663086,30.345145416259765,30.33819637298584,3333248.0
06/10/2014,30.547959586277308,30.57020660897077,30.107429155676638,30.1163272857666,3268800,0.0,0.0,-,31.74045781135559,30.692046813964843,30.3796028137207,30.333014678955077,3334184.0
06/09/2014,30.75709276203127,31.104177453232204,30.547951116067598,30.579099655151367,2736800,0.0,0.0,-,31.740725889205933,30.729514961242675,30.419143962860108,30.351755714416505,3327828.0
06/06/2014,30.645856038215957,30.788249884429977,30.503462192001933,30.739301681518555,2121600,0.1,0.0,-,31.73656662940979,30.751604957580568,30.42423286437988,30.348620796203612,3347384.0
06/05/2014,30.388035202634452,30.565510174581355,29.94878727048237,30.48120880126953,2904000,0.0,0.0,-,31.731210107803346,30.768716201782226,30.41909255981445,30.29618968963623,3357688.0
06/04/2014,30.13957450064867,30.450153185721405,30.11738885812042,30.44571876525879,1991400,0.0,0.0,-,31.7223006439209,30.795071296691894,30.398682880401612,30.268681907653807,3375720.0
06/03/2014,30.23274240030242,30.34810162658058,30.10407314504085,30.268238067626957,1925600,0.0,0.0,-,31.712643947601318,30.836511764526367,30.3771635055542,30.201684761047364,3409708.0
06/02/2014,30.37915214901077,30.48119793659605,30.117375897059198,30.325908660888672,3401000,0.0,0.0,-,31.70416087150574,30.878662109375,30.373835945129393,30.245609855651857,3493920.0
05/30/2014,30.175063731492923,30.47233232159547,30.064142312643938,30.37028312683105,3636000,0.0,0.0,-,31.69924216270447,30.91788391113281,30.37450227737427,30.297965049743652,3465576.0
05/29/2014,30.05971014381791,30.06858236956589,29.749131466833152,30.06414794921875,4283200,0.0,0.0,-,31.69676547050476,30.95524242401123,30.376276969909668,30.29663372039795,3434356.0
05/28/2014,30.365850665663743,30.37916069517552,29.88666929292012,29.939912796020508,5175000,0.0,0.0,-,31.695533256530762,31.003959007263184,30.383376121520996,30.352094459533692,3409184.0
05/27/2014,31.319775014326723,31.319775014326723,29.926602050296918,30.30373764038086,5914000,0.0,0.0,-,31.69335910797119,31.062614135742187,30.407334804534912,30.42619094848633,3384768.0
05/23/2014,30.43239127830866,30.725225376031645,30.108502711490207,30.54775047302246,10124600,0.0,0.0,-,31.68962996482849,31.101392211914064,30.406669235229494,30.48653221130371,3350120.0
05/22/2014,30.210552811746144,30.494514728159498,30.073011350164403,30.214990615844727,4192000,0.0,0.0,-,31.68413045883179,31.132006797790527,30.38271074295044,30.49984493255615,3196128.0
05/21/2014,29.758007362203564,30.410226049353906,29.758007362203564,30.206130981445312,4836200,0.0,0.0,-,31.682210063934328,31.16998649597168,30.390032005310058,30.541995429992674,3165504.0
05/20/2014,30.08189151234117,30.183937326687968,29.69588373859313,29.775747299194336,6108800,0.0,0.0,-,31.68266752243042,31.206989822387694,30.400014305114745,30.528683853149413,3127036.0
05/19/2014,30.79622819083857,30.85834392232851,30.63650105699201,30.707489013671875,2399000,0.0,0.0,-,31.68554112434387,31.25357692718506,30.44349584579468,30.552642250061034,3055468.0
05/16/2014,30.41908500901006,30.867208432804222,30.41908500901006,30.84946060180664,2915800,0.0,0.0,-,31.684350481033324,31.278778381347657,30.439502906799316,30.502062034606933,3078236.0
05/15/2014,30.66311399968929,30.66311399968929,30.06857349837223,30.356969833374023,4021600,0.0,0.0,-,31.678685321807862,31.298477973937988,30.42752351760864,30.451039505004882,3073480.0
05/14/2014,30.67643327093609,30.845032641640756,30.56107402516253,30.61875534057617,2976000,0.0,0.0,-,31.674800157546997,31.328027534484864,30.44904260635376,30.455920219421387,3068212.0
05/13/2014,30.80067137750115,30.933778488609853,30.663129845062084,30.680877685546875,3151600,0.0,0.0,-,31.66940791130066,31.356766090393066,30.451926231384277,30.4146577835083,3074784.0
05/12/2014,30.703051849338404,31.102369692288764,30.703051849338404,30.907150268554688,2740000,0.0,0.0,-,31.663815116882326,31.38284637451172,30.45458765029907,30.388478660583495,3077700.0
05/09/2014,30.614324129992525,30.738555628331607,30.379171167414334,30.680877685546875,3394800,0.0,0.0,-,31.65715703010559,31.408914184570314,30.441054916381837,30.326806259155273,3191548.0
05/08/2014,30.17062430211208,30.74297919875555,30.130694218302317,30.63649559020996,4098200,0.0,0.0,-,31.650441493988037,31.435171127319336,30.456804847717287,30.265576553344726,3244004.0
05/07/2014,29.98871384957471,30.112948684923957,29.824552312420497,30.07301521301269,3029400,0.0,0.0,-,31.644872484207152,31.456829528808594,30.509824752807617,30.23806858062744,3346968.0
05/06/2014,30.010893464532614,30.17505835379128,29.96208777813281,30.015331268310547,6104000,0.0,0.0,-,31.64308955192566,31.475156745910645,30.595677852630615,30.27134475708008,3387928.0
05/05/2014,30.13957112906493,30.388034049328645,30.0242118939196,30.20168685913086,1622200,0.0,0.0,-,31.640053968429566,31.487823486328125,30.664893531799315,30.33434944152832,3384932.0
05/02/2014,30.59657389509524,30.782921128020785,30.29930520661102,30.339235305786133,2052200,0.0,0.0,-,31.635602283477784,31.4806579208374,30.76050796508789,30.3769437789917,3445964.0
05/01/2014,30.290417761010147,30.64092982984784,30.068574936559923,30.405776977539062,2338200,0.0,0.0,-,31.629340047836305,31.472511024475097,30.872316455841066,30.404007530212404,3496404.0
04/30/2014,30.34367250034903,30.410226049353906,30.05527604469733,30.206130981445312,3125000,0.0,0.0,-,31.62309739112854,31.464361038208008,30.982572650909425,30.442164993286134,3539608.0
04/29/2014,30.46345772843021,30.574379138653065,30.108507861695955,30.419086456298828,2564400,0.0,0.0,-,31.618865633010863,31.4648055267334,31.089500141143798,30.489194679260255,3566792.0
04/28/2014,30.241623933458158,30.40578550314745,29.99759540411756,30.29042625427246,4521800,0.0,0.0,-,31.614383668899535,31.470724563598633,31.15627489089966,30.52069664001465,3591688.0
04/25/2014,30.285989073788144,30.40134492709684,30.05527059706375,30.068580627441406,4095200,0.0,0.0,-,31.610963344573975,31.480632858276365,31.241240310668946,30.5553035736084,3553944.0
04/24/2014,30.51670519778544,30.63206444005004,30.356978057743262,30.36141586303711,2844600,0.0,0.0,-,31.608123836517333,31.49126132965088,31.32199125289917,30.648033142089844,3528804.0
04/23/2014,30.67642549417256,30.78734690639768,30.356971285355787,30.405776977539062,3236800,0.0,0.0,-,31.602609281539916,31.499307441711426,31.383663654327393,30.781580924987793,3538560.0
04/22/2014,30.694183821664488,30.916026721969946,30.55220450087116,30.64537811279297,2207400,0.0,0.0,-,31.596983013153075,31.502926712036132,31.453322982788087,30.92001094818115,3539072.0
04/21/2014,30.711931618985712,30.960394583779568,30.605447974796064,30.62763023376465,2254200,0.0,0.0,-,31.589322156906128,31.503789100646973,31.546941184997557,30.995437622070312,3562516.0
04/17/2014,30.760727703026827,31.0091905900788,30.578814957111668,30.609872817993164,2246200,0.0,0.0,-,31.580142908096313,31.504563941955567,31.634347438812256,31.144072151184083,3638464.0
04/16/2014,30.916020872314355,31.049127941333893,30.73410810365788,30.787351608276367,1653000,0.0,0.0,-,31.57118453979492,31.47897003173828,31.718203735351562,31.340625381469728,3780448.0
04/15/2014,30.884960653732765,31.053559994595226,30.463460609050063,30.676427841186523,2887800,0.0,0.0,-,31.561228685379028,31.445313262939454,31.79074659347534,31.522980308532716,3845200.0
04/14/2014,30.85834089970715,31.0180680179082,30.55219669231296,30.734106063842773,2860600,0.0,0.0,-,31.550528526306152,31.41520252227783,31.881924057006835,31.689805603027345,3909576.0
04/11/2014,30.880520667504136,30.88495847183396,30.4856407084719,30.63649559020996,3353400,0.0,0.0,-,31.539518003463744,31.40145908355713,31.98885221481323,31.791853141784667,3943756.0
04/10/2014,31.617036829776413,31.750140478854213,30.902702742385653,30.99587631225586,3712200,0.0,0.0,-,31.52661784172058,31.390110549926757,32.069159507751465,31.927177047729494,3948256.0
04/09/2014,31.8566207452839,31.94535649263161,31.47061313571263,31.6968936920166,2279200,0.0,0.0,-,31.512162971496583,31.368919601440428,32.12328968048096,31.995949363708498,3978632.0
04/08/2014,31.29314806738737,31.8610651525975,31.13342096404042,31.790077209472656,2443000,0.0,0.0,-,31.493014163970948,31.334681739807127,32.14414377212525,31.985746383666992,4038140.0
04/07/2014,32.029681305975856,32.198280703572536,31.31534684541336,31.39964485168457,2634600,0.0,0.0,-,31.474522228240968,31.30309299468994,32.15745477676391,31.98663501739502,4104408.0
04/04/2014,32.67745836090654,32.73513629366402,32.07404542954421,32.113975524902344,2317200,0.0,0.0,-,31.457101860046386,31.27533115386963,32.192727661132814,32.0984447479248,4152772.0
04/03/2014,32.67745432703491,32.95697511519796,32.47779371972978,32.57540512084961,1939000,0.0,0.0,-,31.43795910835266,31.239122848510743,32.18540697097778,32.12462272644043,4215808.0
04/02/2014,32.3003222245571,32.75731798097947,32.27369877914613,32.61090087890625,3742200,0.0,0.0,-,31.418864879608154,31.200499687194824,32.14835872650146,32.095782089233396,4296140.0
04/01/2014,31.949800874534837,32.35799081247056,31.80782161851143,32.34468078613281,3143800,0.0,0.0,-,31.397897996902465,31.171431732177734,32.10953607559204,32.05851287841797,4321428.0
03/31/2014,32.056287825172696,32.2115771237858,31.639222235995067,31.754581451416016,3185600,0.0,0.0,-,31.378966665267946,31.156271514892577,32.09508619308472,32.07404251098633,4328928.0
03/28/2014,31.745709573482326,32.198267446516795,31.6791560490515,31.989734649658203,2951000,0.0,0.0,-,31.36404257774353,31.159019203186034,32.10660171508789,32.1858512878418,4331056.0
03/27/2014,31.64366599628456,31.82114096455541,31.350835175933096,31.6835994720459,3714600,0.0,0.0,-,31.343957929611207,31.16316951751709,32.1176420211792,32.211141967773436,4331156.0
03/26/2014,31.883260324736124,32.08291757110798,31.541620379543936,31.59486389160156,2636800,0.0,0.0,-,31.32608645439148,31.177247848510742,32.13314828872681,32.25062999725342,4298596.0
03/25/2014,32.56654154435819,32.70852087867742,31.75459563947586,31.79896354675293,3805600,0.0,0.0,-,31.310728092193603,31.193897247314453,32.139375877380374,32.302541160583495,4351152.0
03/24/2014,32.8771266764136,33.01467161630176,32.19828774635249,32.51774215698242,3690800,0.0,0.0,-,31.294547367095948,31.218499488830567,32.098896503448486,32.32827453613281,4340104.0
03/21/2014,32.597598223368514,32.84606120305828,32.326949598326074,32.375755310058594,6136200,0.0,0.0,-,31.27173462867737,31.22872615814209,32.0054428100586,32.28701057434082,4354028.0
03/20/2014,32.11396164026648,32.424543582892554,32.07846936586692,32.2869987487793,1983800,0.0,0.0,-,31.250268592834473,31.233385887145996,31.8788254737854,32.24619121551514,4325416.0
03/19/2014,32.44230381303334,32.74401026359142,32.02080031229799,32.23820877075195,2075000,0.0,0.0,-,31.230783290863037,31.240440101623534,31.76107006072998,32.20093536376953,4362060.0
03/18/2014,33.24536921374211,33.24536921374211,32.43342358065188,32.499977111816406,3024600,0.0,0.0,-,31.21189323425293,31.252098274230956,31.64907350540161,32.160559272766115,4360296.0
03/17/2014,32.38461566659561,32.89485485719125,32.31362772058524,32.8726692199707,3954200,0.0,0.0,-,31.190618438720705,31.25984882354736,31.535492420196533,32.116129875183105,4343860.0
03/14/2014,32.0163641620724,32.53103785283135,32.0163641620724,32.24264144897461,4181600,0.0,0.0,-,31.168248691558837,31.259614143371582,31.427610874176025,32.02735214233398,4325320.0
03/13/2014,32.10509982753964,32.198273425021924,31.958682723615983,32.0784797668457,2425000,0.0,0.0,-,31.150039043426514,31.277820777893066,31.354770851135253,32.02414207458496,4286568.0
03/12/2014,32.40237195879747,32.40237195879747,31.932066115403305,32.113975524902344,2660800,0.0,0.0,-,31.13506546974182,31.294177894592284,31.28084707260132,32.0156665802002,4271464.0
03/11/2014,32.09179297672379,32.21602445234187,31.847764446006952,32.056297302246094,2912800,0.0,0.0,-,31.119058113098145,31.304515800476075,31.213334369659425,31.976210594177246,4260040.0
03/10/2014,31.88325965440068,32.167218275963506,31.794523854557468,32.1051025390625,2530400,0.0,0.0,-,31.10167046546936,31.32264400482178,31.13985652923584,31.86951847076416,4225636.0
03/07/2014,32.00749181707445,32.06073532915857,31.5859916811669,31.96756172180176,3537400,0.0,0.0,-,31.08430223464966,31.3352827835083,31.069026279449464,31.723875045776367,4193036.0
03/06/2014,31.93205160012173,31.98085728452098,31.59041180932701,31.83444023132324,2678000,0.1,0.0,-,31.06975155830383,31.35031837463379,31.003966808319092,31.511459732055663,4160436.0
03/05/2014,32.51582494105427,32.51582494105427,31.701714170144477,31.834447860717773,3758200,0.0,0.0,-,31.053561000823976,31.368635902404787,30.878753662109375,31.32120475769043,4216056.0
03/04/2014,32.135324723151854,32.42291953100764,32.03356253577882,32.05568313598633,3304600,0.0,0.0,-,31.038402376174925,31.380759048461915,30.742256927490235,31.13758773803711,4207640.0
03/03/2014,32.25921365895352,32.25921365895352,31.626506443756824,31.98489189147949,3297400,0.0,0.0,-,31.020578603744507,31.38890007019043,30.598017311096193,30.95485496520996,4217532.0
02/28/2014,32.66626626989588,32.69723780739051,31.666322754770768,32.210540771484375,8432400,0.0,0.0,-,31.006029033660887,31.386068267822267,30.5011194229126,30.827869606018066,4222864.0
02/27/2014,31.958331204387058,32.091064869375394,31.613215573873777,31.993724822998047,6017600,0.0,0.0,-,30.9892973613739,31.384386978149415,30.39404582977295,30.68539962768555,4160744.0
02/26/2014,31.343328400106817,31.85657483723817,30.96724451118492,31.71941566467285,9246400,0.0,0.0,-,30.97193709373474,31.37934326171875,30.29117603302002,30.54602756500244,4137844.0
02/25/2014,30.80796890780215,31.15308472188717,30.400913384290536,30.989376068115234,5077400,0.0,0.0,-,30.95792449951172,31.36987506866455,30.204455280303954,30.450458145141603,4043784.0
02/24/2014,29.93189774807111,30.746008331963694,29.825710144877085,30.64866828918457,5954200,0.0,0.0,-,30.947298650741576,31.372972145080567,30.165518474578857,30.41019458770752,4041008.0
02/21/2014,30.166400273768744,30.285860918691867,29.816862524754796,29.843408584594727,4673800,0.0,0.0,-,30.93925458908081,31.39244010925293,30.133662700653076,30.41417751312256,3996624.0
02/20/2014,30.0779005164228,30.36991719828438,29.75933440847037,29.9318904876709,4574200,0.0,0.0,-,30.936049194335936,31.431641540527345,30.15667028427124,30.49647388458252,3988628.0
02/19/2014,30.277021494347512,30.365510634691333,29.98057916098694,29.99827766418457,4498400,0.0,0.0,-,30.929547023773193,31.46986976623535,30.19228811264038,30.43630256652832,3961392.0
02/18/2014,30.692931894387826,30.73275100005677,30.228355407714844,30.228355407714844,4484200,0.0,0.0,-,30.92381079673767,31.50774139404297,30.25024938583374,30.346926116943358,3945128.0
02/14/2014,30.644247685872337,30.861048370824196,30.551333106607256,30.715038299560547,3809200,0.0,0.0,-,30.914640684127807,31.544807357788088,30.31816511154175,30.24117965698242,3986300.0
02/13/2014,31.05131177188063,31.05131177188063,30.595586307624043,30.78584098815918,2634600,0.0,0.0,-,30.90376172065735,31.577171783447266,30.377011489868163,30.174369239807127,4048084.0
02/12/2014,31.356597261372,31.36544482252499,30.498238676869363,30.600004196166992,2838200,0.0,0.0,-,30.894900064468384,31.620832710266114,30.44758195877075,30.10269203186035,4135984.0
02/11/2014,30.65310834221084,30.971674679012395,30.630987742826903,30.763721466064453,3332400,0.0,0.0,-,30.88619915008545,31.68383628845215,30.53695755004883,30.036324501037598,4103356.0
02/10/2014,31.228298652215777,31.228298652215777,30.484978307857848,30.58674049377441,3262400,0.0,0.0,-,30.875362186431886,31.745507736206054,30.62013816833496,29.958452415466308,4085480.0
02/07/2014,30.538061977837035,30.794685170034573,30.228346660111587,30.68849754333496,3379600,0.0,0.0,-,30.865212545394897,31.810807304382323,30.74225492477417,29.920842361450195,4142556.0
02/06/2014,29.40095826684181,30.68849626767384,29.3434406746962,30.666372299194336,6051600,0.0,0.0,-,30.85145820617676,31.863654479980468,30.85928382873535,29.853147888183592,4187908.0
02/05/2014,29.060281005847106,29.39654585878988,28.82578171553712,29.330177307128903,9345400,0.0,0.0,-,30.83799012184143,31.91835636138916,30.95640230178833,29.81686668395996,4451824.0
02/04/2014,29.35671085656568,29.533692460295367,29.073541640855517,29.10451316833496,4890600,0.0,0.0,-,30.82966606140137,32.040303764343264,31.121878910064698,29.94827365875244,4386348.0
02/03/2014,30.08676726481752,30.17525640651512,29.144344740725067,29.17089080810547,6106600,0.0,0.0,-,30.82216296195984,32.176122436523436,31.3077091217041,30.153572654724123,4341980.0
01/31/2014,29.653148516964084,30.281433281843697,29.644300957185067,30.046934127807617,4569600,0.0,0.0,-,30.813559465408325,32.307346954345704,31.493539810180664,30.395150566101073,4270556.0
01/30/2014,30.104465915801647,30.170834460222245,29.89208724878461,30.069068908691406,3578400,0.0,0.0,-,30.80162967681885,32.42034442901611,31.634239864349365,30.5796537399292,4236788.0
01/29/2014,29.865534888635203,30.13985657247365,29.74607423436388,29.936328887939453,5231000,0.0,0.0,-,30.79136770248413,32.5396968460083,31.788435077667238,30.792471885681152,4233664.0
01/28/2014,30.2593223405502,30.5469171039506,29.92305753831385,29.98500061035156,5254600,0.0,0.0,-,30.780166568756105,32.65684864044189,31.936435413360595,31.03759059906006,4189000.0
01/27/2014,29.980566262318344,30.49823459946411,29.85225470107281,30.21063995361328,5756400,0.0,0.0,-,30.772235164642336,32.763933982849125,32.06872892379761,31.281823921203614,4140052.0
01/24/2014,30.01597490504645,30.36551277260952,29.958457297337805,30.011552810668945,5052800,0.0,0.0,-,30.761265335083007,32.85511806488037,32.20633230209351,31.563667488098144,4069924.0
01/23/2014,30.546910397712946,30.560183428000755,30.02039102533963,30.303560256958008,5469000,0.0,0.0,-,30.743474397659302,32.947900390625,32.342606735229495,31.865419769287108,4003576.0
01/22/2014,31.560123175405383,31.56454526791516,30.62212308993227,30.64424705505371,5955600,0.0,0.0,-,30.722840127944945,33.03122295379639,32.4633957862854,32.0959379196167,3930516.0
01/21/2014,31.719419673361905,31.781362751100016,30.98937239928325,31.15750312805176,5006600,0.0,0.0,-,30.699865684509277,33.097402801513674,32.568699264526366,32.295484161376955,3859672.0
01/17/2014,31.87869006475933,31.87869006475933,31.51145383985081,31.586669921875,3518800,0.0,0.0,-,30.674324960708617,33.160556678771975,32.63285436630249,32.461845588684085,3798848.0
01/16/2014,32.568917414437344,32.568917414437344,31.799051278633534,31.891965866088867,3292000,0.0,0.0,-,30.64830708503723,33.21371479034424,32.676657581329344,32.591929054260255,3769164.0
01/15/2014,32.374231950238766,32.54236597410453,32.07778973798685,32.19725036621094,2956000,0.0,0.0,-,30.61896233558655,33.25882461547852,32.67422437667847,32.68882598876953,3759968.0
01/14/2014,32.5379516009224,32.65299017611253,32.28575385477286,32.38751602172852,2086600,0.0,0.0,-,30.588420486450197,33.30021209716797,32.67068567276001,32.78439826965332,3758332.0
01/13/2014,32.80784313099633,32.900757721411104,32.39636230164885,32.42733383178711,5264600,0.0,0.0,-,30.55784951210022,33.33532264709473,32.63838682174683,32.83528022766113,3767236.0
01/10/2014,33.09101869467236,33.27242244139289,32.79015089770081,33.029075622558594,3253200,0.0,0.0,-,30.52881404876709,33.36795944213867,32.579320430755615,32.855633926391604,3732724.0
01/09/2014,32.69281081990939,33.04234865577665,32.61759471457757,33.029075622558594,4387000,0.0,0.0,-,30.495518341064454,33.38503021240234,32.48507814407348,32.84899711608887,3744400.0
01/08/2014,32.683961236581744,32.73263127246985,32.391941021253096,32.608741760253906,4705600,0.0,0.0,-,30.46086127281189,33.39653915405273,32.41472768783569,32.819793701171875,3731664.0
01/07/2014,32.821116562570126,33.232597396943625,32.613163410968816,32.63970947265625,3816000,0.0,0.0,-,30.427449617385864,33.41415969848633,32.37446460723877,32.830853652954104,3679836.0
01/06/2014,32.90960652610442,33.27241733955805,32.8122698388824,32.82111740112305,1986800,0.0,0.0,-,30.39425633430481,33.42612861633301,32.33464422225952,32.841914367675784,3648548.0
01/03/2014,32.88307910618559,33.11757845841063,32.785738988134675,32.88750457763672,2202800,0.0,0.0,-,30.35763102531433,33.43782402038574,32.28818130493164,32.8038631439209,3661632.0
01/02/2014,32.896332210049145,33.33878456896209,32.741474559558334,32.86093521118164,3027200,0.0,0.0,-,30.316523933410643,33.43962837219238,32.24788875579834,32.76138610839844,3682656.0
12/31/2013,32.90962289683106,33.20164323069238,32.891924387902,33.15297317504883,2244000,0.0,0.0,-,30.273990783691406,33.44011016845703,32.22150497436523,32.659622764587404,3661676.0
12/30/2013,32.72377943409077,33.03349814264937,32.63086483421638,32.89633560180664,1669800,0.0,0.0,-,30.231270952224733,33.4329857635498,32.21230068206787,32.5569730758667,3657712.0
12/27/2013,32.93173864438175,33.00695475679309,32.52468316770845,32.6308708190918,2089600,0.0,0.0,-,30.190361261367798,33.425873565673825,32.25499305725098,32.44149341583252,3687004.0
12/26/2013,32.76802736135737,33.05119665925885,32.76802736135737,32.96270751953125,1192600,0.0,0.0,-,30.149878692626952,33.425306701660155,32.31581420898438,32.303006935119626,3684488.0
12/24/2013,32.75473996870426,32.825533949966605,32.61758084956199,32.73704147338867,900400,0.0,0.0,-,30.10646343231201,33.406008377075196,32.36026477813721,32.12115917205811,3704216.0
12/23/2013,32.962691356468234,32.962691356468234,32.66182370302107,32.71934127807617,1907400,0.0,0.0,-,30.06551586151123,33.3955493927002,32.38995552062988,32.00966167449951,3730888.0
12/20/2013,32.515817449144635,32.9272982088366,32.44060137091912,32.75031661987305,5459000,0.0,0.0,-,30.025271577835085,33.383413848876955,32.42406177520752,31.918075561523438,3741824.0
12/19/2013,32.33883964093871,32.53351974912312,32.130889878411246,32.44060516357422,3337400,0.0,0.0,-,29.98491632461548,33.367215690612795,32.557923316955566,31.827374076843263,3691808.0
12/18/2013,31.936214779407287,32.467156316005585,31.714988576550667,32.46273422241211,3799200,0.0,0.0,-,29.94397982597351,33.347589111328126,32.730665397644046,31.77249946594238,3671808.0
12/17/2013,32.01143248042559,32.15744259177345,31.8300287403386,31.84330177307129,3564000,0.0,0.0,-,29.912747325897218,33.32910888671875,32.894134521484375,31.73439140319824,3643636.0
12/16/2013,31.909675508070965,32.409645617726675,31.90082456771193,32.1264762878418,5326400,0.0,0.0,-,29.883865451812746,33.331492538452146,33.08680982589722,31.783387184143066,3616584.0
12/13/2013,31.431823625173248,31.843304554043183,31.431823625173248,31.741539001464844,4872600,0.0,0.0,-,29.85255769729614,33.33765884399414,33.282320499420166,31.867628288269042,3543312.0
12/12/2013,31.18848500952792,31.56014697485027,31.099995833598904,31.24600601196289,4543400,0.0,0.0,-,29.82148398399353,33.34869888305664,33.48493947982788,32.06849269866943,3494468.0
12/11/2013,31.542437797218252,31.635352413214687,31.14422988891601,31.144229888916016,4938600,0.0,0.0,-,29.792602443695067,33.377153396606445,33.689602565765384,32.32862148284912,3463228.0
12/10/2013,31.670736520972238,31.76807656731124,31.56897100644241,31.62206649780273,3735000,0.0,0.0,-,29.763263750076295,33.40525978088379,33.870883274078366,32.59937038421631,3414568.0
12/09/2013,31.856575656307864,31.953915733138547,31.74596254639013,31.80348014831543,4274000,0.085,0.0,-,29.728615608215332,33.41551132202149,34.02231340408325,32.770249366760254,3394480.0
12/06/2013,32.169944072583455,32.209672704622314,31.73736436711669,31.84330177307129,3212400,0.0,0.0,-,29.69378496170044,33.41992733001709,34.155623817443846,32.9300479888916,3342196.0
12/05/2013,32.094907164838524,32.192017862727745,31.803578438860477,31.89185905456543,3685200,0.0,0.0,-,29.6622682762146,33.42186946868897,34.26112070083618,33.28847255706787,3315128.0
12/04/2013,31.662315773261657,32.1920060078087,31.63582890415244,32.0816535949707,6542800,0.0,0.0,-,29.629586639404298,33.417367210388186,34.38228759765625,33.6888313293457,3299084.0
12/03/2013,32.80556781304469,33.00861586500341,32.222907160736185,32.33325958251953,6898400,0.0,0.0,-,29.598063831329345,33.40792121887207,34.49043369293213,34.053877639770505,3203068.0
12/02/2013,33.52947609419687,33.58244646375,32.902675209082226,32.96888732910156,7029600,0.0,0.0,-,29.5676104259491,33.39397281646728,34.58114356994629,34.390232467651366,3111268.0
11/29/2013,33.84729377210574,33.988544732389954,33.62217389650986,33.75018310546875,1206800,0.0,0.0,-,29.533935089111328,33.366517333984376,34.64603042602539,34.697012710571286,3074496.0
11/27/2013,34.58003215959911,34.58003215959911,33.763424938245755,33.847293853759766,2438600,0.0,0.0,-,29.49738229751587,33.33014541625977,34.665673446655276,34.90138626098633,3096968.0
11/26/2013,33.405894058172095,33.957656312457644,33.361753751367154,33.85171890258789,6116200,0.0,0.0,-,29.460475349426268,33.29077178955078,34.6762674331665,35.05058364868164,3100552.0
11/25/2013,33.54273115012288,33.644256890116715,33.16311843696451,33.33085632324219,5647200,0.0,0.0,-,29.42402795791626,33.24203994750977,34.67781219482422,35.14239616394043,3017108.0
11/22/2013,32.79673732323554,33.72369688590161,32.2229034489865,33.401466369628906,19247400,0.0,0.0,-,29.39062279701233,33.20125381469727,34.69149551391602,35.27437744140625,2953420.0
11/21/2013,35.996966436085096,35.996966436085096,35.286296469633726,35.427547454833984,6071600,0.0,0.0,-,29.35730239868164,33.15252239227295,34.69591064453125,35.38119964599609,2604028.0
11/20/2013,35.948417168628005,36.058769624702926,35.61735980040323,35.89544677734375,2672200,0.0,0.0,-,29.312165746688844,33.06521152496338,34.58644104003906,35.23376884460449,2538124.0
11/19/2013,35.71446327338605,36.102902627796745,35.5202419123362,35.73211669921875,2535400,0.0,0.0,-,29.26210605621338,32.97110286712646,34.46196308135986,35.0757438659668,2548728.0
11/18/2013,36.06317539609282,36.19118462831244,35.53790008117198,35.696807861328125,2881200,0.0,0.0,-,29.213935842514037,32.873286399841305,34.32424335479736,34.92698974609375,2539108.0
11/15/2013,35.76301451583497,36.04551983872588,35.41430379588954,36.03668975830078,3422200,0.0,0.0,-,29.16373085975647,32.769290390014646,34.18365421295166,34.77205467224121,2511292.0
11/14/2013,35.29071171344341,35.86454579321057,35.12739224484482,35.79391860961914,2997800,0.0,0.0,-,29.113665609359742,32.655583457946776,34.021657371520995,34.595048141479495,2495524.0
11/13/2013,34.56238890260477,35.35250948596514,34.496176758653974,35.33926773071289,2807200,0.0,0.0,-,29.06540533065796,32.55379447937012,33.85899772644043,34.42996063232422,2489024.0
11/12/2013,34.46527362182615,34.81398772372969,34.45203186833561,34.76984405517578,2250000,0.0,0.0,-,29.01981240272522,32.45694927215576,33.722160720825194,34.301951217651364,2495572.0
11/11/2013,34.43879091335278,34.7124662001248,34.293128239646386,34.65066909790039,1735400,0.0,0.0,-,28.97603754043579,32.36169319152832,33.583558082580566,34.21322822570801,2522000.0
11/08/2013,33.98855336746581,34.50059033338867,33.86495916677806,34.469688415527344,1816000,0.0,0.0,-,28.934829063415528,32.260983314514164,33.46172924041748,34.10861358642578,2528104.0
11/07/2013,34.37699242524034,34.67273953703656,33.8958573819342,33.95323944091797,2413400,0.0,0.0,-,28.89623327255249,32.16856021881104,33.343873023986816,34.01062164306641,2530700.0
11/06/2013,34.35051058329658,34.527075177255995,34.19601782646567,34.3151969909668,1965400,0.0,0.0,-,28.860351085662842,32.08628974914551,33.24323148727417,33.939113235473634,2528624.0
11/05/2013,34.89786016452426,34.89786016452426,33.962073478036544,34.24457550048828,2034600,0.0,0.0,-,28.818148851394653,31.996427955627443,33.100435447692874,33.84818229675293,2557708.0
11/04/2013,33.85171341073049,34.20925421584204,33.85171341073049,34.147457122802734,2832200,0.0,0.0,-,28.775818071365357,31.919690704345705,32.965142822265626,33.721496963500975,2591972.0
11/01/2013,34.31959481260121,34.6594787070977,34.08123323550369,34.266624450683594,2874200,0.0,0.0,-,28.732549743652342,31.85194061279297,32.85589418411255,33.59525375366211,2681920.0
10/31/2013,34.01944932679131,34.18277214679862,33.84288475310298,34.143043518066406,2531800,0.0,0.0,-,28.688795032501222,31.770006980895996,32.76430253982544,33.4482666015625,2718616.0
10/30/2013,33.838468737124,34.319603686789044,33.838468737124,34.059173583984375,3539000,0.0,0.0,-,28.64412565231323,31.682091064453125,32.67182741165161,33.28803482055664,2774384.0
10/29/2013,33.7546049011621,34.05917871335918,33.73253306607652,33.88261413574219,3837000,0.0,0.0,-,28.600817050933838,31.594267539978027,32.60230531692505,33.14237022399902,2830912.0
10/28/2013,33.54272561013699,33.7413620161813,33.450029967725285,33.604522705078125,3750200,0.0,0.0,-,28.554559745788573,31.490601577758788,32.5356520652771,32.953887939453125,2839208.0
10/25/2013,33.33527282897895,33.503010739571955,33.14546644488538,33.489768981933594,2114200,0.0,0.0,-,28.51039354324341,31.388798713684082,32.46215810775757,32.81484489440918,2841636.0
10/24/2013,33.427961691300766,33.529484047415046,33.13662964118683,33.238155364990234,2251600,0.0,0.0,-,28.468399419784546,31.290435791015625,32.388883686065675,32.677124404907225,2886648.0
10/23/2013,32.89826575435769,33.42795943674246,32.78791332482197,33.405887603759766,2641000,0.0,0.0,-,28.426787586212157,31.212516021728515,32.32399635314941,32.547349739074704,2904240.0
10/22/2013,33.37057657783566,33.37057657783566,32.81881438783279,32.97772216796875,3254000,0.0,0.0,-,28.38416193008423,31.141897163391114,32.23703927993775,32.35268859863281,2900308.0
10/21/2013,32.284707519653935,33.0218609636337,32.284707519653935,32.88502502441406,1978200,0.0,0.0,-,28.345319156646728,31.07869682312012,32.168620872497556,32.20878868103027,2880632.0
10/18/2013,32.75702429231871,32.90269034985448,32.50983585603247,32.7967529296875,2045800,0.0,0.0,-,28.307771816253663,31.011097984313963,32.10616159439087,32.11653461456299,2875300.0
10/17/2013,32.4656868624447,32.56279417380868,32.23173687759486,32.54072570800781,3134400,0.0,0.0,-,28.272483129501342,30.946321105957033,32.046129608154295,32.08033847808838,2890396.0
10/16/2013,32.26705523238401,32.63342616924665,32.08607896824152,32.6025276184082,1963800,0.0,0.0,-,28.228972406387328,30.88446357727051,32.01567268371582,32.05562000274658,2900648.0
10/15/2013,32.07283350595052,32.143457313550904,31.927167482682822,31.997791290283203,2179000,0.0,0.0,-,28.184386367797853,30.829031257629396,31.979476928710938,32.06224040985107,2952764.0
10/14/2013,31.87861982652012,32.27588936406974,31.865378069883448,32.21409225463867,2234000,0.0,0.0,-,28.140897302627565,30.795027885437012,31.950343704223634,32.11741619110107,2939016.0
10/11/2013,31.596115410875186,32.11256408691406,31.52548822388373,32.11256408691406,2454200,0.0,0.0,-,28.09617346763611,30.757755393981935,31.90421657562256,32.10947132110596,2951780.0
10/10/2013,31.61817811820425,32.02427763400874,31.60493636497925,31.94040870666504,2958200,0.0,0.0,-,28.050315160751342,30.724891319274903,31.84683313369751,32.10064296722412,2945828.0
10/09/2013,31.688811190258733,31.728536457327422,31.42396597339853,31.45927619934082,2337400,0.0,0.0,-,28.00833911895752,30.680411720275877,31.80291290283203,32.10064296722412,2928892.0
10/08/2013,31.46368414815744,32.12138368477261,30.523482661545582,31.53872299194336,2390600,0.0,0.0,-,27.969119005203247,30.642824935913087,31.789449787139894,32.12138996124268,2920732.0
10/07/2013,32.26263978254462,32.26263978254462,31.92275572762996,31.96248435974121,2211400,0.0,0.0,-,27.928034744262696,30.60285659790039,31.75457830429077,32.12845306396484,2901596.0
10/04/2013,32.192014842991746,32.52748721304328,32.125802703579176,32.434791564941406,1662800,0.0,0.0,-,27.88599207878113,30.554853286743164,31.681304454803467,32.09578857421875,2886928.0
10/03/2013,32.4038933990202,32.62018324715068,32.0949045340016,32.293540954589844,2430400,0.0,0.0,-,27.842945346832277,30.497668113708496,31.57713203430176,32.01192073822021,2901688.0
10/02/2013,32.24939046860788,32.68638848095395,32.086071040680324,32.668731689453125,2981400,0.0,0.0,-,27.801152210235596,30.43855270385742,31.49767847061157,31.975725364685058,2885000.0
10/01/2013,32.2229068801021,32.63783306005419,32.14786804218824,32.5495491027832,2505600,0.0,0.0,-,27.754286546707153,30.375631942749024,31.389092254638673,31.8967134475708,2879492.0
09/30/2013,31.74178899491628,32.22292419169817,31.65350499021517,32.1346435546875,2730600,0.0,0.0,-,27.708761205673216,30.318969535827637,31.2619668006897,31.78327121734619,2888440.0
09/27/2013,31.80798733344209,32.07283589279841,31.73294847987949,32.0242805480957,1659800,0.0,0.0,-,27.667215213775634,30.264440956115724,31.13599338531494,31.69896183013916,2899464.0
09/26/2013,31.67556353909795,32.13463006780245,31.67114849879328,31.94040870666504,1859000,0.0,0.0,-,27.626855974197387,30.210182342529297,31.027206039428712,31.5930233001709,2944180.0
09/25/2013,31.97132005642496,31.97132005642496,31.454871267702416,31.666746139526367,2883000,0.0,0.0,-,27.588185930252074,30.1531099319458,30.92217140197754,31.505182838439943,2955592.0
09/24/2013,31.759431725044163,31.79916035569348,31.393064173996585,31.60935401916504,1742000,0.0,0.0,-,27.551344022750854,30.102919921875,30.829939460754396,31.45750961303711,2941556.0
09/23/2013,31.512245257483592,31.715293360748067,31.476931665344683,31.635839462280277,2308400,0.0,0.0,-,27.5141978931427,30.0579284286499,30.76985740661621,31.3807035446167,2951536.0
09/20/2013,32.002209398735936,32.07724825390821,31.507829227380384,31.59611320495605,5191000,0.0,0.0,-,27.477203969955443,30.01566551208496,30.7260630607605,31.266820335388182,2967108.0
09/19/2013,31.869790109098567,32.1522921462201,31.86537843529568,31.93158721923828,2330400,0.0,0.0,-,27.440540018081666,29.975870475769042,30.654754543304442,31.1423433303833,2913260.0
09/18/2013,31.472516358664464,32.019863502869576,31.348918800447336,31.878612518310547,2617800,0.0,0.0,-,27.40430055618286,29.927252311706543,30.545537567138673,31.019631576538085,2916824.0
09/17/2013,31.28270591427052,31.60051806192353,31.28270591427052,31.41512680053711,1944000,0.0,0.0,-,27.36957398414612,29.874850158691405,30.43500680923462,30.88147106170654,2918408.0
09/16/2013,31.340105044354665,31.36217688794098,31.137056880584524,31.291549682617188,2462800,0.0,0.0,-,27.33823504447937,29.832158088684082,30.299216270446777,30.740662384033204,2930784.0
09/13/2013,31.2076685951008,31.2076685951008,30.76625883637129,30.96489524841309,1777800,0.0,0.0,-,27.30751399040222,29.788591232299805,30.160357761383057,30.573024940490722,2911504.0
09/12/2013,31.19001331590712,31.25622208163297,30.96489340937222,31.06200408935547,2776400,0.0,0.0,-,27.277290449142455,29.74512893676758,30.040694141387945,30.461388778686523,2895164.0
09/11/2013,30.898681840228004,31.234154186017705,30.863368252736656,31.190013885498047,3202400,0.0,0.0,-,27.246122732162476,29.700252838134766,29.95470228195191,30.339159965515137,2873620.0
09/10/2013,30.7353525946475,30.872191875630268,30.572033180118908,30.841293334960938,2054400,0.0,0.0,-,27.212283773422243,29.652376174926758,29.88894882202149,30.20236930847168,2864692.0
09/09/2013,30.391069940437774,30.554392810426727,30.33368786769633,30.49700736999512,1490400,0.0,0.0,-,27.179489526748657,29.606278228759766,29.83776941299439,30.15901126861572,2908076.0
09/06/2013,30.62060344103697,30.77951126130009,30.316029557584308,30.351343154907227,2633800,0.0,0.0,-,27.14782703399658,29.56697811126709,29.78817319869996,30.185305786132812,2923248.0
09/05/2013,30.536735141455164,30.81041047501734,30.44845451395257,30.704469680786133,2672800,0.0,0.0,-,27.11739520072937,29.521080513000488,29.748501491546637,30.167165756225586,2915512.0
09/04/2013,30.14388148224058,30.695643839066573,30.029113969067527,30.49700736999512,3134600,0.085,0.0,-,27.081244564056398,29.469089164733887,29.68567047119141,30.071443557739258,2912088.0
09/03/2013,30.0598749204066,30.394510489143656,29.63717895113876,30.00704002380371,3571400,0.0,0.0,-,27.04766008377075,29.416491661071777,29.652365684509284,29.988542556762695,2897600.0
08/30/2013,29.91018138097788,29.93219816797861,29.53151548773767,29.615175247192383,2040600,0.0,0.0,-,27.01803243637085,29.378184661865234,29.6668948173523,29.85777015686035,2915536.0
08/29/2013,29.64158795913628,29.94099807425036,29.606362449290028,29.848533630371094,1945800,0.0,0.0,-,26.993530988693237,29.344192581176756,29.70365943908692,29.74769058227539,2921140.0
08/28/2013,29.94979312097246,30.08188706068486,29.76046026567185,29.8397159576416,2309600,0.0,0.0,-,26.964826917648317,29.31293041229248,29.73470077514649,29.619999504089357,2915136.0
08/27/2013,30.15673948128793,30.205173703110408,29.82210731506348,29.82210731506348,3419600,0.0,0.0,-,26.936232471466063,29.291267280578612,29.728536415100102,29.570244598388673,2901460.0
08/26/2013,30.82160412389448,30.82160412389448,30.36808677212901,30.407712936401367,3747800,0.0,0.0,-,26.90870885848999,29.263175621032715,29.716427898406984,29.57552833557129,2871936.0
08/23/2013,31.160631539412265,31.20026105184256,30.464946651921693,30.759952545166016,7329600,0.0,0.0,-,26.87954581260681,29.226189651489257,29.673057556152344,29.516527557373045,2851756.0
08/22/2013,29.685604082752175,30.900856721566804,29.63716986951511,30.16994285583496,4709000,0.0,0.0,-,26.851002244949342,29.186385879516603,29.613175868988037,29.39104061126709,2773760.0
08/21/2013,29.51828870389611,29.910163085924182,29.29373037914573,29.74724769592285,5320200,0.0,0.0,-,26.826457080841063,29.14244312286377,29.58345537185669,29.329837226867674,2706880.0
08/20/2013,29.19246654351829,29.817704056802143,29.17044976601717,29.66799736022949,6365400,0.0,0.0,-,26.801928672790527,29.109684257507325,29.562981510162352,29.299897384643554,2632396.0
08/19/2013,28.91066564075287,29.10880317630553,28.66409052890348,28.699316024780277,4251800,0.0,0.0,-,26.778364400863648,29.086788139343263,29.555716323852543,29.31618881225586,2543704.0
08/16/2013,28.514379501342773,28.804981365540105,28.474749989373382,28.514379501342773,3871600,0.0,0.0,-,26.76798666000366,29.08405818939209,29.60657196044922,29.47601947784424,2506188.0
08/15/2013,29.06036563012404,29.06036563012404,28.465949732274517,28.571622848510746,4364800,0.0,0.0,-,26.75846803665161,29.072874488830568,29.65126371383667,29.659628295898436,2496620.0
08/14/2013,29.672398373879563,29.672398373879563,29.19686424617787,29.34216690063477,3131200,0.0,0.0,-,26.748073511123657,29.063092994689942,29.688250064849854,29.849402046203615,2442724.0
08/13/2013,29.835318516263712,30.037860115581243,29.70762858987659,29.87494468688965,2444400,0.0,0.0,-,26.734590702056884,29.04404842376709,29.675481128692628,29.886828231811524,2418548.0
08/12/2013,29.390605185768766,29.879348102544878,29.364187739225866,29.817705154418945,2270200,0.0,0.0,-,26.719208431243896,29.015753479003905,29.63959617614746,29.857327461242676,2422460.0
08/09/2013,29.4434401428795,29.579934747126547,29.28052473575779,29.505083084106445,1711600,0.0,0.0,-,26.701862735748293,28.984299736022948,29.61669988632202,29.829587554931642,2478680.0
08/08/2013,29.747241805159277,29.747241805159277,29.45223591023832,29.55790901184082,2800600,0.0,0.0,-,26.689487314224245,28.962172470092774,29.61758041381836,29.835311126708984,2489844.0
08/07/2013,29.800097632744567,29.826515083923027,29.3729975891498,29.44784927368164,3647000,0.0,0.0,-,26.678463983535767,28.94302852630615,29.620003032684327,29.837073516845702,2491064.0
08/06/2013,30.1303216587347,30.15233843539205,29.65038347377002,29.83091163635254,4569600,0.0,0.0,-,26.666221847534178,28.935746841430664,29.62264451980591,29.826065635681154,2468948.0
08/05/2013,30.23157910209517,30.4605380128032,30.169932829952867,30.297622680664062,1491600,0.0,0.0,-,26.654728965759276,28.917378692626954,29.594024181365967,29.79524383544922,2450620.0
08/02/2013,30.337258963220687,30.46054481646881,30.134717438700548,30.35046768188477,2872200,0.0,0.0,-,26.639264478683472,28.883001594543458,29.543169212341308,29.7371244430542,2476644.0
08/01/2013,29.89696106361174,30.539811355224053,29.87494428514532,30.4693603515625,2156600,0.0,0.0,-,26.62233452796936,28.848621368408203,29.481306171417238,29.642899131774904,2464312.0
07/31/2013,29.637173068252597,29.91456965751119,29.557917379791323,29.716428756713867,2111400,0.0,0.0,-,26.60577112197876,28.82038269042969,29.3974271774292,29.527098083496092,2479424.0
07/30/2013,29.544711480900062,29.830912792091503,29.46545578486688,29.57993698120117,1929400,0.0,0.0,-,26.5973623085022,28.79798069000244,29.352515697479248,29.46413402557373,2495992.0
07/29/2013,29.38619873370856,29.59314433932365,29.245300098290183,29.540306091308597,1433800,0.0,0.0,-,26.588762311935426,28.78243640899658,29.313327884674074,29.421864891052245,2528808.0
07/26/2013,29.465450373486192,29.593140269160784,29.19246119450905,29.562318801879883,1478000,0.0,0.0,-,26.58361474990845,28.761448860168457,29.26313238143921,29.403812217712403,2582100.0
07/25/2013,29.1792544335865,29.676805386612404,29.1792544335865,29.575532913208008,2400800,0.0,0.0,-,26.580169916152954,28.751702041625975,29.21161651611328,29.399849700927735,2613332.0
07/24/2013,29.61076309320606,29.69001880165609,29.210080522906125,29.337770462036133,1596000,0.0,0.0,-,26.575130157470703,28.737475509643556,29.13566303253174,29.402932548522948,2633240.0
07/23/2013,29.654784201414785,29.70762244394028,29.35537421234653,29.522693634033203,2706000,0.0,0.0,-,26.574074869155883,28.721153526306153,29.074019622802734,29.419223403930665,2657396.0
07/22/2013,29.74725022671057,29.74725022671057,29.26731542829218,29.716428756713867,2953000,0.0,0.0,-,26.570500535964968,28.709037590026856,28.991241550445558,29.392804527282713,2658816.0
07/19/2013,29.5006789806928,29.535904478242237,29.24529916239193,29.4082145690918,3281800,0.0,0.0,-,26.566394357681276,28.691993141174315,28.91000461578369,29.349213981628417,2676832.0
07/18/2013,29.22328947295816,29.447844490076232,29.08679149236757,29.31134986877441,3895600,0.0,0.0,-,26.560422077178956,28.684625968933105,28.83537244796753,29.31971321105957,2671544.0
07/17/2013,29.276121030277736,29.44784113405148,28.9370848498058,29.086788177490234,2429600,0.0,0.0,-,26.55561124801636,28.68244556427002,28.78407621383667,29.267756271362305,2670792.0
07/16/2013,29.41262551435601,29.606359077869968,29.157245635986328,29.157245635986328,2181200,0.0,0.0,-,26.551639242172243,28.673338928222655,28.76756477355957,29.240897369384765,2669372.0
07/15/2013,29.58873836566977,29.64598063707584,29.33776258286348,29.35977935791016,2241000,0.0,0.0,-,26.547227630615236,28.667214660644532,28.730578708648682,29.2047908782959,2697308.0
07/12/2013,29.610754012287597,29.839713011321862,29.368582933155874,29.522693634033203,3087000,0.0,0.0,-,26.544249515533448,28.64790573120117,28.6905104637146,29.122452545166016,2747240.0
07/11/2013,29.707633886519428,29.73845536670888,29.44784995981745,29.60636138916016,2498600,0.0,0.0,-,26.54058786392212,28.628236770629883,28.6528639793396,29.023383331298827,2738720.0
07/10/2013,29.12201331522309,29.58873940080425,29.12201331522309,29.50067901611328,2508600,0.0,0.0,-,26.539019470214843,28.616379737854004,28.57118616104126,28.86839351654053,2773444.0
07/09/2013,29.46985447177149,29.65918730246875,29.2497001737183,29.25850486755371,2697000,0.0,0.0,-,26.535009202957152,28.60356258392334,28.501617431640625,28.728815841674805,2796588.0
07/08/2013,29.284927326982142,29.57552927004872,29.108803206702422,29.2805233001709,2562800,0.0,0.0,-,26.532362689971922,28.590319061279295,28.464851760864256,28.5896785736084,2795936.0
07/05/2013,29.0515639259823,29.30694036988875,28.65088147345753,29.11320686340332,1498800,0.0,0.0,-,26.533056917190553,28.575844841003416,28.428966522216797,28.470795249938966,2817184.0
07/03/2013,28.52759597093685,28.87984085232733,28.461549005898583,28.79178047180176,960800,0.0,0.0,-,26.536094741821287,28.552333297729493,28.37106590270996,28.351031684875487,2841516.0
07/02/2013,28.84021593344044,29.03395281010299,28.681704554223497,28.818199157714844,1699200,0.0,0.0,-,26.540324754714966,28.535952796936034,28.33560428619385,28.300396156311034,2902316.0
07/01/2013,28.752150540604685,29.02954372626937,28.68610358422136,28.796180725097656,2756000,0.0,0.0,-,26.541889123916626,28.51289611816406,28.314191246032713,28.294232177734376,2921940.0
06/28/2013,28.36907998709511,28.941482445330436,28.36907998709511,28.536396026611328,4223600,0.0,0.0,-,26.542646255493164,28.489050369262696,28.297392082214355,28.256366539001466,2938636.0
06/27/2013,28.22818745581134,28.721334346788534,28.22818745581134,28.532001495361328,2249000,0.0,0.0,-,26.546034593582153,28.467326278686524,28.282823181152345,28.258568382263185,2937892.0
06/26/2013,28.25900478516508,28.496771821365144,28.052059215178662,28.05646324157715,2247000,0.0,0.0,-,26.552174978256225,28.449905776977538,28.27615909576416,28.282344627380372,2967236.0
06/25/2013,28.131319711795577,28.342669344377068,27.73944527741329,28.10490226745605,2501600,0.0,0.0,-,26.563139247894288,28.449109992980958,28.303371524810792,28.273978805541994,2999592.0
06/24/2013,27.97280531214625,28.11370393225107,27.58533494668,27.86713218688965,2410200,0.0,0.0,-,26.571720914840697,28.440933990478516,28.35231466293335,28.274419021606445,3048576.0
06/21/2013,28.11810918576544,28.263411838888093,27.713024375556568,28.09169006347656,4468200,0.0,0.0,-,26.584112310409544,28.451565742492676,28.404583263397218,28.340024948120117,3104948.0
06/20/2013,28.069678580174525,28.122515151907383,27.75265579048872,27.915571212768555,2320800,0.0,0.0,-,26.59476936340332,28.450065422058106,28.42893714904785,28.387137794494627,3279360.0
06/19/2013,28.686107648169585,28.93708343055167,28.24139499542652,28.285425186157227,1645600,0.0,0.0,-,26.606787538528444,28.42082130432129,28.464731407165527,28.391100120544433,3305420.0
06/18/2013,28.338267461574382,28.818202319597265,28.32945940660241,28.75655937194824,1625800,0.0,0.0,-,26.61820137023926,28.37864692687988,28.503331470489503,28.37081241607666,3353236.0
06/17/2013,28.800594121998635,28.800594121998635,28.17095085730781,28.417524337768555,1943400,0.0,0.0,-,26.626058225631713,28.324502906799317,28.49531993865967,28.334150314331055,3395680.0
06/14/2013,28.769760694145628,29.038349193789,28.27661723981381,28.55841445922852,2738800,0.0,0.0,-,26.635806522369386,28.277139587402345,28.514579868316652,28.338417625427248,3434536.0
06/13/2013,28.26781238275024,28.9106659314572,28.14452650522996,28.769763946533203,3429800,0.0,0.0,-,26.645351638793944,28.233633193969727,28.51120557785034,28.307077980041505,3461788.0
06/12/2013,28.281023060999395,28.34266599670299,27.89795336688014,27.97280502319336,1365000,0.0,0.0,-,26.65229242324829,28.178698234558105,28.526466274261473,28.26997356414795,3487912.0
06/11/2013,28.184157772401477,28.395504044289535,27.955197071663783,28.109304428100582,1596000,0.0,0.0,-,26.66446044921875,28.14101974487305,28.571036338806152,28.33276424407959,3555596.0
06/10/2013,28.598043110110535,28.708120263512487,28.347067334725622,28.523191452026367,1930800,0.0,0.0,-,26.675640783309937,28.104300079345702,28.591654682159422,28.430210304260253,3628064.0
06/07/2013,28.236987762377044,28.598040660233988,28.038850246942417,28.56281852722168,2376000,0.085,0.0,-,26.68494791984558,28.0662410736084,28.611339950561522,28.469141578674318,3716588.0
06/06/2013,28.148412305611917,28.174762552291742,27.54680082806236,27.9551944732666,3393200,0.0,0.0,-,26.6935555934906,28.02238338470459,28.626409339904786,28.470736503601074,3746700.0
06/05/2013,28.38554922702974,28.53046388217921,27.911286585509394,28.08254814147949,1670000,0.0,0.0,-,26.702999849319458,27.985232734680174,28.68064241409302,28.53836269378662,3778656.0
06/04/2013,28.41189298597556,28.600720238384312,28.21428455103699,28.389938354492188,1922400,0.0,0.0,-,26.711894550323485,27.942109985351564,28.73663148880005,28.635850524902345,3871608.0
06/03/2013,28.293328180567435,28.46458971508985,27.91567368128272,28.46019744873047,2640000,0.0,0.0,-,26.717159776687623,27.894332275390624,28.748707389831544,28.65648956298828,3938696.0
05/31/2013,28.262583717197305,28.90371712242762,27.977146763076085,28.245018005371094,5081200,0.0,0.0,-,26.722378911972047,27.835049438476563,28.768249130249025,28.690742111206056,4066120.0
05/30/2013,28.70172251747347,28.855418340483787,28.38115407206538,28.398719787597656,2269800,0.0,0.0,-,26.727540531158446,27.76347080230713,28.775714874267578,28.71533317565918,4046204.0
05/29/2013,28.859801860189364,28.98275848133223,28.45580057634376,28.60071182250977,2861600,0.0,0.0,-,26.733306827545167,27.682582511901856,28.782741165161134,28.782958984375,4117384.0
05/28/2013,29.083765029907227,29.17598251019909,28.91689243196436,29.083765029907227,2541200,0.0,0.0,-,26.739152975082398,27.602748413085937,28.803381061553956,28.809308433532713,4164776.0
05/24/2013,28.684156596518083,29.05741883553219,28.2450237623091,28.912504196166992,3653200,0.0,0.0,-,26.742169761657713,27.51536106109619,28.792183876037598,28.753099060058595,4226872.0
05/23/2013,28.649027293014584,28.728071343054253,28.236244676423308,28.578767776489254,2792800,0.0,0.0,-,26.745432510375977,27.42779811859131,28.776375102996827,28.75353832244873,4238596.0
05/22/2013,29.11450512112396,29.19354915680452,28.45580594055842,28.63145637512207,2255600,0.0,0.0,-,26.751017837524415,27.341815872192385,28.77527732849121,28.782082176208498,4318032.0
05/21/2013,28.649032675753443,29.136470517527627,28.51729480114761,29.05742645263672,2912200,0.0,0.0,-,26.752307291030885,27.26013729095459,28.74058599472046,28.822922134399413,4328140.0
05/20/2013,28.56119730777511,28.76319799086371,28.381151254183795,28.59632873535156,2939800,0.0,0.0,-,26.75111819267273,27.172398452758788,28.686352443695068,28.837412452697755,4350024.0
05/17/2013,28.618287932173004,28.842246630818813,28.49972353307691,28.802722930908203,3570200,0.0,0.0,-,26.752953853607178,27.0940571975708,28.6398042678833,28.840925216674805,4460428.0
05/16/2013,28.899322198928807,29.03106335035024,28.398711184034,28.490928649902344,4098400,0.0,0.0,-,26.755239782333373,27.00306884765625,28.579862785339355,28.845756149291994,4788216.0
05/15/2013,28.92567435356028,29.07937014017834,28.627063960852244,29.07497787475586,3039600,0.0,0.0,-,26.759389762878417,26.95757495880127,28.527825927734376,28.836096572875977,4803560.0
05/14/2013,28.54363783046634,29.061814774324453,28.52167984585414,28.864206314086918,3396200,0.0,0.0,-,26.759006547927857,26.897413940429686,28.457125854492187,28.782523345947265,4818676.0
05/13/2013,28.903718000782927,28.903718000782927,28.46458524273377,28.521671295166016,2803800,0.0,0.0,-,26.760004148483276,26.837428321838377,28.414749240875246,28.797453689575196,4854464.0
05/10/2013,28.952028251315607,29.0354645629484,28.63585207072575,28.91689682006836,2777000,0.0,0.0,-,26.762169542312623,26.777530822753906,28.373470783233643,28.8312686920166,4887756.0
05/09/2013,28.97837845317977,29.2462497839219,28.7236839233958,28.864206314086918,3853800,0.0,0.0,-,26.76340503692627,26.70858684539795,28.34756193161011,28.79921188354492,4938028.0
05/08/2013,29.132073459185754,29.197944060815534,28.82468178533741,29.03985595703125,3017400,0.0,0.0,-,26.766015663146973,26.636832542419434,28.305185317993164,28.768472480773926,4930920.0
05/07/2013,28.7368499646576,29.20232963562012,28.591935344344563,29.20232963562012,3858000,0.0,0.0,-,26.77021101951599,26.549884185791015,28.175860786437987,28.658249855041504,4975804.0
05/06/2013,28.872980748123016,28.956417049762848,28.447021408639863,28.63145637512207,2358600,0.0,0.0,-,26.775097999572754,26.462584609985353,28.02457962036133,28.535292434692384,4997068.0
05/03/2013,28.666597229941463,28.978381209242944,28.552421729671583,28.85103225708008,3578000,0.0,0.0,-,26.782839345932008,26.400754776000976,27.89547472000122,28.438683319091798,5038176.0
05/02/2013,28.53924418610752,28.662200853238293,28.20989453472811,28.394332885742188,4737600,0.0,0.0,-,26.787913427352905,26.33084476470947,27.75539102554321,28.31396942138672,5043412.0
05/01/2013,28.965205045154832,29.03107564877028,28.46898608517885,28.53924560546875,2661000,0.0,0.0,-,26.794617156982422,26.278499946594238,27.654829120635988,28.219555282592772,5029260.0
04/30/2013,28.943250230514032,29.03546773487392,28.71489925277883,29.01350975036621,4234800,0.0,0.0,-,26.79935387611389,26.23256660461426,27.529017639160156,28.13172836303711,5060656.0
04/29/2013,28.653428273360785,28.969604569669585,28.63147028321532,28.85982131958008,3665800,0.0,0.0,-,26.79971393585205,26.176972808837892,27.382786178588866,28.03204479217529,5081604.0
04/26/2013,28.52167361417227,28.71928538155181,28.433848395548477,28.59632873535156,2664400,0.0,0.0,-,26.80119123458862,26.128568878173827,27.253461170196534,27.915672874450685,5061740.0
04/25/2013,28.08694021187057,28.618290625073627,28.00350556294781,28.556812286376957,3625200,0.0,0.0,-,26.80400774002075,26.085960388183594,27.15465679168701,27.895911979675294,5089312.0
04/24/2013,27.95519541464596,28.310893603944685,27.84541220901584,27.93762969970703,2715400,0.0,0.0,-,26.807523221969603,26.046068954467774,27.045312881469727,27.8418981552124,5091880.0
04/23/2013,27.97714602238998,28.24940952301269,27.70927478718677,27.972755432128903,4000800,0.0,0.0,-,26.814287109375,26.020312843322753,26.95331449508667,27.693471717834473,5111172.0
04/22/2013,27.66097462837345,27.766365557786017,27.35797193720542,27.66536521911621,2680400,0.0,0.0,-,26.811263065338135,25.99560546875,26.850997257232667,27.513866806030272,5140696.0
04/19/2013,27.437022315525635,27.696110783376447,27.41506600641808,27.603893280029297,3590800,0.0,0.0,-,26.810735025405883,25.970302505493166,26.76778163909912,27.352266120910645,5234536.0
04/18/2013,27.788323965992664,27.788323965992664,27.24380021409209,27.45019149780273,4186400,0.0,0.0,-,26.808879585266112,25.935894813537598,26.662389755249023,27.196812629699707,5264316.0
04/17/2013,27.79710650876752,28.02984803693096,27.502888330452784,27.66097640991211,3716200,0.0,0.0,-,26.806048917770386,25.908852462768554,26.523184490203857,27.0901029586792,5279068.0
04/16/2013,27.81906393446627,28.04302261443855,27.70489013645836,28.016674041748047,3864800,0.0,0.0,-,26.806589069366456,25.8687491607666,26.35785093307495,26.926306915283202,5265272.0
04/15/2013,27.86297305477477,28.31528092203597,27.62145037962745,27.696102142333984,4950800,0.0,0.0,-,26.810887088775633,25.82888847351074,26.187467575073242,26.73352756500244,5277604.0
04/12/2013,28.11328277325412,28.46019811680178,27.836630291835547,28.398719787597656,5228800,0.0,0.0,-,26.81500062942505,25.797803688049317,26.03838233947754,26.591249465942383,5275444.0
04/11/2013,27.674150972565503,28.543633769446508,27.647802399875,28.016674041748047,13188800,0.0,0.0,-,26.81791156768799,25.754242935180663,25.845164203643797,26.41340160369873,5258820.0
04/10/2013,26.207450311021887,26.45775591764079,26.17671114355353,26.45336532592773,3623800,0.0,0.0,-,26.822013425827027,25.714206886291503,25.658313274383545,26.24872760772705,5093552.0
04/09/2013,26.014227648136497,26.334794389134316,25.73318125074185,26.176706314086918,4036400,0.0,0.0,-,26.8369398021698,25.7133190536499,25.56302137374878,26.21315727233887,5097528.0
04/08/2013,25.97031432746171,26.07570693979224,25.87370457242195,26.04935836791992,3748000,0.0,0.0,-,26.854077701568603,25.724795532226562,25.48771028518677,26.188127708435058,5105960.0
04/05/2013,25.99666289933403,26.15914157131647,25.891270287003497,26.04935836791992,3886200,0.0,0.0,-,26.872484493255616,25.73934440612793,25.41920566558838,26.183297157287598,5170880.0
04/04/2013,26.075701546632803,26.48409511281384,26.04057012473584,26.383094787597656,4101400,0.0,0.0,-,26.887425594329834,25.735852241516113,25.329403018951417,26.12796688079834,5185008.0
04/03/2013,26.10206003518162,26.413845679990818,25.842971546631496,26.02301597595215,4736000,0.0,0.0,-,26.8983221244812,25.723758735656737,25.3210599899292,25.956266021728517,5189364.0
04/02/2013,26.347968967460137,26.409447293692143,26.03618507004996,26.08888053894043,4749200,0.0,0.0,-,26.90822908401489,25.713174247741698,25.32325553894043,25.7893949508667,5167880.0
04/01/2013,26.56314878704116,26.611451996959943,26.20745054932568,26.2733211517334,5219400,0.0,0.0,-,26.919550466537476,25.70171028137207,25.312057781219483,25.641407585144044,5130264.0
03/28/2013,26.39628407917873,26.64658974740117,26.2030644930706,26.620241165161133,6357000,0.0,0.0,-,26.92715964317322,25.680427207946778,25.27473154067993,25.485515213012697,5096360.0
03/27/2013,25.86053991217179,26.466543869901614,25.83419300650483,26.36993408203125,3881600,0.0,0.0,-,26.934647188186645,25.655971450805666,25.2172043800354,25.276926803588868,5054664.0
03/26/2013,26.0976619720459,26.33918467270184,25.99226936485783,26.0976619720459,4991000,0.0,0.0,-,26.939942417144774,25.621195831298827,25.162532234191893,25.06789894104004,5030544.0
03/25/2013,25.97471556926049,26.154760018038907,25.85175719986009,25.926410675048828,6317600,0.0,0.0,-,26.948429889678955,25.59466823577881,25.092271041870116,24.912885475158692,4985020.0
03/22/2013,25.399441385545103,26.172314381542847,25.28965818482528,26.001052856445312,5276800,0.0,0.0,-,26.954613122940064,25.577958908081055,25.037818050384523,24.787292861938475,4926720.0
03/21/2013,24.705615079297903,25.640968582271743,24.398223403579784,25.496055603027344,9011200,0.0,0.0,-,26.959660263061522,25.5562536239624,25.014763641357423,24.65511417388916,4925552.0
03/20/2013,24.53434670461596,24.696827031085466,24.336736628611508,24.66608619689941,4085400,0.0,0.0,-,26.966425905227663,25.543947639465333,25.0077374458313,24.53083915710449,4841748.0
03/19/2013,24.578263938769062,24.63534999801753,24.18304373927112,24.354305267333984,5828800,0.0,0.0,-,26.98061086654663,25.55480926513672,25.06328773498535,24.685853958129883,4831712.0
03/18/2013,24.39822330132245,24.701224384042803,24.3367432912775,24.609006881713867,5231200,0.0,0.0,-,26.994875888824463,25.575234298706054,25.157701396942137,24.85711612701416,4803912.0
03/15/2013,24.43774492795448,24.92957327416312,24.43335266115784,24.71439743041992,5646000,0.0,0.0,-,27.008759088516236,25.59783447265625,25.238942050933836,24.982707977294922,4986252.0
03/14/2013,24.363095491076717,24.71879377817509,24.31040000693003,24.53435707092285,4239400,0.0,0.0,-,27.021049671173095,25.580318145751953,25.32520341873169,25.063947868347167,5015764.0
03/13/2013,24.63096139829911,24.72317889391781,24.205002001642928,24.27965545654297,6764600,0.0,0.0,-,27.034131679534912,25.56333740234375,25.42178077697754,25.157481956481934,5012156.0
03/12/2013,24.670483976825352,24.80661576520245,24.47287385665178,24.547527313232425,2761000,0.0,0.0,-,27.0476172542572,25.543743858337404,25.535910034179686,25.25716552734375,4933120.0
03/11/2013,24.595831084553247,24.841746092540102,24.529962159756742,24.67048454284668,4006400,0.0,0.0,-,27.058110609054566,25.51817981719971,25.64102487564087,25.271656608581544,4966624.0
03/08/2013,24.48165586265678,24.94713727673488,24.371872652510337,24.67926597595215,8460000,0.0,0.0,-,27.06601004600525,25.483588180541993,25.744369983673096,25.288343238830567,4959740.0
03/07/2013,26.17670765484172,26.17670765484172,24.09082676090819,24.253305435180664,19959600,0.0,0.0,-,27.074539823532106,25.460906867980956,25.830417537689208,25.374413108825685,4820344.0
03/06/2013,26.00984121013262,26.23379992501871,25.90884084514521,26.21623420715332,4865600,0.0,0.0,-,27.085155878067017,25.44814582824707,25.911927700042725,25.484635734558104,4555364.0
03/05/2013,25.89566540802329,26.17231790496708,25.75953361774696,26.06692695617676,3795400,0.0,0.0,-,27.089371767044067,25.390258560180666,25.906019687652588,25.44072151184082,4553936.0
03/04/2013,25.34235622396132,25.895664549829863,25.250138728036184,25.864925384521484,5185600,0.0,0.0,-,27.092094125747682,25.339999046325683,25.885463905334472,25.458286666870116,4580436.0
03/01/2013,25.42140370624197,25.57510122871511,25.127185462766796,25.526796340942383,4468400,0.0,0.0,-,27.094434566497803,25.29920944213867,25.89339962005615,25.495176124572755,4575416.0
02/28/2013,25.351131915956447,25.715612880383937,25.28087074723238,25.469697952270508,5290600,0.0,0.0,-,27.100749282836915,25.267371788024903,25.92415294647217,25.58645896911621,4570512.0
02/27/2013,24.70122644402956,25.43457760726925,24.670487274023053,25.276491165161133,3498400,0.0,0.0,-,27.107784452438356,25.223889808654786,25.961702156066895,25.686079597473146,4542552.0
02/26/2013,24.841743350558264,25.061309759295856,24.670481819768344,24.69243812561035,5261600,0.0,0.0,-,27.11443724632263,25.187249603271486,25.99862117767334,25.814654541015624,4555752.0
02/25/2013,25.65413641576096,25.67609439506951,24.82417572272006,24.837350845336918,4921200,0.0,0.0,-,27.123597068786623,25.169909744262696,26.084447956085206,26.010393142700195,4536496.0
02/22/2013,25.41261575640573,25.6058352687907,24.99983150976661,25.53996467590332,4414000,0.0,0.0,-,27.134772663116454,25.152211380004882,26.180106925964356,26.200396728515624,4509224.0
02/21/2013,25.763923705022616,25.812228586922267,25.337965976330665,25.355531692504883,3839800,0.0,0.0,-,27.142870121002197,25.125540084838867,26.241948795318603,26.286421966552734,4488128.0
02/20/2013,26.260137320299435,26.343573612375977,25.74196055696752,25.77709197998047,4030000,0.085,0.0,-,27.15465180397034,25.104396743774416,26.267909717559814,26.339219665527345,4486524.0
02/19/2013,26.31701852435369,26.31701852435369,25.892269100883684,26.242578506469727,4230800,0.0,0.0,-,27.164630184173586,25.07245746612549,26.267976093292237,26.371317863464355,4496548.0
02/15/2013,26.45714168049076,26.61478132699492,25.879130756913494,26.23381996154785,5282200,0.0,0.0,-,27.169258108139037,25.032346992492677,26.23053674697876,26.312641143798828,4492952.0
02/14/2013,26.382698993034925,26.588506474066783,26.28198515583398,26.439624786376957,2672600,0.0,0.0,-,27.171841926574707,24.992937049865724,26.194629859924316,26.29162311553955,4480452.0
02/13/2013,26.62354390981227,26.86438155820025,26.44839001571522,26.465904235839844,4043000,0.0,0.0,-,27.17496266365051,24.957818450927736,26.133106994628907,26.261846923828124,4526812.0
02/12/2013,26.702364387388048,26.706744195329723,26.352054920382766,26.562240600585938,3753600,0.0,0.0,-,27.175668392181397,24.927166328430175,26.079684448242187,26.237324714660645,4669128.0
02/11/2013,26.61917216187139,26.7374019457298,26.4483963642118,26.64982414245605,3680000,0.0,0.0,-,27.17441354751587,24.898868293762206,25.983130073547365,26.182587814331054,4689660.0
02/08/2013,26.619156987032262,27.022012313864188,26.47027530746249,26.73738670349121,5477000,0.0,0.0,-,27.170176219940185,24.868818588256836,25.889202976226805,26.158502769470214,4705080.0
02/07/2013,25.721492298038104,27.17965566001871,25.721492298038104,26.40021705627441,7372400,0.0,0.0,-,27.166327514648437,24.83247459411621,25.8068808555603,26.159817123413085,4738036.0
02/06/2013,25.992980465430584,26.1593780435775,25.651429036440405,25.883508682250977,5079800,0.0,0.0,-,27.164882354736328,24.80103946685791,25.732659435272218,26.197475624084472,4709808.0
02/05/2013,25.70397651923297,26.251335466957663,25.66018680117083,26.098073959350582,4924000,0.0,0.0,-,27.165781507492067,24.771813735961913,25.68252182006836,26.196599769592286,4648704.0
02/04/2013,25.922922771109786,26.19879217692053,25.62515933921405,25.655811309814453,3026400,0.0,0.0,-,27.16652129173279,24.735501136779785,25.638076496124267,26.16463432312012,4621580.0
02/01/2013,26.347675311986325,26.352055119961168,25.97109367610815,26.02363967895508,4481400,0.0,0.0,-,27.168080463409424,24.7056750869751,25.624063777923585,26.148432350158693,4650508.0
01/31/2013,26.21630288205668,26.25571279189082,25.918539490066955,26.14186286926269,4842800,0.0,0.0,-,27.166756563186645,24.670501823425294,25.609832572937012,26.09763660430908,4696016.0
01/30/2013,25.95357072421732,26.33015392805136,25.922918758361703,26.22068214416504,4397600,0.0,0.0,-,27.164493589401246,24.617151412963867,25.49466848373413,26.004367065429687,4751560.0
01/29/2013,26.413348776969933,26.46589475934347,25.98859777089994,26.01487159729004,4925400,0.0,0.0,-,27.161814756393433,24.56833999633789,25.367900371551514,25.92204418182373,4867796.0
01/28/2013,26.807450919589435,26.82934494224202,26.33015387597285,26.408973693847656,3822600,0.0,0.0,-,27.158207645416258,24.529672775268555,25.23215570449829,25.783672332763672,4861180.0
01/25/2013,26.820592131058238,26.86438018474199,26.60602665903061,26.75053024291992,4458000,0.0,0.0,-,27.15054214477539,24.495791015625,25.07517328262329,25.6199031829834,4934364.0
01/24/2013,26.36080890265856,26.820590113377914,26.3038831008264,26.77680206298828,6994000,0.0,0.0,-,27.1455403137207,24.442934799194337,24.88469190597534,25.453944587707518,4919144.0
01/23/2013,25.72149031260505,25.953569953017706,25.69959462015292,25.8747501373291,4592600,0.0,0.0,-,27.141733770370482,24.3898152923584,24.723111820220947,25.26784324645996,4869232.0
01/22/2013,25.45000408828005,25.90978532308702,25.266092262520115,25.778419494628903,4319200,0.0,0.0,-,27.139305715560912,24.35866798400879,24.61013698577881,25.168443870544433,4848468.0
01/18/2013,25.42810783651609,25.50254952405188,25.18289041989003,25.493791580200195,3661800,0.0,0.0,-,27.137424545288084,24.334601669311525,24.487309551239015,25.11151866912842,4827424.0
01/17/2013,25.18726688641046,25.616396055785053,25.18726688641046,25.515682220458984,2868400,0.0,0.0,-,27.137249221801756,24.325750617980958,24.390317535400392,25.099695205688477,4835196.0
01/16/2013,25.30112339707947,25.36242734148661,25.069043701707503,25.20916748046875,3524200,0.0,0.0,-,27.136029329299927,24.32065517425537,24.305805683135986,25.12202854156494,4855732.0
01/15/2013,24.57422504350814,25.42372713701204,24.5479528850084,25.39745330810547,4272200,0.0,0.0,-,27.137755613327027,24.313303146362305,24.242092990875243,24.984969902038575,4931208.0
01/14/2013,24.76689872960172,24.91578043297399,24.56984917066681,24.631153106689453,2675600,0.0,0.0,-,27.139823608398437,24.304456939697264,24.137000274658202,24.8137565612793,5117708.0
01/11/2013,25.095319503835917,25.18289561962133,24.73187227577855,24.77128219604492,2714800,0.0,0.0,-,27.144983701705932,24.34430923461914,24.077666664123534,24.68063907623291,5129076.0
01/10/2013,24.942062527494173,25.13911216490745,24.683708929642908,25.090944290161133,3402600,0.0,0.0,-,27.148921184539795,24.381096687316894,24.030374813079835,24.530443382263183,5160140.0
01/09/2013,25.34491801461041,25.54634577666306,24.74939100470908,24.91578865051269,5218400,0.0,0.0,-,27.147671852111817,24.40913215637207,23.973449230194092,24.315439224243164,5181756.0
01/08/2013,25.08218413629453,25.266097671836352,24.863240485187465,24.880756378173828,4821000,0.0,0.0,-,27.14755928039551,24.44372848510742,23.937979793548585,24.178380393981932,5155300.0
01/07/2013,25.26609328759276,25.37994323143357,25.064665564424367,25.20916748046875,3583600,0.0,0.0,-,27.147948083877562,24.482083168029785,23.908860206604004,24.051830101013184,5162788.0
01/04/2013,25.74338216453843,25.75651824257692,25.29235733047258,25.37555694580078,4438800,0.0,0.0,-,27.14549867630005,24.50487113952637,23.857408237457275,23.863100433349608,5185496.0
01/03/2013,24.841346926690715,25.887897331624764,24.828210841904813,25.739015579223636,14348200,0.0,0.0,-,27.13978151321411,24.53795997619629,23.80048313140869,23.680939865112304,5199676.0
01/02/2013,23.76414105513588,23.88674894955916,23.2255399426814,23.83858108520508,7121600,0.0,0.0,-,27.132421045303346,24.570244522094725,23.72669849395752,23.489582824707032,5000788.0
12/31/2012,23.186128734788127,23.751003651963693,23.15985490012629,23.68531990051269,4059000,0.0,0.0,-,27.135780620574952,24.63346134185791,23.76895418167114,23.49921607971191,4944308.0
12/28/2012,23.168612426105984,23.610877777270314,23.1642342889451,23.299978256225582,2812800,0.0,0.0,-,27.14038498878479,24.7104016494751,23.831353092193602,23.460243988037107,4957152.0
12/27/2012,22.98907771903785,23.33500900370774,22.77451225868105,23.269325256347656,4436200,0.0,0.0,-,27.14774253845215,24.788496589660646,23.9237211227417,23.474694252014157,4959236.0
12/26/2012,23.51453535750249,23.59773329720734,22.91900869113404,22.940902709960938,3662200,0.0,0.0,-,27.1545138835907,24.86239963531494,24.017621803283692,23.530306243896483,5001544.0
12/24/2012,23.53206426341603,23.61088244072969,23.31749875119569,23.54520034790039,1490200,0.0,0.0,-,27.16155716896057,24.94671516418457,24.116586017608643,23.631459236145016,5031464.0
12/21/2012,23.028484617681475,23.729103369206584,22.840193015007817,23.615253448486328,6710600,0.0,0.0,-,27.16423059463501,25.03650447845459,24.180749034881593,23.69757919311523,5055044.0
12/20/2012,23.6678020818554,23.742243772126816,23.177368900987524,23.321870803833008,4794200,0.0,0.0,-,27.165618543624877,25.121398162841796,24.221097469329834,23.76589031219482,4998160.0
12/19/2012,23.75975709734814,24.32025381054481,23.44447947098244,23.55395126342773,5120400,0.0,0.0,-,27.168038454055786,25.2251766204834,24.26912612915039,23.851716041564938,4958668.0
12/18/2012,24.0224947715,24.035630854452844,23.74224719912408,23.8254451751709,4934600,0.0,0.0,-,27.169732913970947,25.331564636230468,24.299654006958008,23.92002639770508,4935532.0
12/17/2012,23.335008655257745,23.94804971636693,23.30435668572264,23.934913635253903,4223200,0.0,0.0,-,27.167829866409303,25.426407356262207,24.321630573272706,23.963814163208006,5010324.0
12/14/2012,23.35252478652485,23.50140482843955,23.269325150858307,23.29559898376465,3892600,0.0,0.0,-,27.166140613555907,25.530243339538575,24.29860200881958,24.038692283630372,5006572.0
12/13/2012,23.825442289147546,23.996218028477266,23.42258687025766,23.444480895996094,4158400,0.0,0.0,-,27.16564706802368,25.640487899780272,24.32282762527466,24.202462196350098,4991244.0
12/12/2012,23.98308485223418,24.07066263620348,23.61087968796648,23.8254451751709,4298800,0.0,0.0,-,27.1649746131897,25.749502143859864,24.354679107666016,24.37274799346924,5011012.0
12/11/2012,24.32901593036216,24.407835768084425,23.8998866307672,23.95243263244629,3557600,0.0,0.0,-,27.161309900283815,25.837268409729003,24.399151134490968,24.504937362670898,5042452.0
12/10/2012,24.35528160803902,24.504163298475504,24.197641974587825,24.20639991760254,3359200,0.0,0.0,-,27.156357793807985,25.925203437805177,24.40691547393799,24.601712799072267,5027224.0
12/07/2012,24.250196773720543,24.39032056240508,24.140724959410296,24.298364639282227,3759600,0.0,0.0,-,27.14991835594177,26.006923179626465,24.402636814117432,24.663918876647948,5028316.0
12/06/2012,24.15385426812215,24.32900979005529,24.013730518738377,24.18012809753418,4531200,0.0,0.0,-,27.143562812805175,26.08645435333252,24.403587818145752,24.676304626464844,5023992.0
12/05/2012,24.39907428465689,24.49103019186269,24.10131086764159,24.2370548248291,4051000,0.0,0.0,-,27.13586280822754,26.17813491821289,24.423336601257326,24.68653621673584,5007712.0
12/04/2012,24.73186186819386,24.845713443455978,24.25456488822568,24.263322830200195,4657200,0.0,0.0,-,27.127399711608888,26.26920108795166,24.464045810699464,24.679281616210936,5009444.0
12/03/2012,25.13909781478492,25.231053702950827,24.661800819019945,24.68369483947754,4990600,0.07,0.0,-,27.118261604309083,26.36978828430176,24.51392517089844,24.679446983337403,4998864.0
11/30/2012,25.16917597119573,25.199752761713267,24.86340639971029,24.933298110961918,11158800,0.0,0.0,-,27.10626039505005,26.45008689880371,24.521818733215333,24.55851173400879,5000280.0
11/29/2012,25.13860240216148,25.282751575625355,24.97698196495588,25.1473388671875,4780200,0.0,0.0,-,27.094163885116576,26.526004981994628,24.52291097640991,24.44319305419922,4847672.0
11/28/2012,24.928932240467923,25.17354826226557,24.688685284338447,25.1473388671875,4451000,0.0,0.0,-,27.081083955764772,26.61144557952881,24.596732425689698,24.33661022186279,4805280.0
11/27/2012,25.073072581090724,25.191010651618523,24.767303078138937,24.92018699645996,7124800,0.0,0.0,-,27.0680256652832,26.702914237976074,24.669898223876952,24.293364906311034,4812352.0
11/26/2012,24.42222431123618,24.837197156732024,24.37417459584161,24.82846069335937,5961000,0.0,0.0,-,27.055907945632935,26.797266159057617,24.748524761199953,24.21211814880371,4739568.0
11/23/2012,24.45279892337885,24.474639246711497,24.2387614218851,24.42222213745117,2024600,0.0,0.0,-,27.04377166748047,26.883318405151368,24.839381980895997,24.141354751586913,4688852.0
11/21/2012,24.234394285303992,24.426591478754585,24.177608107073823,24.28244400024414,3567800,0.0,0.0,-,27.03438232421875,26.97382610321045,24.958195400238036,24.13087100982666,4710984.0
11/20/2012,24.25187180270796,24.38291544424462,23.819425952695628,24.16450881958008,4472800,0.0,0.0,-,27.024282083511352,27.07245849609375,25.061501502990723,24.16013698577881,4733192.0
11/19/2012,23.63596600067039,24.28681683142035,23.60102013969329,24.264976501464844,6756800,0.0,0.0,-,27.01572582244873,27.184369888305664,25.204776000976562,24.248810005187988,4710996.0
11/16/2012,23.57480918328282,23.77137379228638,23.325825789988848,23.474342346191406,7620000,0.0,0.0,-,27.005430908203124,27.304056701660155,25.359189319610596,24.34840335845947,4640592.0
11/15/2012,23.513656645947204,23.871843356294946,22.823490952251188,23.78011131286621,10209400,0.0,0.0,-,26.999175968170167,27.430994567871092,25.53544330596924,24.485125732421874,4560616.0
11/14/2012,24.80662033982721,24.8765103804188,24.046564690372445,24.08151054382324,4594600,0.0,0.0,-,26.990502853393554,27.562300567626952,25.723054504394533,24.602628898620605,4419320.0
11/13/2012,24.08150639074149,24.91145027134623,24.046560543317437,24.71488571166992,7481800,0.0,0.0,-,26.980062475204466,27.685132369995117,25.879215240478516,24.8568546295166,4373020.0
11/12/2012,24.133928812729188,24.22129178422733,24.00288518863702,24.10771942138672,3697000,0.0,0.0,-,26.967301139831545,27.79721878051758,25.991694831848143,25.04643154144287,4277860.0
11/09/2012,24.2038206337376,24.334864267451135,23.946100765366545,24.120826721191406,4498400,0.0,0.0,-,26.958746852874757,27.92642822265625,26.144142818450927,25.28493137359619,4268568.0
11/08/2012,24.500847090160576,24.749830426340544,24.26060021602496,24.317384719848636,3554400,0.0,0.0,-,26.951753816604615,28.05057029724121,26.339834785461427,25.537409210205077,4234132.0
11/07/2012,24.815352292797712,25.07743948080218,24.54452697670876,24.575103759765625,3267000,0.0,0.0,-,26.942997131347656,28.171566276550294,26.516962432861327,25.785519790649413,4214576.0
11/06/2012,25.225964978750103,25.28275116734708,24.95514123255812,25.051239013671875,4050400,0.0,0.0,-,26.932279443740846,28.289412956237793,26.7137469291687,25.962866020202636,4218728.0
11/05/2012,24.898354251391908,25.31332715551049,24.762941549451245,25.260910034179688,3895200,0.0,0.0,-,26.918790683746337,28.3915465927124,26.90485258102417,26.160741996765136,4199848.0
11/02/2012,25.112391468123803,25.27401188470066,24.7585721781268,24.84156608581543,7298000,0.0,0.0,-,26.903385972976686,28.494456596374512,27.070186138153076,26.369975280761718,4178296.0
11/01/2012,26.099593293718264,26.099593293718264,24.509593232476306,24.95514297485352,13597200,0.0,0.0,-,26.890858840942382,28.60453269958496,27.28444347381592,26.585760879516602,4103428.0
10/31/2012,26.55824519892638,26.715498235134515,26.24374079282042,26.623767852783203,3244000,0.0,0.0,-,26.878132543563844,28.713122215270996,27.477077674865722,26.843480110168457,3920040.0
10/26/2012,26.60192003476697,26.68054653073651,26.39224826797496,26.610654830932617,4268000,0.0,0.0,-,26.85595690727234,28.786333923339843,27.590648937225343,26.90157585144043,3966408.0
10/25/2012,26.737332036131736,26.89895409850086,26.24373438515224,26.49271774291992,4483400,0.0,0.0,-,26.83384683609009,28.851001739501953,27.67080411911011,26.93695812225342,4026308.0
10/24/2012,26.912061404762696,26.929534332603208,26.527665323821985,26.645605087280277,3895600,0.0,0.0,-,26.811350421905516,28.918377151489256,27.763627433776854,27.003354263305663,4013056.0
10/23/2012,26.07338064185305,26.912062895235195,25.946706073768983,26.798490524291992,5195400,0.0,0.0,-,26.787243642807006,28.97432472229004,27.84596652984619,27.142260360717774,4008228.0
10/22/2012,26.90331889218349,27.064939272595925,26.156368891194138,26.34856605529785,4719000,0.0,0.0,-,26.76252429008484,29.028435401916504,27.91978816986084,27.248405075073244,3979788.0
10/19/2012,27.36197604737574,27.39255283523919,26.881482238398707,27.029998779296875,5147800,0.0,0.0,-,26.7408353805542,29.087010917663573,28.040567684173585,27.464627838134767,3947184.0
10/18/2012,27.08678654816452,27.50175943290654,27.00816170299472,27.353242874145508,4403800,0.0,0.0,-,26.7150452709198,29.137450523376465,28.12858591079712,27.648963165283202,3912400.0
10/17/2012,27.532332996537207,27.59785563719198,26.78538289136064,26.999422073364254,4297600,0.0,0.0,-,26.681565799713134,29.185784492492676,28.2255578994751,27.770396995544434,3867796.0
10/16/2012,26.995055248869388,27.632802116752888,26.995055248869388,27.53233528137207,4701200,0.0,0.0,-,26.64913966178894,29.239538497924805,28.310518074035645,27.983126068115233,3856020.0
10/15/2012,26.96447834139024,27.25277498358749,26.951374478752665,27.20472526550293,2917000,0.0,0.0,-,26.61456953048706,29.28019287109375,28.370361423492433,28.110675239562987,3827492.0
10/12/2012,27.191620593778985,27.239670310433823,26.89895656151412,26.9644775390625,6551600,0.0,0.0,-,26.58387145996094,29.330015029907226,28.48109359741211,28.279722023010255,3857032.0
10/11/2012,28.23997748780436,28.274923347891665,27.15231175408663,27.156679153442383,5158200,0.0,0.0,-,26.554201135635378,29.368512420654298,28.618908309936522,28.404650115966795,3821116.0
10/10/2012,27.851203685263044,28.29238420150053,27.83809982493524,28.034666061401367,2669200,0.0,0.0,-,26.524632577896117,29.401770973205565,28.74296350479126,28.52390060424805,3790836.0
10/09/2012,28.39285015787512,28.62872962063948,27.851201206302484,27.85993766784668,3866400,0.0,0.0,-,26.489090728759766,29.420346870422364,28.797783851623535,28.54967269897461,3814452.0
10/08/2012,28.742307461730288,28.934502987290664,28.458378239223872,28.51079368591309,2819600,0.0,0.0,-,26.453164558410645,29.44834629058838,28.852167320251464,28.591171264648438,3791972.0
10/05/2012,28.820936599300023,29.10486251514403,28.689891305356436,28.87335205078125,3963600,0.0,0.0,-,26.414309434890747,29.46454891204834,28.88733081817627,28.616507530212402,3815600.0
10/04/2012,29.222800913231065,29.28832355340237,28.25744423474153,28.56758117675781,8674200,0.0,0.0,-,26.373749980926515,29.467048568725588,28.931667137145997,28.608208656311035,3822268.0
10/03/2012,28.90393706900459,29.21407413148799,28.86025640279673,29.126712799072266,4035600,0.0,0.0,-,26.331227321624755,29.476971473693848,29.015753936767577,28.68071880340576,3707832.0
10/02/2012,29.13980593550272,29.19222471522268,28.6199972009614,28.80782699584961,3126200,0.0,0.0,-,26.287535743713377,29.473532218933105,29.050480079650878,28.637910079956054,3678924.0
10/01/2012,28.19629266455672,28.956346679785977,28.12203188968397,28.895193099975582,5146800,0.0,0.0,-,26.244158849716186,29.480655593872072,29.127359294891356,28.630047607421876,3688812.0
09/28/2012,27.829364113949424,28.25744244772615,27.30955708909176,28.21375846862793,5870800,0.0,0.0,-,26.20035598754883,29.49047836303711,29.19375467300415,28.682465171813966,3672024.0
09/27/2012,28.30550337247134,28.475860294061885,28.06525472273029,28.349184036254883,2796200,0.0,0.0,-,26.16003625869751,29.52378173828125,29.299027061462404,28.83316650390625,3634780.0
09/26/2012,28.226867700527144,28.410328428558607,28.148241198139385,28.292387008666992,3413800,0.0,0.0,-,26.119690084457396,29.560392570495605,29.409977436065674,28.962026405334473,3668384.0
09/25/2012,28.890828278167984,28.890828278167984,28.270554258922488,28.27492332458496,3543400,0.0,0.0,-,26.07971465110779,29.598139343261717,29.5117546081543,29.04589500427246,3667268.0
09/24/2012,28.51080381712708,29.02624366599048,28.51080381712708,28.76415634155273,3717200,0.0,0.0,-,26.038449182510377,29.629957847595215,29.616367626190186,29.11316337585449,3644040.0
09/21/2012,29.33201081624593,29.33201081624593,28.78162518037723,28.790363311767575,4137600,0.0,0.0,-,25.99558345794678,29.64937629699707,29.70153169631958,29.158154106140138,3639512.0
09/20/2012,28.68988182648887,29.3451014144879,28.56757470328145,29.29268264770508,4128200,0.0,0.0,-,25.952478294372558,29.663300819396973,29.769909572601318,29.25512561798096,3656400.0
09/19/2012,28.772886340480643,28.829670856059916,28.375384733565152,28.698625564575195,5061400,0.0,0.0,-,25.907219371795655,29.659157600402832,29.825595951080324,29.350789070129395,3647220.0
09/18/2012,29.388791125834864,29.410633118558216,28.689890682750004,28.72920227050781,3528400,0.0,0.0,-,25.863954725265504,29.66829071044922,29.907933235168457,29.463050079345702,3635292.0
09/17/2012,29.594094692739297,29.63340628160328,29.33200743578522,29.419368743896484,2660600,0.0,0.0,-,25.82038537979126,29.67689926147461,29.99070405960083,29.62467098236084,3618232.0
09/14/2012,29.70329886089463,29.74697951622481,29.375688946987704,29.72077178955078,4804600,0.0,0.0,-,25.769905662536623,29.673710060119628,30.033953285217287,29.705044174194335,3630876.0
09/13/2012,29.244650396608968,29.69893664863469,29.13544706677455,29.63778305053711,3485600,0.0,0.0,-,25.71825511932373,29.665102767944337,30.04011697769165,29.764887619018555,3719048.0
09/12/2012,29.06555035236942,29.310164674770373,28.99565864161475,29.131072998046875,3425200,0.0,0.0,-,25.664969854354858,29.61970603942871,30.051302242279053,29.857928466796874,3745756.0
09/11/2012,29.109229111545787,29.227170532616427,28.908295455128385,28.947607040405277,3131200,0.0,0.0,-,25.611962385177613,29.588279724121094,30.066897773742674,29.977614212036134,3795144.0
09/10/2012,29.655245879764585,29.663984009442125,29.17475205872029,29.21406364440918,4678200,0.0,0.0,-,25.559536066055298,29.553983688354492,30.094718647003173,30.119571876525878,3902920.0
09/07/2012,30.323567788296465,30.402194287862603,29.62029835679374,29.76007843017578,3363000,0.0,0.0,-,25.506934871673582,29.50738357543945,30.097882556915284,30.244909286499023,4087620.0
09/06/2012,30.044014411139564,30.301735958251317,29.939180165636422,30.249317169189453,3236600,0.0,0.0,-,25.452144432067872,29.46756214141846,30.087477588653563,30.28469352722168,4178340.0
09/05/2012,30.284259914284863,30.44151293267877,29.795027931212708,29.82123565673828,3621200,0.0,0.0,-,25.394031658172608,29.440101356506347,30.063508796691895,30.30040283203125,4207944.0
09/04/2012,30.201262155454604,30.43714166598391,30.17942016401633,30.34541130065918,3144600,0.0,0.0,-,25.338978719711303,29.414052848815917,30.056803131103514,30.35281639099121,4211720.0
08/31/2012,30.541972371696925,30.61186407014501,30.14447416778715,30.223100662231445,2279600,0.0,0.0,-,25.282321672439576,29.386762771606445,30.017785263061523,30.35673713684082,4230004.0
08/30/2012,30.428409539327816,30.729808385382203,30.306099042207745,30.31920623779297,2723800,0.0,0.0,-,25.228407125473023,29.35904167175293,29.99142189025879,30.362862396240235,4272628.0
08/29/2012,30.424042361522982,30.60750311965386,30.301735189435732,30.568191528320312,3232400,0.07,0.0,-,25.173070983886717,29.34143035888672,29.91992893218994,30.315346336364748,4308012.0
08/28/2012,30.31921323320759,30.5066649998634,30.232024431325403,30.327930450439453,2776600,0.0,0.0,-,25.11733365058899,29.322152252197267,29.832499694824218,30.24467601776123,4348008.0
08/27/2012,30.467446707666205,30.515399744766867,30.16229404058439,30.36718368530273,2576600,0.0,0.0,-,25.060958738327027,29.310207977294922,29.764276218414306,30.15618133544922,4387356.0
08/24/2012,30.101254651373573,30.515390767133496,30.09689437857959,30.467437744140625,3474600,0.0,0.0,-,25.0028191280365,29.28361587524414,29.708912467956544,30.069865417480468,4440884.0
08/23/2012,30.31049710553176,30.35408984986685,30.057654532109755,30.157920837402344,3106400,0.0,0.0,-,24.9481804561615,29.24551513671875,29.65158681869507,29.950855827331544,4454844.0
08/22/2012,30.25383391363569,30.537191806649822,30.25383391363569,30.40641021728516,2817600,0.0,0.0,-,24.894332218170167,29.20244487762451,29.59360752105713,29.89026165008545,4466904.0
08/21/2012,30.476152799287213,30.53718330375342,30.249465217630128,30.34537124633789,3554600,0.0,0.0,-,24.839014348983763,29.16137981414795,29.526473331451417,29.826614761352538,4476316.0
08/20/2012,30.707212529226275,30.872866362514173,30.310510727888165,30.384618759155277,4427800,0.0,0.0,-,24.78376372337341,29.11037551879883,29.45694227218628,29.76078987121582,4486496.0
08/17/2012,29.957402564660025,30.450007075956275,29.551983574082158,30.284353256225582,5562400,0.0,0.0,-,24.72554769515991,29.065038146972658,29.395911121368407,29.678833389282225,4474192.0
08/16/2012,29.39067381311472,30.341010206203265,29.12911403975088,29.84404563903809,7263000,0.0,0.0,-,24.668254880905153,29.00793067932129,29.351010036468505,29.619981384277345,4438184.0
08/15/2012,29.56505299650768,30.00970435221713,29.54761523194271,29.86148834228516,3820800,0.0,0.0,-,24.613931608200073,28.966952896118165,29.35275411605835,29.524511528015136,4351504.0
08/14/2012,29.700183098465605,29.81788714444743,29.211939132652333,29.442983627319336,3654200,0.0,0.0,-,24.559348077774047,28.91298427581787,29.368665981292725,29.420323371887207,4336768.0
08/13/2012,29.51710199845688,29.53453976421699,29.159636115159,29.504024505615234,3773400,0.0,0.0,-,24.507744045257567,28.86433422088623,29.40550308227539,29.372371101379393,4330832.0
08/10/2012,29.534541418715143,29.534541418715143,29.0027011739367,29.277341842651367,3088800,0.0,0.0,-,24.453227910995484,28.81123741149902,29.423594284057618,29.347959518432617,4350692.0
08/09/2012,29.721993132541023,29.817899186246223,29.251183410304893,29.551979064941406,3408600,0.0,0.0,-,24.401651611328123,28.77575214385986,29.446481132507323,29.352317810058594,4424688.0
08/08/2012,29.595567017499423,29.857126823227684,29.595567017499423,29.76994132995605,2173600,0.0,0.0,-,24.348907670974732,28.728858757019044,29.44321165084839,29.296953392028808,4439500.0
08/07/2012,29.76123037071197,29.86149671359062,29.578138780322565,29.687122344970703,3708800,0.0,0.0,-,24.29439244270325,28.68117286682129,29.40899066925049,29.226331901550292,4476144.0
08/06/2012,29.67839775015127,29.77866074220698,29.403757106882104,29.565053939819336,3274800,0.0,0.0,-,24.237954845428465,28.630880699157714,29.38239860534668,29.153094673156737,4444456.0
08/03/2012,29.24246132601604,29.74378622505331,29.216303017411235,29.69583320617676,4394000,0.0,0.0,-,24.18244129180908,28.582594795227052,29.36212739944458,29.11298885345459,4449892.0
08/02/2012,28.797801328047623,29.15962737582227,28.558039604010247,28.889347076416016,4755800,0.0,0.0,-,24.125743799209594,28.528213539123534,29.340331172943117,29.08203868865967,4456012.0
08/01/2012,29.168355429658188,29.17271237647898,28.653953002148484,28.81960678100586,3644200,0.0,0.0,-,24.07168334007263,28.483350563049317,29.36038417816162,29.180996704101563,4445920.0
07/31/2012,29.251175681421557,29.34708170978601,28.90243041799347,28.96346092224121,3850000,0.0,0.0,-,24.01952928543091,28.431965866088866,29.28780117034912,29.317008590698244,4520852.0
07/30/2012,29.294780889190044,29.43427971910373,29.14220456364608,29.25990867614746,2742400,0.0,0.0,-,23.964871129989625,28.38040107727051,29.21761598587036,29.438635063171386,4550764.0
07/27/2012,29.203220704406693,29.595562009566805,29.068082214928747,29.320924758911133,4001000,0.0,0.0,-,23.908860540390016,28.32273323059082,29.11626081466675,29.49922904968262,4652676.0
07/26/2012,28.771650615919956,29.251177461002637,28.553683565799343,28.998334884643555,4297000,0.0,0.0,-,23.85414577484131,28.277502975463868,28.994417476654053,29.540644454956055,4690656.0
07/25/2012,29.059369478712043,29.28605375336572,28.845759369348265,29.0637264251709,2952400,0.0,0.0,-,23.800308380126953,28.229764251708986,28.932951068878175,29.58946990966797,4710908.0
07/24/2012,29.22503047445485,29.31657626144036,28.789096254953883,28.95475006103516,2590200,0.0,0.0,-,23.74367777824402,28.175149993896483,28.923578643798827,29.591649436950682,4744148.0
07/23/2012,28.998338634698992,29.24682097093361,28.619078047027763,29.16399574279785,3620600,0.0,0.0,-,23.686261587142944,28.131849784851074,28.90178165435791,29.611702537536623,4781428.0
07/20/2012,29.769952529217125,29.98355939622948,29.259910217285437,29.38633155822754,4307400,0.0,0.0,-,23.625073289871217,28.08610450744629,28.892627239227295,29.61126594543457,4766384.0
07/19/2012,30.188440080201037,30.25383086830116,29.58249187390619,29.87892723083496,4008600,0.0,0.0,-,23.56158345222473,28.03051887512207,28.865162944793703,29.59862365722656,4758464.0
07/18/2012,30.07509904598705,30.532831279035705,30.000991031391045,30.179725646972656,4476400,0.0,0.0,-,23.49484097480774,27.963428382873534,28.843148612976073,29.53977165222168,4808304.0
07/17/2012,29.966115497729177,30.323581402978448,29.769946441230584,30.179725646972656,3358000,0.0,0.0,-,23.42906078338623,27.901283264160156,28.814376640319825,29.25859375,4794172.0
07/16/2012,29.65223842030074,30.07945533630528,29.543254886473548,29.86584854125977,2382000,0.0,0.0,-,23.362956094741822,27.840877876281738,28.791926193237305,28.996596908569337,4804132.0
07/13/2012,29.438643348550077,29.93125124620393,29.334020045667813,29.735078811645508,3490800,0.0,0.0,-,23.299502449035643,27.7977982711792,28.7505126953125,28.73329257965088,4861376.0
07/12/2012,28.972186935576424,29.59993325659399,28.87628087809718,29.48658943176269,4982000,0.0,0.0,-,23.237968311309814,27.758552055358887,28.69187879562378,28.44819049835205,4887256.0
07/11/2012,29.16835023563421,29.22502046743564,28.86319439092429,29.085521697998047,3669200,0.0,0.0,-,23.178098440170288,27.712183532714842,28.617769718170166,28.276432228088378,4868456.0
07/10/2012,29.242469911319404,29.52146756165031,29.068095548384,29.15528106689453,4465000,0.0,0.0,-,23.118697891235353,27.665484771728515,28.581151485443115,28.25550785064697,4880500.0
07/09/2012,29.25117557782473,29.425549871877724,29.07244433770736,29.159629821777344,2675400,0.0,0.0,-,23.057704620361328,27.623654594421385,28.51314525604248,28.1918607711792,4840420.0
07/06/2012,29.32529615429884,29.44736054064846,28.993988511950363,29.25990867614746,3292800,0.0,0.0,-,22.998149890899658,27.572602996826173,28.461051273345948,28.17398853302002,4838300.0
07/05/2012,27.899776625325547,29.386313195081694,27.899776625325547,29.290407180786133,9213200,0.0,0.0,-,22.93961893081665,27.51363025665283,28.369504833221434,28.13170223236084,4831168.0
07/03/2012,27.56411733359136,27.58591370947155,27.145620930046885,27.36794662475586,4821000,0.0,0.0,-,22.88104365348816,27.443869285583496,28.29474229812622,28.146525573730468,4705996.0
07/02/2012,27.25024272526667,27.99133110579988,27.25024272526667,27.559757232666016,5894600,0.0,0.0,-,22.83146411895752,27.41586326599121,28.284497833251955,28.370159530639647,4671892.0
06/29/2012,27.315632136951464,27.43333454995882,26.85354136695481,27.232805252075195,8520000,0.0,0.0,-,22.779097461700438,27.386891822814942,28.257034015655517,28.587255477905273,4633372.0
06/28/2012,27.47257009381712,27.529241998452544,26.047065236149997,26.884057998657227,13913200,0.0,0.0,-,22.726180534362793,27.363502502441406,28.2378529548645,28.76773281097412,4525636.0
06/27/2012,28.998339282241307,28.998339282241307,27.50744523154148,27.769006729125977,7899000,0.0,0.0,-,22.675028982162477,27.350741958618165,28.268803977966307,28.935567092895507,4323948.0
06/26/2012,28.53624980979456,28.985261463947964,28.488296785961317,28.876277923583984,4716800,0.0,0.0,-,22.618165464401244,27.314714736938477,28.24071912765503,28.959107208251954,4253952.0
06/25/2012,28.797807852140032,28.871919182677065,28.40110951933904,28.5188102722168,3810000,0.0,0.0,-,22.55392678260803,27.252366371154785,28.16618757247925,28.90679512023926,4240148.0
06/22/2012,28.94167163222182,29.07245322421552,28.606003757445247,28.980907440185547,4058800,0.0,0.0,-,22.492405662536623,27.1957755279541,28.09887275695801,28.83442974090576,4236584.0
06/21/2012,29.434273346805963,29.534539668121923,28.736779348239704,28.837045669555664,4410800,0.0,0.0,-,22.42927712440491,27.12985569000244,28.00736532211304,28.748114013671874,4236316.0
06/20/2012,29.71763826001066,29.726358807885337,29.129127663221865,29.438640594482425,4493000,0.0,0.0,-,22.36506151676178,27.05898376464844,27.914351558685304,28.60730743408203,4214120.0
06/19/2012,29.944314258167147,30.27998205025061,29.504019887898288,29.604286193847656,5232200,0.0,0.0,-,22.29748095035553,26.967728424072266,27.774729442596435,28.442959022521972,4252556.0
06/18/2012,29.133488867501573,29.76995252018221,28.902444230162363,29.730716705322266,4744000,0.0,0.0,-,22.230337738990784,26.89064598083496,27.607033729553223,28.19883613586426,4240472.0
06/15/2012,28.579846322619822,29.098609107327636,28.55369133378217,29.037578582763672,5253000,0.0,0.0,-,22.16448778629303,26.816341514587403,27.43975896835327,27.92681255340576,4293048.0
06/14/2012,28.148264752521964,28.793448685036797,28.07851702587653,28.562400817871094,4172600,0.0,0.0,-,22.10174657344818,26.74337272644043,27.30670585632324,27.707973098754884,4262524.0
06/13/2012,28.335718756327893,28.42290425290504,27.93901709730082,28.00440788269043,3709400,0.0,0.0,-,22.040378155708314,26.68016841888428,27.23155641555786,27.60204086303711,4266644.0
06/12/2012,27.921583173392044,28.37059480827659,27.80823936502169,28.35315704345703,3288200,0.0,0.0,-,21.97979353427887,26.62925479888916,27.16190595626831,27.522331047058106,4287492.0
06/11/2012,28.42726123360842,28.49265201142573,27.76900149812016,27.79515647888184,4063600,0.0,0.0,-,21.915426659584046,26.567625732421874,27.060898780822754,27.42558002471924,4309148.0
06/08/2012,27.41589598285527,28.13518793140145,27.41589598285527,28.11775016784668,3812600,0.0,0.0,-,21.856179518699648,26.522811088562012,27.010627937316894,27.363315773010253,4311972.0
06/07/2012,28.104679233924468,28.117756728163403,27.376668233744432,27.428979873657227,3762000,0.0,0.0,-,21.795028185844423,26.47667713165283,26.94857702255249,27.2666166305542,4346720.0
06/06/2012,27.254599145690797,27.83003200383948,27.250238873592806,27.79515647888184,2929000,0.0,0.0,-,21.73434384346008,26.441360969543457,26.90748052597046,27.221395683288574,4342340.0
06/05/2012,26.94072998080704,27.2458842166246,26.77507453914206,27.163057327270508,3084000,0.0,0.0,-,21.670901036262514,26.39663341522217,26.843942832946777,27.106499862670898,4382932.0
06/04/2012,26.796874067849767,27.12818330665686,26.63557722698395,27.010480880737305,3357400,0.0,0.0,-,21.611492347717284,26.350193824768066,26.839413452148438,27.015231323242187,4377212.0
06/01/2012,27.27204068872326,27.350508967798973,26.64429445611754,26.849184036254883,4766400,0.07,0.0,-,21.553882002830505,26.30784969329834,26.84686222076416,26.95270538330078,4354736.0
05/31/2012,27.150753116961365,27.70316372091304,27.033312994991743,27.50307846069336,6788600,0.0,0.0,-,21.49836164474487,26.270036354064942,26.889996433258055,26.9054386138916,4339264.0
05/30/2012,27.22905784032977,27.355199244405156,27.033323124190375,27.20730972290039,4149200,0.0,0.0,-,21.43853636264801,26.21436050415039,26.90348091125488,26.861071968078612,4295008.0
05/29/2012,27.342150585401143,27.59443173316599,27.042020924662364,27.38564682006836,4005800,0.0,0.0,-,21.379812440872193,26.15485679626465,26.90152359008789,26.801480865478517,4269676.0
05/25/2012,27.20731061897002,27.342151606313127,26.946329882672128,27.172513961791992,2124400,0.0,0.0,-,21.319538879394532,26.092482299804686,26.869770431518553,26.69621753692627,4295420.0
05/24/2012,26.96807259634342,27.250803053402063,26.86367932717992,27.150758743286133,3546600,0.0,0.0,-,21.257548265457153,26.039241943359375,26.86433334350586,26.657940101623534,4422208.0
05/23/2012,26.61139647185047,27.050714314873588,26.459158026068845,26.976770401000977,4700000,0.0,0.0,-,21.198362884521483,25.988350639343263,26.837147903442382,26.63053741455078,4433208.0
05/22/2012,26.25907615633337,26.924579806257416,26.21557992320563,26.64619827270508,4251200,0.0,0.0,-,21.138699221611024,25.944244995117188,26.803872966766356,26.593565368652342,4419480.0
05/21/2012,26.032887487277574,26.272121704973696,24.95416483568963,26.2503719329834,7390800,0.0,0.0,-,21.08480857849121,25.903792915344237,26.76168098449707,26.581385803222656,4404960.0
05/18/2012,26.34172524172357,26.828890094195717,26.25038048372395,26.38522148132324,5345600,0.0,0.0,-,21.03387857437134,25.865776672363282,26.74754467010498,26.663595581054686,4296548.0
05/17/2012,27.1812098793531,27.724921056126828,26.35911718628037,26.37651634216309,7838000,0.0,0.0,-,20.984151086807252,25.819669952392577,26.733842849731445,26.74101905822754,4234664.0
05/16/2012,26.74623555606595,27.19860190306782,26.69838871665361,27.05941200256348,5900000,0.0,0.0,-,20.93214817047119,25.769996490478515,26.718183994293213,26.874554252624513,4126724.0
05/15/2012,26.27647242890117,26.994171811650947,26.27212346977576,26.61139869689941,5309600,0.0,0.0,-,20.879157543182373,25.70492530822754,26.677514934539794,26.94588985443115,4076716.0
05/14/2012,26.667939734897125,26.798430052875347,26.328662917024456,26.3330135345459,4614400,0.0,0.0,-,20.8278245639801,25.65055419921875,26.645327281951904,27.001566314697264,4057552.0
05/11/2012,26.80278814722792,27.08986760834482,26.75059233409984,26.78973960876465,4454200,0.0,0.0,-,20.7782825756073,25.592790641784667,26.61661958694458,27.04332332611084,4043412.0
05/10/2012,26.87238125385596,27.142063198074016,26.62010012517358,26.876731872558597,2868400,0.0,0.0,-,20.725594100952147,25.52893711090088,26.56159601211548,27.070726585388183,4022244.0
05/09/2012,26.306921963100148,26.92022811777281,26.185131187761563,26.6070499420166,3911400,0.0,0.0,-,20.674897451400756,25.455340270996093,26.502005195617677,27.043758392333984,4038464.0
05/08/2012,26.85932886162564,26.96372212493385,26.06333499931512,26.524402618408203,6500600,0.0,0.0,-,20.624567737579344,25.389399070739746,26.43632516860962,27.01418056488037,4041216.0
05/07/2012,27.10726636645145,27.52918680281446,26.93327811288785,27.07246971130371,3769800,0.0,0.0,-,20.576247568130494,25.320761070251464,26.3538987159729,26.941976165771486,3969112.0
05/04/2012,27.533529755104173,27.78581250179984,27.13335918220365,27.15945625305176,3856000,0.0,0.0,-,20.524820346832275,25.238551902770997,26.287783432006837,26.831493759155272,3936048.0
05/03/2012,27.73361639932917,28.181635495692607,27.56397879341303,27.71186828613281,5244200,0.0,0.0,-,20.472321805953978,25.15373302459717,26.230585289001464,26.72666664123535,3933248.0
05/02/2012,27.129014145305558,27.81191529423017,27.03332210038534,27.772768020629883,4784800,0.0,0.0,-,20.41760048866272,25.06004077911377,26.114448833465577,26.561813735961913,3932372.0
05/01/2012,26.78539177483333,27.43784527381956,26.75059345843537,27.168163299560547,4042000,0.0,0.0,-,20.362002983093262,24.957387962341308,25.995919704437256,26.409140014648436,3903276.0
04/30/2012,27.0550621684077,27.0550621684077,26.554847338909568,26.75058364868164,4271400,0.0,0.0,-,20.30993547439575,24.86491340637207,25.910447883605958,26.289088249206543,3905136.0
04/27/2012,26.75059398489326,27.20731111131691,26.65055131219285,27.06377220153809,2461000,0.0,0.0,-,20.26006371498108,24.778615760803223,25.836503887176512,26.18991584777832,3872364.0
04/26/2012,26.228627419161093,26.74189091419494,26.12858475952228,26.6070499420166,2569400,0.0,0.0,-,20.20943495750427,24.683009376525877,25.761036491394044,26.052465438842773,3878600.0
04/25/2012,25.919798961389,26.315620626759348,25.88935126861242,26.31127166748047,2936200,0.0,0.0,-,20.161413383483886,24.601148300170898,25.721236610412596,25.960251998901366,3888272.0
04/24/2012,26.002443951103277,26.159033042508064,25.537027295691768,25.802358627319336,2954600,0.0,0.0,-,20.115032501220703,24.52554992675781,25.688831615448,25.858469772338868,3899212.0
04/23/2012,26.006792915502476,26.019841452531164,25.663167060032023,25.9676456451416,3115800,0.0,0.0,-,20.072393379211427,24.460216369628906,25.6766526222229,25.765821266174317,3884988.0
04/20/2012,26.189479616204185,26.232977505996672,25.985045341641413,26.11118507385254,3968600,0.0,0.0,-,20.03021138191223,24.3907963180542,25.620324230194093,25.744073104858398,3874376.0
04/19/2012,26.17643209196089,26.311273066623844,25.911100761420016,26.06333923339844,3133200,0.0,0.0,-,19.987095918655395,24.31659671783447,25.559428691864014,25.734503936767577,3854180.0
04/18/2012,25.906755501902392,26.33302494359649,25.81541074639462,26.24603080749512,3828800,0.0,0.0,-,19.94435990333557,24.24621700286865,25.50418758392334,25.667083930969238,3857812.0
04/17/2012,25.8328046785042,26.085087456224212,25.65446748225463,25.9676456451416,4399200,0.0,0.0,-,19.900785980224608,24.166544303894042,25.427850341796876,25.582699394226076,3867288.0
04/16/2012,25.711012788345084,25.780607748258277,25.41523379389535,25.75885963439941,4026600,0.0,0.0,-,19.857363595962525,24.096256523132325,25.34107427597046,25.531807518005373,3880672.0
04/13/2012,25.69361707182647,25.94154925339976,25.56747567158042,25.689268112182617,3631800,0.0,0.0,-,19.81414384841919,24.025199203491212,25.266477394104005,25.48309192657471,3914580.0
04/12/2012,25.432634420545085,25.924148127444468,25.363039456604252,25.68491554260254,4045400,0.0,0.0,-,19.772318258285523,23.95588092803955,25.20753879547119,25.469607543945315,3932072.0
04/11/2012,25.023767412376845,25.389141458800168,24.96722263395161,25.29344940185547,3301000,0.0,0.0,-,19.728217086791993,23.88309238433838,25.15360269546509,25.48222122192383,3937196.0
04/10/2012,25.584873416277272,25.70231523147722,24.775830906638657,24.875873565673828,6414800,0.0,0.0,-,19.685447654724122,23.817092094421387,25.12750463485718,25.519193458557133,3960968.0
04/09/2012,25.637071167618952,25.837158160121632,25.458733951607314,25.750164031982425,4628000,0.0,0.0,-,19.64637315750122,23.762826995849608,25.11489067077637,25.587483978271486,3925656.0
04/05/2012,25.85455368740916,26.106836473853583,25.363039970549952,26.015493392944336,7372800,0.0,0.0,-,19.60202118873596,23.695760955810545,25.044860458374025,25.496575355529785,3939872.0
04/04/2012,25.267348390652295,25.493532461836672,25.22820111565356,25.38913917541504,3726800,0.0,0.0,-,19.55633183479309,23.629895477294923,24.94808006286621,25.38435344696045,3864448.0
04/03/2012,25.42393355407869,25.584871588920997,25.27169343742269,25.40218544006348,4378600,0.0,0.0,-,19.511476850509645,23.573433647155763,24.873265266418457,25.341291236877442,3875032.0
04/02/2012,25.32388759806846,25.593567827075205,25.32388759806846,25.45872688293457,4751800,0.0,0.0,-,19.46555359840393,23.514021263122558,24.793448638916015,25.273001289367677,3846584.0
03/30/2012,25.6588276078873,25.667525529612647,25.206459351500182,25.271703720092773,4371000,0.0,0.0,-,19.419250535964967,23.45191646575928,24.715154457092286,25.150341033935547,3846060.0
03/29/2012,25.79800748067606,25.80235643983531,25.39348624860001,25.554424285888672,4204800,0.0,0.0,-,19.37442187309265,23.3900817489624,24.623811054229737,25.0498628616333,3888340.0
03/28/2012,25.658813884486356,25.81540128092436,25.36303492575701,25.81105232238769,5550000,0.0,0.0,-,19.329452333450316,23.32571605682373,24.525942993164062,24.94547004699707,3882136.0
03/27/2012,25.615324911272246,25.684919886984463,25.47613495984781,25.66317176818848,3543000,0.0,0.0,-,19.282854509353637,23.257692680358886,24.395234870910645,24.82498416900635,3844544.0
03/26/2012,25.02811768926374,25.56747834228877,25.0150674904191,25.558778762817383,4958600,0.0,0.0,-,19.236758794784546,23.188202056884766,24.277575778961182,24.735815811157227,3833496.0
03/23/2012,24.79323095303173,24.88022507770437,24.410457800037072,24.84107780456543,2798000,0.0,0.0,-,19.192748975753783,23.120799293518065,24.154261970520018,24.64229736328125,3807088.0
03/22/2012,24.73668521034481,24.94112116011397,24.684489397801077,24.893274307250977,2233600,0.0,0.0,-,19.152263011932373,23.063846435546875,24.06030864715576,24.59314556121826,3817084.0
03/21/2012,24.793228420517917,25.049860149487245,24.69318576810949,24.95851707458496,3992800,0.0,0.0,-,19.112163190841674,23.002465934753417,23.96157054901123,24.511806678771972,3878088.0
03/20/2012,24.21037143599542,24.84542569809025,24.175574783184324,24.71928596496582,4575800,0.0,0.0,-,19.07142436027527,22.940387992858888,23.86500749588013,24.405239295959472,3893888.0
03/19/2012,24.188628089205707,24.41046156502461,24.14513019052296,24.23212432861328,2882600,0.0,0.0,-,19.033154401779175,22.886217956542968,23.761049556732182,24.313895988464356,3899808.0
03/16/2012,24.432209029808615,24.73233871521132,24.17557890119781,24.266921997070312,5293000,0.0,0.0,-,18.998150749206545,22.839015007019043,23.67666511535645,24.279967880249025,4043272.0
03/15/2012,24.44525180198581,24.667085204463103,23.79714742972535,24.510496139526367,8463800,0.0,0.0,-,18.963640003204347,22.76682353973389,23.585104084014894,24.197759246826173,4049688.0
03/14/2012,24.858476331713547,24.88022444751212,24.519199420011308,24.60619354248047,4096600,0.0,0.0,-,18.929245204925536,22.686897506713866,23.47375192642212,24.106415939331054,3992164.0
03/13/2012,24.75843798964758,24.81933505157047,24.53225553960652,24.771488189697266,4013600,0.0,0.0,-,18.894102926254273,22.607139816284178,23.369142055511475,23.96548557281494,4003516.0
03/12/2012,24.53225119625817,24.65404197999077,24.40175917451612,24.623594284057617,3525200,0.0,0.0,-,18.85867202758789,22.5330122756958,23.25713529586792,23.819335746765137,3968368.0
03/09/2012,24.179922171724098,24.453953054136683,24.10597659298272,24.349559783935547,1970200,0.0,0.0,-,18.822851190567018,22.46114864349365,23.15273962020874,23.66622657775879,3939464.0
03/08/2012,24.01899008478904,24.18862773900785,23.984191766346648,24.07988548278809,2251400,0.0,0.0,-,18.78672254562378,22.39901679992676,23.060093784332274,23.52747173309326,3942240.0
03/07/2012,23.79714955173784,23.97548674509057,23.57966508866012,23.89284324645996,2441000,0.0,0.0,-,18.7528028011322,22.335945014953612,22.97615976333618,23.411334419250487,3929032.0
03/06/2012,23.76670561410552,23.914595138731656,23.75365707522749,23.80585289001465,3399600,0.0,0.0,-,18.720237731933594,22.271582221984865,22.908735275268555,23.32477569580078,3930488.0
03/05/2012,23.349132088765668,23.945039053001675,23.275186508496365,23.89284324645996,4351400,0.0,0.0,-,18.68809687614441,22.210260543823242,22.831562423706053,23.208203125,3919104.0
03/02/2012,23.584025645122438,23.60142314845091,23.32739380417836,23.4448356628418,3907400,0.0,0.0,-,18.656682720184325,22.147632904052735,22.75958309173584,23.073362350463867,3911900.0
03/01/2012,23.584014528410613,23.60576264177648,23.401326725733,23.597063064575195,3395800,0.0,0.0,-,18.626583566665648,22.079997177124024,22.69764099121094,22.972448921203615,3905968.0
02/29/2012,23.24473505766893,23.27083378635693,23.105545156548565,23.196889877319336,3679400,0.0,0.0,-,18.59654074668884,22.015823860168457,22.628955554962157,22.841087913513185,3973984.0
02/28/2012,23.06205771967939,23.36218574718362,22.97941420293116,23.30998992919922,4049000,0.0,0.0,-,18.569445371627808,21.954535026550293,22.57138547897339,22.772798538208008,4035428.0
02/27/2012,22.87936706944085,23.1794967195113,22.783675024719415,23.09250259399414,2895400,0.0,0.0,-,18.54156936645508,21.891027641296386,22.50555772781372,22.694934844970703,4024120.0
02/24/2012,22.91416448715345,23.04465484068806,22.84456952131666,22.962011337280277,2116600,0.0,0.0,-,18.51331796646118,21.83217384338379,22.45906352996826,22.63925266265869,4057028.0
02/23/2012,23.070752465558076,23.18819427587353,22.91851234436035,22.91851234436035,3716000,0.0,0.0,-,18.484299182891846,21.778532600402833,22.43080606460571,22.59271583557129,4072352.0
02/22/2012,22.68798075609188,23.32303503579527,22.68798075609188,23.02725601196289,5200400,0.0,0.0,-,18.454228658676147,21.726108360290528,22.420991420745853,22.540985107421875,4054000.0
02/21/2012,22.58358076972889,22.70537316996404,22.50963686536684,22.64012718200684,3330000,0.0,0.0,-,18.423194923400878,21.66599983215332,22.397931003570555,22.492694854736328,4007248.0
02/17/2012,22.400894989182248,22.631427940627376,22.29215278049689,22.544435501098636,4135000,0.0,0.0,-,18.394484052658083,21.617017517089845,22.38750295639038,22.45492172241211,3994096.0
02/16/2012,22.38350389659935,22.61838755015388,22.340007661174447,22.435701370239254,2632800,0.0,0.0,-,18.36076600551605,21.569515419006347,22.377955532073976,22.445803833007812,3976324.0
02/15/2012,22.57488296693211,22.61837918627287,22.17036182182028,22.2834529876709,2772800,0.07,0.0,-,18.32748408317566,21.525619354248047,22.365168857574464,22.422833061218263,3999244.0
02/14/2012,22.41422166310519,22.548698917663877,22.327463852214866,22.513996124267575,3053000,0.0,0.0,-,18.295017156600952,21.480864219665527,22.367803192138673,22.416823196411134,4018044.0
02/13/2012,22.62245137142492,22.661493059167345,22.2884284106952,22.53135299682617,3483200,0.0,0.0,-,18.261709423065184,21.43089096069336,22.36259756088257,22.36997241973877,4089968.0
02/10/2012,22.297093532210056,22.544356881072563,22.20165797482494,22.535680770874023,2243400,0.0,0.0,-,18.228669905662535,21.36673240661621,22.345461940765382,22.316180610656737,4180856.0
02/09/2012,22.38819415201347,22.522669746789088,22.327463024721368,22.49664306640625,2585200,0.0,0.0,-,18.194468564987183,21.303832054138184,22.328109931945804,22.278874397277832,4223476.0
02/08/2012,22.535682297857317,22.648468428482904,22.258053371887616,22.40120506286621,2958800,0.0,0.0,-,18.15996762275696,21.233513793945313,22.302949523925783,22.268896293640136,4237844.0
02/07/2012,22.227682957157032,22.59207125661202,22.227682957157032,22.544353485107425,3314800,0.0,0.0,-,18.12590084075928,21.15608127593994,22.27410173416138,22.300997734069824,4230892.0
02/06/2012,22.401210354540638,22.409886467376545,22.084539682626712,22.26239585876465,4302600,0.0,0.0,-,18.090903210639954,21.07444107055664,22.239615058898927,22.303167152404786,4226796.0
02/03/2012,22.509650491063358,22.696182707182214,22.292752719278507,22.453256607055664,5068400,0.0,0.0,-,18.05753047466278,21.003069648742677,22.227034473419188,22.320084190368654,4197456.0
02/02/2012,22.574720863446466,22.787279756676263,22.162614759178112,22.20599365234375,5722000,0.0,0.0,-,18.02117053985596,20.930044326782227,22.197970485687257,22.310107231140137,4189880.0
02/01/2012,22.12791875251164,22.401210517027625,22.11056818151328,22.22335433959961,4506400,0.0,0.0,-,17.986229763031005,20.858459701538084,22.120538234710693,22.307504653930664,4228080.0
01/31/2012,22.080192793704693,22.123571684107034,21.720141715130605,22.045488357543945,4301600,0.0,0.0,-,17.95170772075653,20.790205574035646,22.035080242156983,22.31878318786621,4256432.0
01/30/2012,22.05416601876285,22.12357324117065,21.80256380328537,21.99343490600586,4489600,0.0,0.0,-,17.917580246925354,20.729575843811034,21.96372127532959,22.355222702026367,4242592.0
01/27/2012,22.392529789729227,22.47061313492897,22.054169730396307,22.16261863708496,4649200,0.0,0.0,-,17.884498238563538,20.678510971069336,21.917305088043214,22.374743270874024,4208816.0
01/26/2012,22.86536030747753,22.86536030747753,22.349144260471,22.396862030029297,5338800,0.0,0.0,-,17.850290627479552,20.620298156738283,21.860694789886473,22.377345466613768,4159896.0
01/25/2012,22.48796938955951,22.76126114676368,22.43591436835848,22.72221946716309,3601600,0.0,0.0,-,17.8149440574646,20.560775413513184,21.803000068664552,22.337002754211426,4134624.0
01/24/2012,22.37083931440139,22.60075045651197,22.366502086444115,22.56604766845703,4256000,0.0,0.0,-,17.777271552085878,20.48738998413086,21.71320390701294,22.24720573425293,4121152.0
01/23/2012,22.40120068398603,22.45759456567468,22.19297903021094,22.43156623840332,2956200,0.0,0.0,-,17.740702590942384,20.410854263305666,21.618636703491212,22.176062965393065,4107744.0
01/20/2012,22.132251984147384,22.396867568186057,22.110562534839065,22.353487014770508,4725600,0.0,0.0,-,17.705774121284485,20.35301700592041,21.534046840667724,22.133984756469726,4097652.0
01/19/2012,22.40120289206758,22.444583441795867,21.863297313827008,22.179967880249023,6485000,0.0,0.0,-,17.671902956962587,20.293712730407716,21.454445552825927,22.085833740234374,4046516.0
01/18/2012,22.383855812415597,22.500980841380454,22.236365219067157,22.33613967895508,3894600,0.0,0.0,-,17.637726926803587,20.236970100402832,21.34859962463379,21.933571815490723,3967960.0
01/17/2012,22.38819404732819,22.58340242328224,22.279745133442507,22.409883499145508,3670400,0.0,0.0,-,17.60300667762756,20.176152229309082,21.251212501525877,21.751377296447753,4020492.0
01/13/2012,22.114894498629702,22.336131131389347,22.05850062001274,22.188640594482425,2990600,0.0,0.0,-,17.567455201148988,20.102782821655275,21.13734073638916,21.572219848632812,4030156.0
01/12/2012,22.041150057575496,22.232019482773303,22.00210839619429,22.188640594482425,3638200,0.0,0.0,-,17.533644552230836,20.035525817871093,21.034639739990233,21.4598669052124,4045352.0
01/11/2012,21.850281578965493,22.03247657203517,21.789550466208503,21.99343490600586,3297800,0.0,0.0,-,17.498188195228575,19.971340827941894,20.932698345184328,21.34404411315918,4074052.0
01/10/2012,22.028131999913576,22.036808107323345,21.698448192333974,21.824249267578125,5283800,0.0,0.0,-,17.463611044883727,19.91036777496338,20.847024059295656,21.268997383117675,4071120.0
01/09/2012,22.04982830570562,22.054165533036148,21.76786054005978,21.8546199798584,4782800,0.0,0.0,-,17.430030436515807,19.856326332092284,20.770676612854004,21.17920207977295,4059892.0
01/06/2012,21.89365916691878,22.088865815872197,21.741829750756864,22.01078414916992,4871800,0.0,0.0,-,17.395760164260864,19.791249885559083,20.67903709411621,21.061210441589356,4085156.0
01/05/2012,20.843881579490866,21.95006020527712,20.71374320965704,21.871976852416992,10055800,0.0,0.0,-,17.359837813377382,19.730275840759276,20.588048458099365,20.934108924865722,4047352.0
01/04/2012,20.514196927122992,20.98703425738069,20.410085241785904,20.6573486328125,5613800,0.0,0.0,-,17.32360918521881,19.672900123596193,20.502916145324708,20.82305736541748,3938140.0
01/03/2012,21.02607343308568,21.05210011022674,20.41008281556444,20.51419448852539,5587600,0.0,0.0,-,17.29412057876587,19.637091064453124,20.482093620300294,20.763627433776854,3923296.0
12/30/2011,21.05210471951349,21.05210471951349,20.605295679576336,20.618309020996094,4664200,0.0,0.0,-,17.266412606239317,19.59479923248291,20.45866870880127,20.751047706604005,3904920.0
12/29/2011,21.056435051255804,21.195249486018877,20.869902844268196,21.06511116027832,2256200,0.0,0.0,-,17.238399171829222,19.551679916381836,20.428519916534423,20.702461624145506,3890852.0
12/28/2011,21.31238050515905,21.31238050515905,20.90461153973092,21.030412673950195,2080000,0.0,0.0,-,17.207452602386475,19.497504386901856,20.341435623168945,20.609412574768065,3915736.0
12/27/2011,20.9306342948676,21.321050933271625,20.86122707635117,21.24296760559082,2109000,0.0,0.0,-,17.17742169380188,19.43844123840332,20.25944814682007,20.521352577209473,3941184.0
12/23/2011,20.713735705066977,20.93063346114097,20.631315153486334,20.92629623413086,1591000,0.0,0.0,-,17.146994886398314,19.381357803344727,20.14633626937866,20.425050735473633,3957052.0
12/22/2011,20.752786958680822,20.8525597740111,20.60529635019273,20.67470359802246,2513800,0.0,0.0,-,17.11948519706726,19.323468475341798,20.026500415802,20.36215114593506,4002280.0
12/21/2011,20.783147881583155,20.88725955746063,20.522871174087893,20.739768981933597,2830400,0.0,0.0,-,17.092007265090942,19.27113021850586,19.915882396698,20.296863746643066,4047660.0
12/20/2011,20.397072824959068,20.80484016348913,20.375383372181787,20.76146125793457,3991200,0.0,0.0,-,17.064989194869995,19.223894271850586,19.813585186004637,20.24198799133301,4073292.0
12/19/2011,20.53588665297406,20.778812818803093,20.01099430044257,20.06304931640625,3610800,0.0,0.0,-,17.03790569782257,19.173282165527343,19.71561164855957,20.182774925231932,4078604.0
12/16/2011,20.27994829543093,20.60963228827174,20.0847399060124,20.388397216796875,6796600,0.0,2.0,-,17.01360438346863,19.1267733001709,19.643797302246092,20.20055980682373,4120860.0
12/15/2011,20.29512150170043,20.35151537754428,20.095575977697184,20.132448196411133,6751600,0.0,0.0,-,16.989010071754457,19.06843559265137,19.564909839630126,20.166289710998534,4171968.0
12/14/2011,20.08473345059812,20.22354789294637,19.95676455882029,20.134620666503903,3483600,0.0,0.0,-,16.966233315467836,19.004313354492187,19.508987522125246,20.15457820892334,4191536.0
12/13/2011,20.44913116686701,20.657352926016674,20.097757672276703,20.149812698364254,4540800,0.0,0.0,-,16.94303693771362,18.935388221740723,19.474266052246094,20.073458671569824,4243560.0
12/12/2011,20.20403527089408,20.30814531330115,20.060881894085256,20.279949188232425,2882800,0.0,0.0,-,16.91920527935028,18.863000602722167,19.429374313354494,19.997543716430663,4276616.0
12/09/2011,20.0934158388621,20.30597645095282,20.03919137866336,20.29730033874512,2798400,0.0,0.0,-,16.895293045043946,18.79787536621094,19.386413097381592,19.86762180328369,4432104.0
12/08/2011,20.11292791243569,20.21053123232314,19.96543738484679,20.02182960510254,2862800,0.0,0.0,-,16.87089607715607,18.731105117797853,19.32419548034668,19.690849685668944,4538072.0
12/07/2011,20.14980198021703,20.28427753064584,19.974113671575125,20.191011428833008,2672400,0.0,0.0,-,16.847005214691162,18.67417091369629,19.260067081451417,19.53490104675293,4573240.0
12/06/2011,20.273442292977528,20.273442292977528,19.976291642915275,20.169330596923828,3246400,0.0,0.0,-,16.821623077392577,18.61891571044922,19.227501678466798,19.38518238067627,4628392.0
12/05/2011,20.32982700486788,20.342840340440706,20.13027981555968,20.24089813232422,3778800,0.0,0.0,-,16.796833367347716,18.56578140258789,19.18844881057739,19.248448371887207,4657384.0
12/02/2011,20.206201837851523,20.21053906616835,20.01966957904584,20.04569625854492,3712800,0.0,0.0,-,16.772879748344423,18.50507167816162,19.143545722961427,19.08703479766846,4670944.0
12/01/2011,19.366809072608557,20.12595154163212,19.33861294805827,20.01533317565918,6649200,0.0,0.0,-,16.749170689582826,18.44329029083252,19.106023216247557,18.963529968261717,4722384.0
11/30/2011,19.781079809056163,19.83096703396952,19.136894696907508,19.32342529296875,8027600,0.0,0.0,-,16.72563497543335,18.387957305908202,19.042327213287354,18.863396835327148,4685784.0
11/29/2011,19.07399256577918,19.41018315416184,18.978557006724024,19.390663146972656,4374400,0.0,0.0,-,16.7047843503952,18.352563133239745,19.017445468902586,18.875073432922363,4626392.0
11/28/2011,18.88529447956265,19.22582401526381,18.859266143562863,18.98073005676269,3303600,0.0,0.0,-,16.683661909103392,18.31625690460205,18.996881866455077,18.86120491027832,4611800.0
11/25/2011,18.332201369842483,18.635858621497192,18.215078013797463,18.529579162597656,2611200,0.055,0.0,-,16.665715007781984,18.285683097839357,18.995084476470947,18.905204391479494,4718408.0
11/23/2011,18.572676411208413,18.771707612075307,18.423403835824857,18.462343215942383,3110000,0.0,0.0,-,16.64910171508789,18.256820030212403,19.024714374542235,18.957541275024415,4758328.0
11/22/2011,18.81064619427965,18.840933475228717,18.6051251234777,18.693824768066406,2835600,0.0,0.0,-,16.631344833374023,18.22056156158447,19.031637096405028,18.985233116149903,4811080.0
11/21/2011,18.44503145113144,18.888524637769518,18.438541556529483,18.801990509033203,4689600,0.0,0.0,-,16.612848739624024,18.17976001739502,19.045049953460694,19.069820976257326,4837592.0
11/18/2011,18.804160064308174,18.87122618601204,18.293600582442348,18.62676239013672,7632000,0.0,0.0,-,16.593297152519227,18.131646270751954,19.055109977722168,19.12844924926758,4844192.0
11/17/2011,18.88204012651865,19.02915049805797,18.473160144695107,18.81064796447754,5924000,0.0,0.0,-,16.575104217529297,18.079681854248047,19.06711664199829,19.200056648254396,4776872.0
11/16/2011,19.236830368639737,19.269281492883884,18.912322427263767,19.01400184631348,3609600,0.0,0.0,-,16.554619355201723,18.02776062011719,19.046564388275147,19.248516464233397,4713600.0
11/15/2011,19.15246046758436,19.548360594187304,19.13299078129221,19.4401912689209,2800800,0.0,0.0,-,16.529085998535155,17.974584579467773,19.018981456756592,19.221257591247557,4711760.0
11/14/2011,19.43586546125693,19.44019315898678,19.20222095037051,19.251977920532227,2203200,0.0,0.0,-,16.502225866317747,17.905659236907958,18.96478862762451,19.159817504882813,4731888.0
11/11/2011,19.204386163249083,19.492117037725777,19.031316189148814,19.42072486877441,4075200,0.0,0.0,-,16.475877900123596,17.83907022476196,18.90605249404907,19.132558822631836,4779848.0
11/10/2011,18.951268551605345,19.10054277302233,18.741419762231672,19.052947998046875,2928000,0.0,0.0,-,16.448964972496032,17.774168605804444,18.85445604324341,19.084964561462407,4811696.0
11/09/2011,19.243329620158452,19.345009088648258,18.67003329873048,18.739261627197266,3585600,0.0,0.0,-,16.425531539916992,17.724324169158937,18.803400135040285,19.091887474060062,4874800.0
11/08/2011,19.46831123105527,19.61974924976959,19.213031602882825,19.539703369140625,2451600,0.0,0.0,-,16.403162546157837,17.679325656890867,18.769326591491698,19.07804107666016,4912096.0
11/07/2011,19.28659379469869,19.420722720949136,19.085398754789864,19.388273239135746,2168800,0.0,0.0,-,16.376298112869264,17.614305934906007,18.711240005493163,19.020278930664066,4947544.0
11/04/2011,19.271444240851014,19.42937050567092,19.07890300533858,19.342836380004883,2557200,0.0,0.0,-,16.34962251663208,17.544290142059324,18.653369140625,18.981770706176757,4994672.0
11/03/2011,18.858241095202672,19.39043401482453,18.535896945420262,19.295246124267575,6521200,0.0,0.0,-,16.322520027160646,17.467029056549073,18.573107624053954,18.934176635742187,5027640.0
11/02/2011,18.97505921046468,18.98154910465396,18.62459006945028,18.74141311645508,4153600,0.0,0.0,-,16.29580560684204,17.40003870010376,18.48192090988159,18.844612312316894,4994592.0
11/01/2011,18.739256257386828,19.01184179418918,18.62675922428132,18.82579040527344,3750400,0.0,0.0,-,16.2715172290802,17.342960109710692,18.391167068481444,18.816705322265626,5030536.0
10/31/2011,18.9945347379857,19.30822513030976,18.964247458059223,18.97939109802246,5073200,0.0,0.0,-,16.245777587890625,17.272286529541017,18.284295749664306,18.769759750366212,5129520.0
10/28/2011,19.08540275973464,19.228185461275043,18.81065165215006,18.94478225708008,3151200,0.0,0.0,-,16.219344997406004,17.19483060836792,18.16184778213501,18.679546165466313,5224488.0
10/27/2011,19.05727485529311,19.277941248549617,18.853917604302374,19.12217712402344,4722400,0.0,0.0,-,16.19303181171417,17.12156135559082,18.06579303741455,18.623947525024413,5497280.0
10/26/2011,19.14597031910088,19.15246021444582,18.458013353477973,18.60079765319824,6046000,0.0,0.0,-,16.166121191978455,17.048886051177977,17.95762357711792,18.514912796020507,5595576.0
10/25/2011,18.95775421213081,19.139479525928937,18.884199867628038,18.962081909179688,2981600,0.0,0.0,-,16.14226782798767,16.99177234649658,17.88633966445923,18.46061210632324,5669560.0
10/24/2011,18.864734355547487,19.191406261203685,18.81714122704746,19.00319099426269,4595200,0.0,0.0,-,16.116372137069703,16.923291149139406,17.80964813232422,18.402201080322264,5701680.0
10/21/2011,18.61810586894688,18.869059524561543,18.535897766521263,18.86689567565918,4871600,0.0,0.0,-,16.089927768707277,16.852477836608887,17.735119342803955,18.32496757507324,5728400.0
10/20/2011,18.464503494861745,18.659208610468877,18.29575961151321,18.39960289001465,4668800,0.0,0.0,-,16.063971872329713,16.781758613586426,17.652045154571532,18.212038612365724,5762576.0
10/19/2011,18.51426569049889,18.713296891365783,18.38013510702777,18.462343215942383,3960800,0.0,0.0,-,16.039151501655578,16.709254379272462,17.57989635467529,18.11922950744629,5843464.0
10/18/2011,18.05995178301581,18.514262631865147,17.92149352427225,18.356334686279297,3500400,0.0,0.0,-,16.013534898757936,16.646281166076662,17.51921339035034,17.965628814697265,6006144.0
10/17/2011,18.226529430691567,18.53372988668931,18.033988183585045,18.07725524902344,3352400,0.0,0.0,-,15.990249743461609,16.580035228729248,17.47908248901367,17.798831748962403,6110488.0
10/14/2011,18.213561973294844,18.388795852661133,18.0426541431884,18.388795852661133,2902400,0.0,0.0,-,15.967684469223023,16.535851516723632,17.453987312316894,17.64414939880371,6216360.0
10/13/2011,18.012360143759615,18.217881243065047,17.86957581331169,18.03182983398437,3852400,0.0,0.0,-,15.94420485496521,16.489363021850586,17.407149505615234,17.507638549804685,6372760.0
10/12/2011,18.479650542396307,18.479650542396307,18.0513008595973,18.057790756225582,4782800,0.0,0.0,-,15.922145471572875,16.457520904541017,17.359879302978516,17.400334358215332,6449936.0
10/11/2011,18.25033261020122,18.390953093352007,18.01668642132298,18.37797164916992,4112000,0.0,0.0,-,15.899709672927857,16.415883750915526,17.289460754394533,17.312067222595214,6448272.0
10/10/2011,17.95610660311584,18.23301979025937,17.81548616105717,18.23085594177246,4256800,0.0,0.0,-,15.875565752983093,16.377550048828127,17.203249549865724,17.217095184326173,6504224.0
10/07/2011,17.558046217443138,17.91284148334662,17.488816262600537,17.737606048583984,5723600,0.0,0.0,-,15.852350416183471,16.33982898712158,17.111521911621093,17.14527111053467,6526784.0
10/06/2011,17.004219510947664,17.74842508050791,16.93715504992326,17.471511840820312,9352000,0.0,0.0,-,15.831601328849793,16.31356918334961,17.026068687438965,17.092051696777343,6494512.0
10/05/2011,16.772736037986874,16.93499003291212,16.363856102817902,16.92633628845215,7730000,0.0,0.0,-,15.81191466331482,16.28917984008789,16.963222408294676,17.0405632019043,6407312.0
10/04/2011,16.400633216234244,16.71216141347145,16.112904054070803,16.688364028930664,6084800,0.0,0.0,-,15.794578566551209,16.285401153564454,16.934665584564208,17.072797966003417,6355304.0
10/03/2011,17.03449938618165,17.140506479132938,16.51961415818602,16.530431747436523,6193600,0.0,0.0,-,15.77864679813385,16.28245601654053,16.899943590164185,17.15933322906494,6351136.0
09/30/2011,16.824654568200675,17.35035750635105,16.61696968097905,17.0236873626709,10657200,0.0,0.0,-,15.76463056564331,16.28905475616455,16.86954836845398,17.26382522583008,6285640.0
09/29/2011,17.43689617251818,17.625111406378604,16.67322094461506,16.95878791809082,8096800,0.0,0.0,-,15.746346650123597,16.284321517944335,16.827146196365355,17.306660461425782,6134360.0
09/28/2011,17.514770897995376,17.57967313094569,17.15348587255176,17.175119400024414,4621200,0.0,0.0,-,15.729255757331849,16.27834072113037,16.80724310874939,17.3194242477417,6038888.0
09/27/2011,17.761413179585283,17.863092668391232,17.335225526777656,17.428251266479492,5430000,0.0,0.0,-,15.711254773139954,16.2701904296875,16.772953939437866,17.266854286193848,6015928.0
09/26/2011,17.26598924467042,17.516942901686313,17.10589908619693,17.512615203857422,4696000,0.0,0.0,-,15.693939657211304,16.254690742492677,16.715977239608765,17.189403915405272,5965776.0
09/23/2011,16.865760309549337,17.24002688593991,16.809511800555867,17.205411911010742,4456800,0.0,0.0,-,15.676685228347779,16.2395316696167,16.634720659255983,17.07777271270752,5962088.0
09/22/2011,16.874418779407797,17.149168205094266,16.694857260370718,16.956626892089844,6284800,0.0,0.0,-,15.659647932052613,16.230948066711427,16.548439168930052,16.960085678100587,5952832.0
09/21/2011,17.545066868943046,17.709484730244956,17.24003018405556,17.24868392944336,4819200,0.0,0.0,-,15.644422869682312,16.230575942993163,16.49789423942566,16.885881614685058,5898464.0
09/20/2011,17.590493831258428,17.951780605036692,17.307090748423487,17.5537166595459,5058000,0.0,0.0,-,15.62759813785553,16.225656967163086,16.42983422279358,16.796533203125,5905136.0
09/19/2011,17.205412816363616,17.696502483182105,17.090753594309845,17.57535171508789,3644800,0.0,0.0,-,15.609666414260865,16.215284538269042,16.316753959655763,16.640553951263428,5920904.0
09/16/2011,17.185944084836063,17.6640523366743,17.099408288683808,17.45203971862793,8634000,0.0,0.0,-,15.591958918571471,16.209268188476564,16.19331612586975,16.47527151107788,5986496.0
09/15/2011,16.779223671209213,17.14916253169272,16.71648527023373,17.08642578125,4607200,0.0,0.0,-,15.574857306480407,16.21085231781006,16.084780120849608,16.34763193130493,6011584.0
09/14/2011,16.694850696101888,16.850614764598223,16.36168902749198,16.6494197845459,5747600,0.0,0.0,-,15.558824281692505,16.218885650634764,16.004879426956176,16.29506196975708,6020704.0
09/13/2011,16.387650331920273,16.764079065514245,16.327075782897413,16.65374755859375,4161200,0.0,0.0,-,15.544281024932861,16.23621997833252,15.959664058685302,16.279053592681883,5981680.0
09/12/2011,15.79704431286241,16.41361066151945,15.792718266968809,16.396303176879883,5019600,0.0,0.0,-,15.531256432533263,16.253769950866698,15.903877782821656,16.242550563812255,5964232.0
09/09/2011,16.052338965971742,16.301128926403543,15.900902459900625,16.028541564941406,4266000,0.0,0.0,-,15.519422769546509,16.271507263183594,15.857188892364501,16.191668605804445,5939264.0
09/08/2011,16.311939671378934,16.459050065676998,16.136704187392453,16.21458625793457,2760400,0.0,0.0,-,15.507866244316102,16.293234634399415,15.822308540344238,16.13679265975952,5937096.0
09/07/2011,16.138861187600057,16.370343451658457,16.06097915011006,16.355199813842773,3517600,0.0,0.0,-,15.496128249168397,16.315425910949706,15.75029878616333,16.10990686416626,5975768.0
09/06/2011,15.580716328748718,16.017721535900506,15.479038500869867,15.993924140930176,3807200,0.0,0.0,-,15.482863554954529,16.325615539550782,15.69822292327881,16.06313524246216,5974120.0
09/02/2011,15.961468343598874,16.121558512646185,15.870606489588228,15.922527313232422,4601200,0.0,0.0,-,15.470763459205628,16.340528316497803,15.650728607177735,15.992953968048095,6059584.0
09/01/2011,16.606159123563472,16.712164624729585,16.16482797618623,16.175643920898438,5667600,0.0,0.0,-,15.461106157302856,16.36329725265503,15.648005723953247,15.911360740661621,6091208.0
08/31/2011,16.55639846799011,16.805188273359853,16.409288103552335,16.560726165771484,6083200,0.055,0.0,-,15.448225812911987,16.377379779815673,15.642442083358764,15.821928310394288,6075432.0
08/30/2011,16.213219722651086,16.57346514482082,16.213219722651086,16.489336013793945,5450400,0.0,0.0,-,15.43348424434662,16.383717708587646,15.636391973495483,15.714696884155273,6062608.0
08/29/2011,15.984556889128518,16.290873245152355,15.78178494773186,16.28871726989746,4224000,0.0,0.0,-,15.419377717971802,16.38229383468628,15.610721826553345,15.64027452468872,6038584.0
08/26/2011,15.369764871958251,15.9500414337745,15.190720198462037,15.887483596801758,4525200,0.0,0.0,-,15.407012362480163,16.380870189666748,15.619350290298462,15.565205001831055,6062664.0
08/25/2011,15.991028020192212,16.118301328197717,15.462524427850315,15.479782104492188,4205600,0.0,0.0,-,15.396139736175536,16.387082805633543,15.64221625328064,15.522709178924561,6067240.0
08/24/2011,15.898270512792829,16.06437277502477,15.637254317925308,15.945728302001951,4868800,0.0,0.0,-,15.386011338233947,16.4036065864563,15.689457941055299,15.507824420928955,6082072.0
08/23/2011,15.322307089028415,16.07084186611775,15.277006926899697,15.887483596801758,5950800,0.0,0.0,-,15.37456937789917,16.415902347564696,15.704773759841919,15.3906907081604,6065800.0
08/22/2011,15.4431119808225,15.484098558966986,15.192882206456051,15.29211139678955,8699600,0.0,0.0,-,15.363857197761536,16.4279824256897,15.747269678115845,15.333310604095459,6049544.0
08/19/2011,15.10875266073275,15.33741115194392,14.93617915875039,15.106595039367676,9821600,0.0,0.0,-,15.355458703041077,16.451020774841307,15.809719467163086,15.308503246307373,5954960.0
08/18/2011,14.571615474433113,15.617837674635377,14.452971024131031,15.281319618225098,16790800,0.0,0.0,-,15.344629073143006,16.484025173187256,15.897408151626587,15.384650707244873,5825664.0
08/17/2011,15.73001280822074,15.844342042944058,15.266223005848364,15.488411903381348,9637200,0.0,0.0,-,15.333460636138916,16.513276481628417,15.97269344329834,15.462955856323243,5576448.0
08/16/2011,15.41290953859409,15.833556780562915,15.203666373941678,15.745112419128418,9745200,0.0,0.0,-,15.319759225845337,16.540974445343018,16.0312602519989,15.558087062835693,5428400.0
08/15/2011,15.49919309842667,15.579008604870817,15.18424795974419,15.5380220413208,4587600,0.0,0.0,-,15.304132533073425,16.562287216186522,16.082384872436524,15.581169128417969,5313984.0
08/12/2011,15.421538794666672,15.673927804993204,14.979321912871432,15.462525367736816,5931200,0.0,0.0,-,15.288878116607666,16.59283266067505,16.138147115707397,15.67349557876587,5308072.0
08/11/2011,15.015989393453443,15.522921613718166,14.905973783611078,15.330934524536133,6580400,0.0,0.0,-,15.274247193336487,16.62821002960205,16.202753925323485,15.76172332763672,5254840.0
08/10/2011,14.949122286505492,15.272696347721778,14.742033439038222,14.774391174316406,8713200,0.0,0.0,-,15.26016725063324,16.668886795043946,16.275018787384035,15.87109146118164,5235632.0
08/09/2011,15.229553424867818,15.412911745724276,14.50690495691418,15.313682556152344,12094800,0.0,0.0,-,15.248784432411194,16.72602970123291,16.383200263977052,16.018856811523438,5157464.0
08/08/2011,15.617843338223144,16.35127828382761,14.888721989747395,15.044037818908691,8717600,0.0,0.0,-,15.233849444389342,16.771310806274414,16.467652893066408,16.161228752136232,5008312.0
08/05/2011,16.264987974950976,16.461288694179476,15.56391092125294,15.868069648742676,8646000,0.0,0.0,-,15.220112919807434,16.82413621902466,16.56720576286316,16.310935688018798,4954544.0
08/04/2011,16.36421622342515,16.666218958704345,16.034171000059118,16.06437110900879,10722400,0.0,0.0,-,15.20195673942566,16.85596336364746,16.63752899169922,16.4101655960083,4916520.0
08/03/2011,15.988878104408345,16.476395310930553,15.913376151932116,16.43972396850586,7711200,0.0,0.0,-,15.182102398872376,16.877152557373048,16.710872745513917,16.48243103027344,4774472.0
08/02/2011,16.318922513347484,16.454823057363107,15.971619477302186,15.975933074951172,4699600,0.0,0.0,-,15.160980982780456,16.894276809692382,16.76329116821289,16.50443344116211,4707592.0
08/01/2011,16.41598638473892,16.60365988709034,16.18085674740637,16.461286544799805,6909600,0.0,0.0,-,15.141846942901612,16.922354736328124,16.840301322937012,16.58360061645508,4746264.0
07/29/2011,16.26067373647232,16.52816279843113,16.178702237616832,16.344802856445312,5384800,0.0,0.0,-,15.119398317337037,16.940682640075682,16.893799304962158,16.602798652648925,4776248.0
07/28/2011,16.323229078193197,16.65327428987748,16.323229078193197,16.42461585998535,4110000,0.0,0.0,-,15.097339572906494,16.965986824035646,16.94071760177612,16.643784523010254,4782256.0
07/27/2011,16.700734408703592,16.705049650880174,16.217530969235106,16.252044677734375,4992000,0.0,0.0,-,15.07529893875122,16.985994606018068,16.975232315063476,16.678946113586427,4807664.0
07/26/2011,16.644645671584684,16.81937508731516,16.456972178027367,16.737401962280273,5129600,0.0,0.0,-,15.054035577774048,17.012723693847658,17.028837585449217,16.747543716430663,4812856.0
07/25/2011,16.728780738230764,16.799965785648183,16.44619158680063,16.541107177734375,5876400,0.0,0.0,-,15.02997106075287,17.033531951904298,17.03520154953003,16.774077033996583,4806496.0
07/22/2011,16.743881853983073,16.903511284087706,16.61445089606705,16.860368728637695,2918800,0.0,0.0,-,15.006545734405517,17.057405586242677,17.045124340057374,16.82347583770752,4880968.0
07/21/2011,16.74819649103124,17.08039945512682,16.74819649103124,16.787025451660156,3093200,0.0,0.0,-,14.980347456932067,17.06904266357422,17.055154609680176,16.864892387390135,4950592.0
07/20/2011,16.72661951344457,16.810748625181773,16.607975050336965,16.659748077392578,3323200,0.0,0.0,-,14.95445173740387,17.076467247009276,17.059791851043702,16.939314460754396,4986608.0
07/19/2011,16.782704881530606,16.907818906436052,16.75034715348617,16.76760482788086,3473200,0.0,0.0,-,14.929395637512208,17.08136043548584,17.070685577392577,17.022148895263673,4993904.0
07/18/2011,16.68346700122998,16.754653643581154,16.614437978708708,16.65326690673828,2922400,0.0,0.0,-,14.90440993309021,17.082418518066405,17.053212451934815,17.097002029418945,5042928.0
07/15/2011,16.7999617232002,16.828005856894404,16.592874557788928,16.754661560058594,4511600,0.0,0.0,-,14.879610857963563,17.087312240600586,17.031425857543944,17.18479995727539,5288168.0
07/14/2011,16.989791780143236,17.08254972138476,16.71151795641867,16.77623176574707,3994000,0.0,0.0,-,14.855374479293824,17.068235530853272,17.003598499298096,17.237650680541993,5338784.0
07/13/2011,17.12569423096082,17.252967535110724,16.88840694456266,16.938020706176758,3566400,0.0,0.0,-,14.83155436038971,17.048297233581543,16.980085468292238,17.271518516540528,5362904.0
07/12/2011,17.080393029984663,17.179622192979657,16.95527735438044,17.002735137939453,5152800,0.0,0.0,-,14.806155161857605,17.025338172912598,16.961210250854492,17.310131454467772,5369392.0
07/11/2011,17.170995721759933,17.300425011077635,16.957437312096587,17.03509521484375,5846400,0.0,0.0,-,14.781512718200684,17.002332458496095,16.935647869110106,17.296326065063475,5394336.0
07/08/2011,17.408277065456193,17.507507853929532,17.09548958622921,17.274534225463867,6924400,0.0,0.0,-,14.756120171546936,16.980099544525146,16.906094551086426,17.266772842407228,5355976.0
07/07/2011,17.51614612459707,17.59380404987854,17.291802835765253,17.531246185302734,9888400,0.0,0.0,-,14.728428688049316,16.948517112731935,16.880208587646486,17.245416831970214,5284112.0
07/06/2011,17.496721258187332,17.611050451119844,17.380234444883794,17.48809242248535,5063200,0.0,0.0,-,14.698416090011596,16.909821281433107,16.840840530395507,17.180269241333008,5182344.0
07/05/2011,17.526922626285746,17.62830939587988,17.434164693016882,17.516136169433594,3796400,0.0,0.0,-,14.66930383682251,16.87181640625,16.810101413726805,17.119222259521486,5125904.0
07/01/2011,17.337103017882246,17.548503867761546,17.207672045224342,17.531246185302734,3288800,0.0,0.0,-,14.639388175010682,16.832390232086183,16.77483215332031,17.009422874450685,5100792.0
06/30/2011,17.207666866137338,17.365140291057774,17.173153157390683,17.28316879272461,3771200,0.0,0.0,-,14.609482536315918,16.79352228164673,16.75153455734253,16.8780517578125,5139248.0
06/29/2011,17.32631257280847,17.362983905267914,17.060981114780482,17.114910125732422,4157600,0.0,0.0,-,14.580892162322998,16.751484298706053,16.748945808410646,16.7695463180542,5116328.0
06/28/2011,16.909975792661722,17.352194216568034,16.909975792661722,17.32415008544922,4694000,0.0,0.0,-,14.552704524993896,16.71354286193848,16.761438941955568,16.688652420043944,5111616.0
06/27/2011,16.720151882050104,16.9013525782546,16.629549888164963,16.864681243896484,3435200,0.0,0.0,-,14.522700538635254,16.673438777923582,16.776808261871338,16.612289047241212,5092344.0
06/24/2011,17.035094531083747,17.119223648052586,16.674849169111255,16.73956298828125,8080400,0.0,0.0,-,14.49415955543518,16.640545024871827,16.81246109008789,16.574969673156737,5125416.0
06/23/2011,16.698572896004816,17.095489463930104,16.672686388877548,17.06097412109375,6182400,0.0,0.0,-,14.465816311836242,16.613294429779053,16.859748363494873,16.545416259765624,5057616.0
06/22/2011,16.784854750073077,16.987628235984534,16.689940866997304,16.879770278930664,4878800,0.0,0.0,-,14.435887393951417,16.57849687576294,16.879671001434325,16.515000343322754,4999400.0
06/21/2011,16.46129057898084,16.892722661424326,16.262832216044703,16.877622604370117,5442000,0.0,0.0,-,14.406661281585693,16.547452430725098,16.891874027252197,16.501411819458006,4974632.0
06/20/2011,16.176539844106156,16.513057870501473,16.09888196461356,16.418142318725586,4249200,0.0,0.0,-,14.378536939620972,16.513654346466065,16.912789726257323,16.500980567932128,4939312.0
06/17/2011,16.370693238781193,16.558366821542272,16.213221421449845,16.2175350189209,5428000,0.0,0.0,-,14.352282147407532,16.490336608886718,16.96087408065796,16.54024143218994,5022328.0
06/16/2011,16.308130021021437,16.34695896863888,16.068685118344316,16.1981143951416,4754000,0.0,0.0,-,14.325853776931762,16.474903354644777,17.018881416320802,16.625017356872558,5018840.0
06/15/2011,16.396573113621958,16.523844759709466,16.221842039894856,16.305971145629883,4947200,0.0,0.0,-,14.2979501247406,16.462526149749756,17.089476299285888,16.72834529876709,5070880.0
06/14/2011,16.629545410596716,16.72230335509251,16.519531437144046,16.560516357421875,4055200,0.0,0.0,-,14.270116891860962,16.443301963806153,17.145427989959718,16.834225463867188,5044568.0
06/13/2011,16.448344961465818,16.575616611192068,16.355587015851828,16.491487503051758,5138000,0.0,0.0,-,14.241640014648437,16.419933433532716,17.196827125549316,16.941327476501463,5036744.0
06/10/2011,16.666216036593077,16.681316088420395,16.437555992916508,16.444028854370117,3970400,0.0,0.0,-,14.212676587104797,16.396095447540283,17.261143493652344,17.049952507019043,5041752.0
06/09/2011,16.689943539234996,16.892715411830572,16.61228566605981,16.75681495666504,3356800,0.0,0.0,-,14.1846435213089,16.375745086669923,17.325681495666505,17.174080467224123,5038208.0
06/08/2011,16.78055638397243,16.858214315186867,16.57562509212972,16.743885040283203,4330000,0.0,0.0,-,14.153767032623291,16.342556171417236,17.359951877593993,17.2443416595459,5041424.0
06/07/2011,16.804281017327565,17.07176846476679,16.804281017327565,16.873310089111328,2234800,0.0,0.0,-,14.123936138153077,16.309238567352295,17.38067035675049,17.282336235046387,5052224.0
06/06/2011,17.07176717063028,17.123538559097817,16.799964501055875,16.81075096130371,4024400,0.0,0.0,-,14.092679758071899,16.27393491744995,17.382225227355956,17.32459888458252,5073040.0
06/03/2011,17.086865538327476,17.237867737955543,17.007050019419104,17.06529426574707,4292000,0.055,0.0,-,14.06223731994629,16.237731208801268,17.38271312713623,17.381506729125977,5105936.0
06/02/2011,17.274419503319503,17.37337612666112,17.141042328591812,17.231393814086914,3269600,0.0,0.0,-,14.031193900108338,16.192951602935793,17.37434606552124,17.412745475769043,5096936.0
06/01/2011,17.627223783855182,17.758449277467346,17.341109075404905,17.36477279663086,5620000,0.0,0.0,-,13.997997822761535,16.140848751068116,17.30281767845154,17.450607299804688,5130112.0
05/31/2011,17.644443379263663,17.726191427459856,17.472345421310962,17.63153648376465,4804800,0.0,0.0,-,13.963857626914978,16.088745841979982,17.223544883728028,17.456630516052247,5168512.0
05/27/2011,17.644425555959838,17.72832521574344,17.530410384187164,17.57773780822754,4637200,0.0,0.0,-,13.927978420257569,16.035567111968994,17.13147144317627,17.452326774597168,5240984.0
05/26/2011,17.37337993706667,17.711123875622402,17.33895937813133,17.6853084564209,6029200,0.0,0.0,-,13.892997317314148,15.984324798583984,17.045207023620605,17.472334480285646,5273520.0
05/25/2011,17.128136439193057,17.54332492719087,17.014119587038365,17.459426879882812,6744800,0.0,0.0,-,13.857670254707337,15.928134574890137,16.95711407661438,17.477282524108887,5269592.0
05/24/2011,17.37122315610422,17.416398895533966,17.11522565807355,17.123830795288086,3620000,0.0,0.0,-,13.82474148273468,15.879430656433106,16.8689133644104,17.47556209564209,5206152.0
05/23/2011,17.224945407428407,17.420708657836002,17.18407140102183,17.295936584472656,4367200,0.0,0.0,-,13.793906517028809,15.840106163024902,16.792544555664062,17.47900447845459,5215288.0
05/20/2011,17.287326227333512,17.433610286827978,17.05069068319128,17.37982940673828,6633200,0.0,0.0,-,13.760974164009093,15.802674598693848,16.707140159606933,17.439851570129395,5195112.0
05/19/2011,17.351867954170668,17.573444968798455,17.209885610081454,17.377681732177734,8408800,0.0,0.0,-,13.728048853874206,15.758660354614257,16.615390062332153,17.383919525146485,5143888.0
05/18/2011,17.366923059747432,17.618617192476258,17.162554724306162,17.61001205444336,5685200,0.0,0.0,-,13.69757598400116,15.717829818725585,16.52589840888977,17.33594665527344,5023744.0
05/17/2011,17.562683879334212,17.653035362997024,17.36477063666457,17.425004959106445,5380400,0.0,0.0,-,13.6648965549469,15.672524814605714,16.404461288452147,17.155028057098388,4984416.0
05/16/2011,17.739084873408146,17.78426061466643,17.530414800980235,17.588499069213867,5251600,0.0,0.0,-,13.633909873962402,15.628080444335938,16.294102954864503,16.99045925140381,4955176.0
05/13/2011,17.790721756410903,17.838049212856273,17.659496223998882,17.777814865112305,4811600,0.0,0.0,-,13.602116370201111,15.585701160430908,16.18062529563904,16.810616111755373,4902592.0
05/12/2011,17.496001583705425,17.87892130287947,17.37553125989701,17.73478889465332,9600000,0.0,0.0,-,13.569035086631775,15.5416868019104,16.052734231948854,16.618079566955565,4917648.0
05/11/2011,17.123838932038684,17.45728118218016,17.06360458417741,17.442222595214844,6400000,0.0,0.0,-,13.53713921546936,15.496897926330567,15.934846448898316,16.436945629119872,4819984.0
05/10/2011,16.990458518815842,17.33465586686947,16.919467354174728,17.158254623413086,4894000,0.0,0.0,-,13.507644495964051,15.455723094940186,15.828790140151977,16.26226463317871,4798712.0
05/09/2011,16.882895476320556,17.01411932059014,16.77318201568882,16.904407501220703,3688000,0.0,0.0,-,13.481435561180115,15.422508049011231,15.737254810333251,16.106084632873536,4769368.0
05/06/2011,17.01842220614691,17.13028571707103,16.771029823968625,16.82050895690918,5924400,0.0,0.0,-,13.45625062942505,15.392778034210204,15.65142035484314,15.974428749084472,4770704.0
05/05/2011,16.151474161704765,17.07220255821565,16.093389892607174,16.897953033447266,15184400,0.0,0.0,-,13.430632190704346,15.361240997314454,15.573007678985595,15.846860599517822,4722456.0
05/04/2011,15.75350026441784,15.929901531891122,15.678205699464645,15.800826072692873,7042400,0.0,0.0,-,13.403155074119567,15.325573616027832,15.500403642654419,15.715850162506104,4535096.0
05/03/2011,15.78792204375046,15.876123514098856,15.587857015260347,15.779316902160645,5200000,0.0,0.0,-,13.382155227661134,15.313784866333007,15.489325046539307,15.653894519805908,4463752.0
05/02/2011,15.955712071217771,16.048215256188772,15.755647119595023,15.790067672729492,3890800,0.0,0.0,-,13.3601859998703,15.307202014923096,15.46759729385376,15.597746658325196,4434192.0
04/29/2011,15.92128886354699,15.970766343750148,15.81802887326696,15.852449417114258,6400000,0.0,0.0,-,13.337800493240357,15.297478351593018,15.447698402404786,15.550634479522705,4413512.0
04/28/2011,15.708325897835808,15.9578700830563,15.64809154726892,15.923449516296388,3928400,0.0,0.0,-,13.316958336830139,15.286593170166016,15.42005534172058,15.48738889694214,4362792.0
04/27/2011,15.652388586078,15.71047121733328,15.527616544107648,15.695412635803224,3331200,0.0,0.0,-,13.29514277458191,15.271190185546875,15.395208406448365,15.432747268676758,4350280.0
04/26/2011,15.641630360930916,15.70616807103727,15.512556581980355,15.596454620361328,4800000,0.0,0.0,-,13.274563374519348,15.260605430603027,15.36530623435974,15.395315647125244,4353664.0
04/25/2011,15.512555766339618,15.607210631848805,15.458774891166138,15.587848663330078,2241200,0.0,0.0,-,13.253892307281495,15.25650333404541,15.339383745193482,15.368424987792968,4340144.0
04/21/2011,15.585699817787662,15.626573815595007,15.50825521208025,15.544827461242676,2540800,0.0,0.0,-,13.233626804351807,15.248884773254394,15.315397691726684,15.328411960601807,4382984.0
04/20/2011,15.3383062559814,15.620117516686578,15.310339150483474,15.587848663330078,5211600,0.0,0.0,-,13.21351243019104,15.23620756149292,15.288184595108032,15.29915475845337,4402560.0
04/19/2011,15.217840257185788,15.265167703243865,15.112430171768947,15.181269645690918,2625200,0.0,0.0,-,13.194590420722962,15.224342708587647,15.250107860565185,15.284957122802734,4376336.0
04/18/2011,15.142545378944718,15.243653702206093,14.97905103406968,15.217838287353516,3922000,0.0,0.0,-,13.176954927444458,15.218550777435302,15.222356939315796,15.324755573272705,4448104.0
04/15/2011,15.230746093680134,15.334004465672775,15.047889786014997,15.31894588470459,3730400,0.0,0.0,-,13.158720746040345,15.21395751953125,15.199446392059325,15.337447929382325,4480960.0
04/14/2011,15.263017651669404,15.33185713300432,15.090919768963465,15.219993591308594,5088800,0.0,0.0,-,13.14050347328186,15.201852111816406,15.182129096984863,15.344762325286865,4603976.0
04/13/2011,15.351217814844876,15.422208985591634,15.22429405733438,15.377033233642578,4690400,0.0,0.0,-,13.121224231719971,15.175598850250244,15.171910524368286,15.352721786499023,4669936.0
04/12/2011,15.213534666864286,15.48889249302728,15.213534666864286,15.321096420288086,3271600,0.0,0.0,-,13.1012770986557,15.149421482086181,15.146848726272584,15.35766954421997,4682784.0
04/11/2011,15.202776014108595,15.3770271498425,15.148995143838285,15.327548027038574,3640400,0.0,0.0,-,13.082963781356812,15.122647247314454,15.132005453109741,15.335296821594238,4713128.0
04/08/2011,15.28667500198895,15.295280138724909,15.034980907194738,15.187718391418455,3676000,0.0,0.0,-,13.064447612762452,15.096859073638916,15.12350835800171,15.310342502593993,4714712.0
04/07/2011,15.370572371945116,15.488890945393871,15.09521457329558,15.2522554397583,8400000,0.0,0.0,-,13.047217025756837,15.080429935455323,15.135340356826783,15.302383422851562,4751112.0
04/06/2011,15.650239032878652,15.69971817396972,15.435115472289256,15.44587230682373,5253600,0.0,0.0,-,13.030036931037904,15.06069408416748,15.131683444976806,15.277214431762696,4667520.0
04/05/2011,15.31465298320304,15.75780717163104,15.31465298320304,15.579254150390623,7356000,0.0,0.0,-,13.01173948764801,15.03511297225952,15.126197576522827,15.215258598327637,4639760.0
04/04/2011,15.370575621742187,15.432961642636162,15.179115810598946,15.344761848449709,3631600,0.0,0.0,-,12.993969354629517,15.004590969085694,15.114472961425781,15.119958305358887,4548176.0
04/01/2011,15.346912456331916,15.439415643582905,15.258712658959958,15.39208984375,3664000,0.0,0.0,-,12.978352637290955,14.976142501831054,15.10737419128418,15.061444854736328,4543800.0
03/31/2011,15.39424145392866,15.46738431790648,15.15330411673705,15.299588203430176,5388400,0.0,0.0,-,12.962904443740845,14.947347946166992,15.1112464427948,15.019495868682862,4565640.0
03/30/2011,15.187723519898809,15.432964255267668,15.127489183669624,15.42651081085205,3793200,0.0,0.0,-,12.94766288280487,14.919030933380126,15.125121879577637,14.99109926223755,4547960.0
03/29/2011,15.039286563882614,15.127486356516805,14.987655735681749,15.097369194030762,3517600,0.0,0.0,-,12.931925287246704,14.884057960510255,15.128563594818115,14.936027908325196,4544544.0
03/28/2011,15.108123636018115,15.303885161198002,15.067249647142996,15.078004837036133,4870000,0.0,0.0,-,12.917182984352111,14.85596803665161,15.142869186401366,14.928714084625245,4543400.0
03/25/2011,15.056496760437811,15.271620309801884,14.94893498575578,15.10812759399414,3275600,0.0,0.0,-,12.902921380996704,14.828050842285156,15.163844060897826,14.936674213409423,4499528.0
03/24/2011,14.895153810013277,15.082311885190718,14.78329028866534,15.000565528869627,5669200,0.0,0.0,-,12.888658418655396,14.800689353942872,15.179333019256593,14.968297290802003,4519296.0
03/23/2011,14.563862991255688,14.888699995980769,14.5100821062935,14.826313972473145,3842000,0.0,0.0,-,12.872939372062683,14.77728054046631,15.19148759841919,14.986152458190919,4486912.0
03/22/2011,14.75747673110336,14.82201445929655,14.615496026845998,14.626251220703123,4928400,0.0,0.0,-,12.857025318145752,14.756413135528565,15.205901098251342,15.037136554718018,4552488.0
03/21/2011,15.067254093658326,15.067254093658326,14.686484479560312,14.75962734222412,7540000,0.0,0.0,-,12.840522880554198,14.738174457550048,15.23515796661377,15.108987617492676,4591736.0
03/18/2011,15.11458232569908,15.129640909787122,14.817710751874,14.972599983215332,8428400,0.0,0.0,-,12.824974274635315,14.716496238708496,15.269685316085816,15.153303527832032,4696792.0
03/17/2011,14.97474814555439,15.174813081959876,14.735960910449055,15.01562213897705,6264000,0.0,0.0,-,12.810024147033692,14.685754814147948,15.286249542236328,15.202997016906739,4677336.0
03/16/2011,14.912367889833986,15.056500307964589,14.776840612656931,14.875797271728516,5832800,0.0,0.0,-,12.792779703140258,14.652222824096679,15.300877952575684,15.259144496917724,4681952.0
03/15/2011,14.886551988723223,15.129642699378618,14.867191653146827,15.02423095703125,3572800,0.0,0.0,-,12.774395198822022,14.628692951202392,15.314753103256226,15.321099281311035,4651856.0
03/14/2011,15.331855686541385,15.454476052390213,15.01347373087822,15.15760612487793,4076800,0.0,0.0,-,12.754981474876404,14.59949234008789,15.321850299835205,15.35702428817749,4625432.0
03/11/2011,15.123186701373498,15.48029095224818,15.000566339633172,15.424358367919922,3358400,0.0,0.0,-,12.735719480514526,14.570197677612304,15.333537483215332,15.391013908386231,4597928.0
03/10/2011,15.19847917576623,15.243654924433674,15.0823122615089,15.179117202758787,4072000,0.0,0.0,-,12.713975548744202,14.534109573364258,15.322665596008301,15.390368747711182,4577392.0
03/09/2011,15.2866758092151,15.473833850265692,15.168358865687384,15.33615493774414,2401600,0.0,0.0,-,12.694265818595886,14.501939849853516,15.309258079528808,15.396822738647462,4530768.0
03/08/2011,15.174814062137628,15.435113337497963,15.032831743979832,15.344761848449709,3718800,0.0,0.0,-,12.673186168670654,14.466200504302979,15.292180633544922,15.374665641784668,4512368.0
03/07/2011,15.534077030751808,15.570647653725976,15.123191753410726,15.202786445617676,3918400,0.0,0.0,-,12.652329268455505,14.431061038970947,15.269526195526122,15.361328315734863,4496176.0
03/04/2011,15.525465813827678,15.581398394955349,15.316795713045028,15.469534873962402,2622400,0.0,0.0,-,12.631895198822022,14.398761081695557,15.258795642852784,15.386067104339599,4470360.0
03/03/2011,15.620120992294089,15.673901879434265,15.312494252201777,15.577096939086914,5564400,0.0,0.0,-,12.609542694091797,14.360053958892822,15.221002674102783,15.369502067565918,4469224.0
03/02/2011,15.331850799555705,15.5534293785436,15.23289418859376,15.49534511566162,4716800,0.0,0.0,-,12.586705503463746,14.317694358825683,15.137514352798462,15.342611408233642,4429448.0
03/01/2011,15.607209649283904,15.656687132221856,15.288826166145691,15.3834810256958,5336400,0.0,0.0,-,12.565595340728759,14.27782766342163,15.066155338287354,15.308406925201416,4453688.0
02/28/2011,15.420057709728663,15.52546780047645,15.284530450195795,15.497502326965332,3426800,0.0,0.0,-,12.54426842212677,14.244701747894288,14.996100521087646,15.28667631149292,4453784.0
02/25/2011,15.303891525066447,15.529771943156929,15.269472605329076,15.417906761169434,3754800,0.0,0.0,-,12.522871065139771,14.202089786529541,14.923132371902465,15.276061058044434,4566368.0
02/24/2011,15.110279900774376,15.368429183259678,14.998416360581285,15.243657112121582,3512000,0.0,0.0,-,12.50346637248993,14.164543838500977,14.870550107955932,15.25496244430542,4598912.0
02/23/2011,15.133944304507652,15.202783788004028,14.865039815652638,15.114583969116213,5816400,0.0,0.0,-,12.484741563796996,14.131169147491455,14.821640396118164,15.221693420410157,4636824.0
02/22/2011,15.389941558455895,15.639484065068409,15.16836452720345,15.21138858795166,3475200,0.0,0.0,-,12.466428232192992,14.108182029724121,14.774252033233642,15.209695625305176,4624360.0
02/18/2011,15.28237821401216,15.467384610722398,15.166211292268809,15.45017433166504,3722000,0.0,0.0,-,12.445121912956237,14.085188846588135,14.71634030342102,15.177724075317382,4666160.0
02/17/2011,15.286674233618728,15.44371509894792,15.192021016804874,15.303884506225586,2856800,0.0,0.0,-,12.424088773727417,14.052144412994386,14.639948511123658,15.131524181365966,4717968.0
02/16/2011,15.217837220744094,15.41790215835778,15.20708202958941,15.30819034576416,3864000,0.055,0.0,-,12.406040897369385,14.024299011230468,14.572372388839721,15.072503280639648,4745488.0
02/15/2011,15.144721940402198,15.266960492490682,15.110408560653571,15.153300285339355,3302800,0.0,0.0,-,12.388035292625426,13.995809955596924,14.501149749755859,14.932417297363282,4744232.0
02/14/2011,15.350605310496714,15.425663822624024,15.129718130742267,15.16617488861084,3500400,0.0,0.0,-,12.372887830734253,13.972091388702392,14.427377843856812,14.82390375137329,4780832.0
02/11/2011,15.159740912598933,15.399928141535751,15.142584214488364,15.391349792480469,4124000,0.0,0.0,-,12.35659161567688,13.949444942474365,14.3537127494812,14.705524730682374,4857024.0
02/10/2011,14.803746409299263,15.217642332708456,14.803746409299263,15.206920623779297,4383200,0.0,0.0,-,12.34054096698761,13.922252292633056,14.268252515792847,14.570203685760498,4918648.0
02/09/2011,14.932411917914596,15.065373813180887,14.865931788357466,14.910966873168944,3519600,0.0,0.0,-,12.32433871269226,13.89571029663086,14.194909143447877,14.486137771606446,4939416.0
02/08/2011,14.908824189630325,15.041786105513866,14.868079089141212,14.994606018066406,3900400,0.0,0.0,-,12.310519876480102,13.872306327819825,14.140867042541505,14.421587371826172,4970328.0
02/07/2011,14.940996548121928,14.953864889304144,14.702952688160003,14.89167308807373,6213600,0.0,0.0,-,12.297632999420166,13.853390789031982,14.080283927917481,14.33880844116211,4920216.0
02/04/2011,14.619314608122451,15.016053796096251,14.619314608122451,14.98817539215088,5564800,0.0,0.0,-,12.285377731323242,13.836148738861084,14.02141613960266,14.254956531524659,4873096.0
02/03/2011,14.456331590798715,14.797312350923232,14.34695969356045,14.713675498962402,9881200,0.0,0.0,-,12.272523007392884,13.810729961395264,13.955793190002442,14.148372840881347,4883936.0
02/02/2011,14.048870825794925,14.087472580543144,13.819405293722962,13.907330513000488,8386800,0.0,0.0,-,12.259679970741272,13.793796195983887,13.89188585281372,14.072241497039794,4806712.0
02/01/2011,14.03385307830524,14.15394664750324,13.97380629370624,14.068164825439451,5332800,0.0,0.0,-,12.250422172546386,13.789694805145263,13.863470458984375,14.069882202148438,4755928.0
01/31/2011,14.029564771307443,14.08961156311395,13.89660448549372,13.98238468170166,4788800,0.0,0.0,-,12.239679789543152,13.779809608459473,13.84502739906311,14.030851936340332,4975976.0
01/28/2011,14.385554934631315,14.413433327287075,13.99953761088732,14.03813934326172,3719600,0.0,0.0,-,12.229749031066895,13.779983253479005,13.824118185043336,14.001900768280029,5063504.0
01/27/2011,14.278336263542093,14.464910046798565,14.192554405095748,14.36626148223877,5496000,0.0,0.0,-,12.219762773513795,13.771211967468261,13.806854867935181,13.966301345825196,5109688.0
01/26/2011,14.229006130171497,14.297631265424254,14.05958746960794,14.265462875366213,4220400,0.0,0.0,-,12.20792329788208,13.756134986877441,13.76953945159912,13.903680515289306,5076280.0
01/25/2011,14.010266362434368,14.175395059283916,13.86229272514853,14.16681671142578,3865600,0.0,0.0,-,12.196683478355407,13.744186344146728,13.734797859191895,13.860146713256835,5077536.0
01/24/2011,13.93520541075643,14.068165688770202,13.913758726810222,14.05315399169922,2776800,0.0,0.0,-,12.18539469242096,13.737162933349609,13.70391640663147,13.82175941467285,5094056.0
01/21/2011,13.975951928718368,14.027422012028692,13.862291691341497,13.922338485717772,3412800,0.0,0.0,-,12.17453601360321,13.730359020233154,13.680648136138917,13.787875747680664,5157984.0
01/20/2011,13.845135173180475,14.096047333093717,13.832268470265296,13.952362060546877,4756000,0.0,0.0,-,12.164575943946838,13.720994300842285,13.663920640945435,13.763213539123536,5189984.0
01/19/2011,13.649983724104812,13.93949600623456,13.6328270286513,13.883737564086914,4504400,0.0,0.0,-,12.152371397018433,13.715093784332275,13.643011474609375,13.711530208587646,5228792.0
01/18/2011,13.695018862862405,13.810824103285643,13.58779197019117,13.677862167358398,3622400,0.0,0.0,-,12.141084055900574,13.712319984436036,13.621780443191529,13.657058715820312,5252240.0
01/14/2011,13.643548731757743,13.710029695517838,13.587791111047764,13.692873001098633,3460400,0.0,0.0,-,12.13113440990448,13.711010990142823,13.612987852096557,13.65920286178589,5406976.0
01/13/2011,13.710024327190032,13.757204400292691,13.634965863686611,13.68214511871338,2676400,0.0,0.0,-,12.119461855888368,13.695966911315917,13.614703464508057,13.64633560180664,5535024.0
01/12/2011,13.898748510848993,13.995253690434115,13.716463130947014,13.740053176879885,4264000,0.0,0.0,-,12.107896103858948,13.683276653289795,13.598941421508789,13.647408390045166,5652448.0
01/11/2011,13.812969794826175,13.842993195393774,13.680007852203511,13.830124855041504,4050000,0.0,0.0,-,12.095838828086853,13.663438186645507,13.588969230651855,13.635398387908936,5687824.0
01/10/2011,13.624248386452296,13.832268814910549,13.525599843955575,13.782943725585938,7120800,0.0,0.0,-,12.083543820381164,13.6392311668396,13.576209115982056,13.609449005126953,5707440.0
01/07/2011,13.750774884266647,13.875156814391158,13.56419953485151,13.714317321777344,6890800,0.0,0.0,-,12.071622915267945,13.61331506729126,13.585323333740234,13.586073398590088,5663496.0
01/06/2011,13.664993875740723,13.88588098718885,13.589934568748053,13.675716400146484,12792800,0.0,0.0,-,12.060183353424073,13.589755535125732,13.602693939208985,13.573420524597168,5665976.0
01/05/2011,13.281121782020854,13.437672932892555,12.899394340664545,13.435528755187988,7455600,0.0,0.0,-,12.048766689300537,13.566540126800538,13.608805751800537,13.564627742767334,5528080.0
01/04/2011,13.725039200306991,13.725039200306991,13.32186594473667,13.339022636413574,6494800,0.0,0.0,-,12.039273886680602,13.547786102294921,13.632610034942626,13.574492740631104,5481440.0
01/03/2011,13.729326198329549,13.885878131143532,13.671424414832437,13.69930362701416,4328000,0.0,0.0,-,12.030720772743225,13.527539348602295,13.659845781326293,13.586502170562744,5414744.0
12/31/2010,13.660704757499852,13.705739851031518,13.555622054516451,13.564200401306152,2251600,0.0,0.0,-,12.01970708847046,13.49948793411255,13.673249197006225,13.566772842407227,5469960.0
12/30/2010,13.604946987390752,13.720752220491732,13.542756015311676,13.692873001098633,2701600,0.0,0.0,-,12.007327752113342,13.47294059753418,13.696731805801392,13.583071327209472,5529608.0
12/29/2010,13.577063073037738,13.720746649112147,13.577063073037738,13.619953155517578,2331600,0.0,0.0,-,11.996229300498962,13.440953197479248,13.713674020767211,13.550474452972413,5609072.0
12/28/2010,13.566341854688144,13.656412841740364,13.532029292495872,13.57063102722168,1740800,0.0,0.0,-,11.985761218070984,13.412862949371338,13.726667404174805,13.542540073394775,5667824.0
12/27/2010,13.56419935690532,13.594222750281393,13.414081571948852,13.549187660217283,1481600,0.0,0.0,-,11.974838080406188,13.384432830810546,13.73517427444458,13.542969226837158,5777208.0
12/23/2010,13.555620194837994,13.632823669201503,13.474128365744123,13.587788581848145,2909200,0.0,0.0,-,11.963352394104003,13.352880306243897,13.760156345367431,13.58457326889038,5843832.0
12/22/2010,13.532030153440692,13.613522800610628,13.46126084732485,13.587788581848145,2627600,0.0,0.0,-,11.951344146728516,13.319785614013671,13.782245445251466,13.631967353820801,5900864.0
12/21/2010,13.47627611271576,13.596370528878152,13.38191674020863,13.534178733825684,2565600,0.0,0.0,-,11.938761825561523,13.288359622955323,13.78871784210205,13.65298376083374,5969392.0
12/20/2010,13.607090546201531,13.647836464029687,13.399070147756673,13.45911693572998,3575600,0.0,0.0,-,11.925820307731628,13.257663497924804,13.805358266830444,13.69072732925415,6035120.0
12/17/2010,13.64783898727774,13.712174960297476,13.499866167524717,13.502010345458984,5928800,0.0,0.0,-,11.91358365058899,13.226971130371094,13.817515468597412,13.733189392089844,6103400.0
12/16/2010,13.388347925389674,13.761496999163583,13.36690287722378,13.727185249328612,5341200,0.0,0.0,-,11.900441493988037,13.194051761627197,13.821110200881957,13.779725551605225,6273712.0
12/15/2010,13.51058789605712,13.570634691588536,13.27039989585523,13.366904258728027,9056000,0.0,0.0,-,11.886088409423827,13.15192232131958,13.834304285049438,13.810392284393311,6426416.0
12/14/2010,13.583500272455684,13.658558756148926,13.506296793184854,13.540609359741213,5382000,0.0,0.0,-,11.871825137138366,13.11674186706543,13.845937824249267,13.876873588562011,6484728.0
12/13/2010,13.984529201991151,13.99525254422874,13.56420003748407,13.574922561645508,5407600,0.0,0.0,-,11.85651258945465,13.078900241851807,13.849527978897095,13.910794734954834,6530568.0
12/10/2010,14.070309954797509,14.089610005965593,13.800097785379048,13.965228080749512,5193200,0.0,0.0,-,11.841049761772156,13.042811069488526,13.854183387756347,13.927379322052001,6559624.0
12/09/2010,13.83226403127342,14.078886120301703,13.787228949370297,14.061729431152344,5565200,0.0,0.0,-,11.823231401443481,12.99737554550171,13.846704292297364,13.935739421844483,6648192.0
12/08/2010,14.07459816902075,14.07459816902075,13.7164608209397,13.79795265197754,6312400,0.0,0.0,-,11.804877395629882,12.954288673400878,13.82926573753357,13.93252353668213,6668296.0
12/07/2010,13.993106248546775,14.070309724258516,13.86443433441126,13.911614418029783,4232800,0.0,0.0,-,11.787066192626954,12.918573780059814,13.812073230743408,13.924451923370361,6757080.0
12/06/2010,13.98024274889852,14.020987855409944,13.84299245757549,13.883737564086914,3801200,0.0,0.0,-,11.767495980262757,12.877505111694337,13.799359321594238,13.919989204406738,6785120.0
12/03/2010,14.033853714706906,14.05958711718647,13.894458452051031,13.967371940612791,5132800,0.04,0.0,-,11.748203344345093,12.8413152885437,13.792424821853638,13.90184154510498,6813448.0
12/02/2010,14.023157022281094,14.110867754204826,13.841314634721094,14.033852577209473,7310000,0.0,0.0,-,11.728439388275147,12.80109956741333,13.774676847457886,13.862494850158692,6874696.0
12/01/2010,14.012464316090288,14.243509920959998,13.941866775908636,14.03171730041504,7205200,0.0,0.0,-,11.708343029022217,12.75514726638794,13.720017671585083,13.858216285705566,6881432.0
11/30/2010,13.631662103388337,13.969672942544982,13.576039674019936,13.879820823669434,5421600,0.0,0.0,-,11.688246722221374,12.705087451934814,13.670813417434692,13.815002059936523,6865968.0
11/29/2010,13.926887081503894,13.984649279694755,13.591015975815552,13.740768432617188,5065200,0.0,0.0,-,11.668229508399964,12.660803871154785,13.614228868484497,13.788261222839356,6868528.0
11/26/2010,13.937585829647109,14.053108606807148,13.916193085468231,14.048829078674316,1394800,0.0,0.0,-,11.64871684551239,12.6166485786438,13.558179140090942,13.780987453460693,6889704.0
11/24/2010,13.766435196373244,14.05310307851675,13.766435196373244,14.029570579528809,3857600,0.0,0.0,-,11.627420191764832,12.566674365997315,13.480094623565673,13.757669162750243,6943112.0
11/23/2010,13.730071838050934,13.924747918482622,13.653056658581225,13.717236518859863,6106800,0.0,0.0,-,11.605276913642884,12.517384834289551,13.405433130264282,13.72600793838501,6992680.0
11/22/2010,13.638081455910234,13.905494817790826,13.488329810040938,13.866987228393556,6020000,0.0,0.0,-,11.584938979148864,12.472587757110595,13.345318603515626,13.699694538116455,6962368.0
11/19/2010,13.546090853507003,13.706538866600734,13.449821882434604,13.702260971069336,5847600,0.0,0.0,-,11.563481483459473,12.42171506881714,13.276860618591309,13.678729438781739,6907008.0
11/18/2010,13.777139348007342,13.90977535611588,13.276541406816197,13.573904991149902,16335200,0.0,0.0,-,11.543673996925355,12.370799541473389,13.208081817626953,13.683008098602295,6872472.0
11/17/2010,13.63380226928822,14.055245157997083,13.580319598775048,13.991066932678224,9165200,0.0,0.0,-,11.52369252204895,12.320739727020264,13.1442232131958,13.68685884475708,6626168.0
11/16/2010,13.554649789902532,13.807088090637375,13.445544671813616,13.59957504272461,6028800,0.0,0.0,-,11.502684679031372,12.262422199249267,13.056511545181275,13.5818190574646,6530680.0
11/15/2010,13.764302257654712,13.798531957576348,13.59957631522714,13.612412452697754,3825600,0.0,0.0,-,11.484301772117615,12.211121654510498,12.981207942962646,13.526624774932861,6510504.0
11/12/2010,13.740768017286868,13.841314063842317,13.620965729034404,13.668030738830566,4283200,0.0,0.0,-,11.46550503730774,12.163928489685059,12.911359357833863,13.440196514129639,6531096.0
11/11/2010,13.620968434591344,13.866989086926912,13.533256872782134,13.815646171569824,4691600,0.0,0.0,-,11.445826330184936,12.1139115524292,12.83541407585144,13.335370826721192,6597560.0
11/10/2010,13.475495930664255,13.721515760230302,13.473356166535345,13.712958335876465,5973200,0.0,0.0,-,11.425515484809875,12.056235847473145,12.74320983886719,13.202520084381103,6719536.0
11/09/2010,13.715098249239936,13.715098249239936,13.396341125278765,13.454102516174316,5012800,0.0,0.0,-,11.405696892738343,11.994324359893799,12.65421462059021,13.084858322143555,6847720.0
11/08/2010,13.670172371130992,13.7065401992494,13.441266582147865,13.657336235046388,6696400,0.0,0.0,-,11.386314430236816,11.940028800964356,12.582333946228028,12.990942668914794,6866472.0
11/05/2010,13.582460595235323,13.7792772649473,13.546091951623833,13.745047569274902,5676800,0.0,0.0,-,11.365015211105346,11.884184894561768,12.499435758590698,12.87499179840088,6846392.0
11/04/2010,13.13748597533759,13.740771379160996,13.13748597533759,13.612412452697754,11359200,0.0,0.0,-,11.34272653579712,11.823259983062744,12.408408308029175,12.733155536651612,6824408.0
11/03/2010,13.00484810979899,13.07330587199172,12.808031431434218,12.940669059753418,9862800,0.0,0.0,-,11.321736712455749,11.767760047912597,12.320589780807495,12.601587581634522,6717120.0
11/02/2010,12.852955335948442,13.054049876506504,12.812307985437654,13.047632217407228,8547600,0.0,0.0,-,11.304984946250915,11.720577011108398,12.254591989517213,12.53120403289795,6685808.0
11/01/2010,12.675393377451266,12.799473569320638,12.639025551884544,12.748129844665527,6032800,0.0,0.0,-,11.288249297142029,11.67517848968506,12.182604455947876,12.435791110992431,6662184.0
10/29/2010,12.472161141760733,12.647584271501374,12.407982087284074,12.619773864746094,5030800,0.0,0.0,-,11.272057642936707,11.632656574249268,12.127624368667602,12.382522201538086,6702824.0
10/28/2010,12.60266155919721,12.6411691628733,12.337387046770946,12.487138748168944,4923600,0.0,0.0,-,11.25727056980133,11.594706363677979,12.08515887260437,12.33545732498169,6859080.0
10/27/2010,12.410121547520523,12.55345556397744,12.343803542126702,12.536340713500977,7014800,0.0,0.0,-,11.243496322631836,11.562095794677735,12.045474529266357,12.283899593353272,6919208.0
10/26/2010,12.463602256672118,12.673255061390948,12.446488224987824,12.51494598388672,5898000,0.0,0.0,-,11.228967514038086,11.523212547302245,12.014026784896851,12.223570919036865,6891624.0
10/25/2010,12.37588713104909,12.600514954706249,12.345936972182969,12.497827529907228,5123600,0.0,0.0,-,11.214365577697754,11.483648300170898,11.98888988494873,12.17372522354126,6867864.0
10/22/2010,12.322406240461255,12.395142700756288,12.213301958059075,12.326684951782228,3160000,0.0,0.0,-,11.199616146087646,11.442805652618409,11.956907558441163,12.123879718780518,6942296.0
10/21/2010,12.28817548119746,12.467877248711655,12.206882426810065,12.296732902526855,7088800,0.0,0.0,-,11.186665353775025,11.407902297973633,11.94428563117981,12.083661079406738,6999936.0
10/20/2010,12.153400747898072,12.29031623588932,12.146982273343014,12.236833572387695,5234000,0.0,0.0,-,11.171946673393249,11.374365558624268,11.927278280258179,12.039591979980468,7010168.0
10/19/2010,12.119175271604105,12.202608119470998,12.022906287111182,12.09350299835205,6674800,0.0,0.0,-,11.156817655563355,11.347102336883545,11.90224847793579,11.977979946136475,7011872.0
10/18/2010,12.157680188226358,12.29031697316445,12.084943728857588,12.21544075012207,5269200,0.0,0.0,-,11.1415788936615,11.32436902999878,11.874009656906129,11.92941780090332,7009688.0
10/15/2010,12.025044896864127,12.159821471362433,11.885990426358411,12.149125099182127,7210000,0.0,0.0,-,11.125751638412476,11.294249534606934,11.846519708633423,11.872726535797119,7119512.0
10/14/2010,11.933053841705629,12.048576612243044,11.890268355800655,11.971561431884766,4812800,0.0,0.0,-,11.110934028625488,11.267162380218506,11.81571364402771,11.83486042022705,7319352.0
10/13/2010,12.084945384827854,12.084945384827854,11.836785809932184,11.933053970336914,5760800,0.0,0.0,-,11.097152528762818,11.253393306732178,11.794641494750977,11.807049465179443,7355384.0
10/12/2010,11.958728448460336,12.078529138124416,11.864598402488854,12.016489028930664,6054000,0.0,0.0,-,11.082853722572327,11.236214752197265,11.776243495941163,11.804482650756835,7425592.0
10/11/2010,11.907382219948758,12.042158783685542,11.858178258983449,11.999372482299805,5852000,0.0,0.0,-,11.06780933856964,11.220438346862792,11.749288177490234,11.804054546356202,7465496.0
10/08/2010,11.851762081417531,12.067831747116928,11.813254486963237,11.924498558044434,6989600,0.0,0.0,-,11.053242535591126,11.205046863555909,11.715487194061279,11.789935398101807,7500392.0
10/07/2010,11.94161453567084,12.112758974403135,11.78758413277124,11.85604190826416,14444400,0.0,0.0,-,11.038986506462097,11.189788055419921,11.67708649635315,11.80491018295288,7569464.0
10/06/2010,11.560812911076903,11.620713233947754,11.404643629248838,11.620713233947754,12976400,0.0,0.0,-,11.026005120277405,11.179779510498047,11.637830114364624,11.81496458053589,7435624.0
10/05/2010,11.716986679981254,11.753354513914164,11.4239017958783,11.607881546020508,11971600,0.0,0.0,-,11.01335280418396,11.178230819702149,11.610553979873657,11.826517009735108,7387064.0
10/04/2010,11.712707153121244,11.75763240935598,11.537284024516223,11.64852809906006,7674000,0.0,0.0,-,11.00229028224945,11.184402542114258,11.58188729286194,11.818601512908936,7239976.0
10/01/2010,11.798275155261406,11.862454184223862,11.684891360811084,11.770463943481444,6860400,0.0,0.0,-,10.991543684005737,11.188780403137207,11.562098598480224,11.820312881469727,7187048.0
09/30/2010,11.95872630512796,12.027184062975348,11.573650397135337,11.693451881408691,9621600,0.0,0.0,-,10.980642943382263,11.187307548522949,11.531934595108032,11.79656686782837,7163944.0
09/29/2010,11.963007463500784,11.99295845479806,11.84320676263596,11.90738582611084,6570400,0.0,0.0,-,10.969756479263305,11.181489105224609,11.493855047225953,11.78223352432251,7122144.0
09/28/2010,11.91166030437524,12.087083396345472,11.764048429253195,12.012207984924316,10751600,0.0,0.0,-,10.95633825302124,11.17535852432251,11.42935495376587,11.748004341125489,7111640.0
09/27/2010,12.033604141510056,12.052857940779717,11.819673401216546,11.85818099975586,5634800,0.0,0.0,-,10.942586607933045,11.162823791503905,11.365710783004761,11.694521808624268,7002896.0
09/24/2010,12.04643600775759,12.112753991438762,11.960863415553904,12.074246406555176,5217600,0.0,0.0,-,10.928789324760437,11.151919498443604,11.316058778762818,11.641038990020752,7049632.0
09/23/2010,11.676337208332384,12.00578984383807,11.635689855788623,11.956585884094238,8195200,0.0,0.0,-,10.914558000564575,11.144114933013917,11.247286558151245,11.549262809753419,7063960.0
09/22/2010,11.56081442928326,11.772605350721566,11.449570374999375,11.73623752593994,7646800,0.0,0.0,-,10.901243414878845,11.136189956665039,11.191328048706055,11.46069564819336,7016056.0
09/21/2010,11.582209258721546,11.650667025067396,11.39608975747382,11.528726577758787,6432000,0.0,0.0,-,10.88878689289093,11.13305585861206,11.133592033386229,11.394590950012207,6996176.0
09/20/2010,11.554397713442398,11.716985516033972,11.451711066791315,11.665641784667969,5549600,0.0,0.0,-,10.877378511428834,11.131726150512696,11.096041011810302,11.34517307281494,6966856.0
09/17/2010,11.61001898832335,11.618576412036369,11.4602673376689,11.533003807067873,6124000,0.0,0.0,-,10.865909070968629,11.129108276367187,11.043860626220702,11.303884315490723,6962112.0
09/16/2010,11.552257394199383,11.595043695912585,11.445292047956798,11.550118446350098,4065200,0.0,0.0,-,10.855155658721923,11.128887252807617,11.00332360267639,11.267302322387696,7122232.0
09/15/2010,11.383252408574632,11.599322873670092,11.383252408574632,11.565093994140623,6336000,0.0,0.0,-,10.843883395195007,11.133953819274902,10.968648195266722,11.205476570129395,7265264.0
09/14/2010,11.329769951038784,11.5330042841861,11.29554107085151,11.47738265991211,4591200,0.0,0.0,-,10.832863845825194,11.135735359191894,10.92000241279602,11.11070556640625,7295536.0
09/13/2010,11.224944880649842,11.342606610719864,11.207830031725738,11.323352813720703,3252000,0.0,0.0,-,10.822948651313782,11.137607746124267,10.87296996116638,11.036899757385253,7358472.0
09/10/2010,11.098723225896322,11.19927008439194,11.04951927044512,11.156484603881836,4120800,0.0,0.0,-,10.813127245903015,11.14465051651001,10.829587078094482,10.991078567504882,7517248.0
09/09/2010,11.173600911605044,11.216387216921683,11.019570538897508,11.070914268493652,4020000,0.0,0.0,-,10.803791446685791,11.148803730010986,10.800838708877562,10.945310306549072,7595656.0
09/08/2010,11.0687728853711,11.177877164649097,11.051658040577294,11.075190544128418,4390800,0.0,0.0,-,10.794735527038574,11.155137577056884,10.77828779220581,10.92196044921875,7649320.0
09/07/2010,11.21638860579726,11.246338778403237,11.013154242438295,11.034547805786133,5020000,0.0,0.0,-,10.786757316589355,11.166802425384521,10.768211889266967,10.872593116760253,7673216.0
09/03/2010,11.321211968422862,11.33832681571255,11.147928628059368,11.25275421142578,4855200,0.0,0.0,-,10.780271620750428,11.17859775543213,10.764326381683349,10.846908950805664,7720168.0
09/02/2010,11.002457121807645,11.220666556654558,10.931859591674405,11.167183876037598,7606400,0.0,0.0,-,10.772187628746032,11.188374691009521,10.73716197013855,10.783836936950683,7733736.0
09/01/2010,10.77783133975614,11.017433549613983,10.679422575207898,10.93186092376709,10790400,0.0,0.0,-,10.765218424797059,11.201355743408204,10.718541145324707,10.739344882965089,7707896.0
08/31/2010,10.504000098003544,10.84842875573216,10.504000098003544,10.61738395690918,12382400,0.04,0.0,-,10.759182767868042,11.218446197509765,10.73610348701477,10.731819820404052,7618448.0
08/30/2010,10.811829969784274,10.818227241898242,10.632699029198337,10.739324569702148,5950400,0.0,0.0,-,10.754497547149658,11.24660306930542,10.758940601348877,10.72929925918579,7478392.0
08/27/2010,10.743587884240108,10.9077912866518,10.555926736699863,10.865140914916992,5692400,0.0,0.0,-,10.750196046829224,11.276244945526123,10.78335781097412,10.70904016494751,7509304.0
08/26/2010,10.843812735537163,10.873668558071213,10.664681867772805,10.69880199432373,4577600,0.0,0.0,-,10.744800462722779,11.304991149902344,10.80159068107605,10.668095588684082,7568848.0
08/25/2010,10.526069432143538,10.88219820970649,10.498346574519692,10.83741569519043,5994800,0.0,0.0,-,10.740215411186218,11.336040630340577,10.82472848892212,10.656367111206055,7567120.0
08/24/2010,10.675348205246877,10.681745476640028,10.449301791992902,10.581517219543455,8297200,0.0,0.0,-,10.734239811897277,11.364872150421142,10.850638437271119,10.63461513519287,7565392.0
08/23/2010,10.664682558758283,10.961102143392042,10.651888018902696,10.777706146240234,7366400,0.0,0.0,-,10.729459176063537,11.39621997833252,10.898726511001588,10.663830661773682,7556256.0
08/20/2010,10.67961194846294,10.690274337240943,10.430107820919432,10.622034072875977,8064800,0.0,0.0,-,10.723000087738036,11.425179538726807,10.955664587020873,10.681743812561034,7576800.0
08/19/2010,10.83102183537496,11.059200410873718,10.519675474309697,10.72226333618164,12843600,0.0,0.0,-,10.717710361480712,11.457849559783936,11.01793394088745,10.690487003326416,7629568.0
08/18/2010,10.536733741565804,10.888598279211092,10.459963237825876,10.856610298156738,7930000,0.0,0.0,-,10.711433382034302,11.480539417266845,11.066661834716797,10.697737407684325,7645416.0
08/17/2010,10.634828713726588,10.694539555721873,10.55379390746348,10.592178344726562,5635600,0.0,0.0,-,10.7036603307724,11.496277275085449,11.093957805633545,10.740387153625488,7724808.0
08/16/2010,10.413048449792424,10.607106859480618,10.395987976484912,10.536733627319336,4710000,0.0,0.0,-,10.697832984924316,11.51094898223877,11.144391727447509,10.788581943511963,7773088.0
08/13/2010,10.468490503770957,10.63909112284125,10.451430035119968,10.455695152282717,8845200,0.0,0.0,-,10.69142683506012,11.533212432861328,11.18682861328125,10.857675457000733,7880304.0
08/12/2010,10.52607230266362,10.6689501203655,10.449301791992902,10.581517219543455,6042000,0.0,0.0,-,10.686757469177246,11.563750019073487,11.22969217300415,10.935085773468018,8003128.0
08/11/2010,10.769171745716566,10.777701977979929,10.60710140015127,10.619895935058594,7600400,0.0,0.0,-,10.68239953994751,11.583454341888428,11.284817218780518,10.993089866638183,8061144.0
08/10/2010,10.905659657958978,10.96323754483826,10.803299241336347,10.873672485351562,5319200,0.0,0.0,-,10.678039960861206,11.595034351348877,11.331839275360107,11.066661739349366,8061384.0
08/09/2010,10.792634270814398,11.020812797525556,10.777706764467917,10.95683765411377,6565600,0.0,0.0,-,10.672876477241516,11.600390625,11.36713228225708,11.133622360229491,8146032.0
08/06/2010,10.410914241189944,10.762778733019896,10.410914241189944,10.709465980529783,10760400,0.0,0.0,-,10.666060690879823,11.607358016967773,11.392402458190919,11.229585361480712,8129912.0
08/05/2010,11.133836564729831,11.195679561353511,10.387457927306263,10.794767379760742,17202000,0.0,0.0,-,10.660999603271485,11.614680137634277,11.433666563034057,11.345380878448486,8067840.0
08/04/2010,11.14023001121824,11.287372874196578,11.108242043250511,11.28310775756836,6614400,0.0,0.0,-,10.656135530471802,11.623528213500977,11.470025825500489,11.435586261749268,7912152.0
08/03/2010,11.225534282260254,11.274581922385908,10.880067835490625,11.074126243591309,9271200,0.0,0.0,-,10.648037152290344,11.620270557403565,11.496042776107789,11.447528457641601,7923088.0
08/02/2010,11.300174155971936,11.370546583559149,11.046404871050648,11.227668762207031,8049200,0.0,0.0,-,10.640687785148621,11.622255668640136,11.525045013427734,11.500201511383057,7990032.0
07/30/2010,11.069860057135564,11.274580834468033,10.98029502211063,11.229798316955566,7596800,0.0,0.0,-,10.63356411933899,11.620021743774414,11.542211675643921,11.515981769561767,8164200.0
07/29/2010,11.419591684010156,11.470772285515585,10.956837372199535,11.161558151245115,10443200,0.0,0.0,-,10.626112737655639,11.615406455993652,11.564496326446534,11.524298572540284,8173392.0
07/28/2010,11.507022662428913,11.632840772915484,11.31296430355857,11.35561466217041,7752400,0.0,0.0,-,10.618484725952149,11.612368469238282,11.57462568283081,11.576544570922852,8212720.0
07/27/2010,11.90367264863085,11.922865274223652,11.436653177190186,11.543278694152832,10548400,0.0,0.0,-,10.609474291801453,11.610722427368165,11.576225280761719,11.59701681137085,8216032.0
07/26/2010,11.867420027828384,11.933527325843867,11.728806534300498,11.916467666625977,4617200,0.0,0.0,-,10.601417217254639,11.602218799591064,11.58198299407959,11.600642204284668,8152464.0
07/23/2010,11.720277406410291,11.89087808216458,11.64990498356273,11.86742115020752,5027600,0.0,0.0,-,10.59287859916687,11.588250064849854,11.567375326156617,11.555219554901123,8172816.0
07/22/2010,11.4729077452917,11.74800182902901,11.443052724759893,11.696821212768556,5705200,0.0,0.0,-,10.584754314422607,11.581641006469727,11.561084318161011,11.521952247619629,8172824.0
07/21/2010,11.62431010879677,11.675490699936647,11.35348209062193,11.4025297164917,7531600,0.0,0.0,-,10.575496225357055,11.57767848968506,11.567055082321167,11.50446538925171,8179736.0
07/20/2010,11.24046200651348,11.624313711832375,11.208474838938328,11.60085678100586,6045200,0.0,0.0,-,10.567107224464417,11.578666248321532,11.586247777938842,11.544557094573975,8187336.0
07/19/2010,11.347086096945675,11.489964697290084,11.334291556921553,11.38547134399414,5314400,0.0,0.0,-,10.558339524269105,11.565651607513427,11.607466316223146,11.549888515472412,8286344.0
07/16/2010,11.654168463770445,11.67549324018377,11.30230395853406,11.312966346740724,7971600,0.0,0.0,-,10.551895790100097,11.562813110351563,11.649263668060303,11.568441581726074,8525112.0
07/15/2010,11.602982557465134,11.713873133797176,11.46223698240672,11.6840181350708,5934000,0.0,0.0,-,10.546152725219727,11.570439968109131,11.698737907409669,11.604694080352782,8561864.0
07/14/2010,11.60298743138411,11.690420313018612,11.440917021581631,11.56033706665039,5800000,0.0,0.0,-,10.538638968467712,11.570900993347168,11.727100801467897,11.57270679473877,8626224.0
07/13/2010,11.539015213949035,11.630713236633532,11.464376853386543,11.579532623291016,6652800,0.0,0.0,-,10.530538864135742,11.58217041015625,11.763033533096316,11.555433750152588,8592856.0
07/12/2010,11.511288804841584,11.703215028943974,11.413193540739472,11.462241172790527,4966000,0.0,0.0,-,10.522543568611145,11.588718395233155,11.79150233268738,11.563323783874512,8630760.0
07/09/2010,11.53688022972678,11.566736056822355,11.398267550336664,11.534748077392578,5312400,0.0,0.0,-,10.515071320533753,11.603097972869874,11.829674482345583,11.57953109741211,8643152.0
07/08/2010,11.78211914010099,11.784251292417828,11.29377409724699,11.521952629089355,14130000,0.0,0.0,-,10.508124260902404,11.61173240661621,11.865713834762575,11.600216388702393,8677680.0
07/07/2010,11.728809218266164,11.944192447794016,11.600858897644033,11.803446769714355,11216800,0.0,0.0,-,10.501146073341369,11.62423734664917,11.882454013824464,11.629644775390625,8569456.0
07/06/2010,11.68829112774046,11.893011954241818,11.464376859423332,11.654170989990234,7849600,0.0,0.0,-,10.492210855484009,11.636513023376464,11.874456834793092,11.62793846130371,8421632.0
07/02/2010,11.713880637878438,11.837565828049042,11.553942344967467,11.571002006530762,7738000,0.0,0.0,-,10.4840114736557,11.65224199295044,11.858036470413209,11.665044116973878,8365648.0
07/01/2010,11.340687354382332,11.726671926922815,11.246857214607424,11.675491333007812,11190800,0.0,0.0,-,10.47687259197235,11.669166564941406,11.861981678009034,11.730085754394532,8375064.0
06/30/2010,11.34281969216329,11.62857604694243,11.338554574809816,11.364145278930664,8041200,0.0,0.0,-,10.468629994392394,11.678558101654053,11.877335834503175,11.792781734466553,8294384.0
06/29/2010,11.553942182764608,11.588062318900414,11.321498501124356,11.387606620788574,6703200,0.0,0.0,-,10.462028670310975,11.692390613555908,11.887465238571167,11.881494808197022,8293128.0
06/28/2010,11.645638419846508,11.747998812596924,11.524085402612382,11.658432960510254,5585600,0.0,0.0,-,10.45428493976593,11.703032245635987,11.878029727935793,11.97063331604004,8296416.0
06/25/2010,11.762927815234242,11.805578187677254,11.60085737613663,11.624314308166504,7367600,0.0,0.0,-,10.445821151733398,11.709788246154785,11.852182388305666,12.019680881500244,8333352.0
06/24/2010,11.75652849602677,11.873816389696607,11.654168108088289,11.74160099029541,5533600,0.0,0.0,-,10.437908420562744,11.718119716644287,11.836227035522462,12.079817867279052,8294712.0
06/23/2010,11.78851364143624,11.89727209427409,11.649900995734866,11.81623649597168,6314400,0.0,0.0,-,10.428310179710389,11.723255023956298,11.802925586700441,12.131211280822754,8276816.0
06/22/2010,12.023092384291193,12.191560066920838,11.75439565138406,11.786383628845217,6318000,0.0,0.0,-,10.41888831615448,11.7272802734375,11.773972320556641,12.135263252258301,8287424.0
06/21/2010,12.328044485065377,12.370694047705694,11.94419191339642,12.025227546691896,5379600,0.0,0.0,-,10.409097867012024,11.729733791351318,11.740664386749268,12.12097520828247,8284432.0
06/18/2010,12.347236537022257,12.4026814539583,12.193695515525173,12.221418380737305,7496000,0.0,0.0,-,10.39674991607666,11.726857604980468,11.69807209968567,12.051028823852539,8336496.0
06/17/2010,12.308849217542976,12.36642709094899,12.106260584482133,12.302451133728027,8669600,0.0,0.0,-,10.383431587219238,11.72103572845459,11.642799806594848,11.993877601623534,8563504.0
06/16/2010,12.221420992007156,12.330178696479644,12.155312857295865,12.251276016235352,4491200,0.0,0.0,-,10.371092505455017,11.705215759277344,11.577628946304321,11.961889934539794,8586384.0
06/15/2010,12.15957085872682,12.300316471615774,12.05934263878738,12.27899169921875,5908400,0.0,0.0,-,10.359536447525024,11.69271562576294,11.515548086166381,11.893435668945312,8667784.0
06/14/2010,12.35149639572544,12.35149639572544,12.112655525426378,12.148908615112305,7840400,0.0,0.0,-,10.347346296310425,11.680894451141357,11.465264129638673,11.785426139831543,8725856.0
06/11/2010,12.099866002810954,12.381357348574976,12.095600883815951,12.22568416595459,8393600,0.0,0.0,-,10.335384845733643,11.66508352279663,11.413723564147949,11.684683895111084,8693992.0
06/10/2010,12.00176591726566,12.278992865690324,11.929260545344873,12.255535125732422,10703200,0.0,0.0,-,10.323703722953796,11.64794973373413,11.363340902328492,11.592636203765869,8666128.0
06/09/2010,11.716010571759176,12.072140192878305,11.688288525282744,11.856756210327148,13636000,0.0,0.0,-,10.310903372764587,11.629410991668701,11.327412557601928,11.474639892578125,8651328.0
06/08/2010,11.310832180733987,11.675491161499895,11.208471807895554,11.643503189086914,11899600,0.0,0.0,-,10.300961456298829,11.619698333740235,11.309509515762329,11.412681388854981,8488160.0
06/07/2010,11.675495303706212,11.80984369662145,11.310836193567354,11.325763702392578,8049600,0.0,0.0,-,10.29166407108307,11.614803524017335,11.299930238723755,11.360353565216064,8487984.0
06/04/2010,11.826904123177398,12.027360649206749,11.596593391054483,11.649906158447266,10070800,0.0,0.0,-,10.282099795341491,11.616816349029541,11.281148290634155,11.345115375518798,8483776.0
06/03/2010,11.805576540161956,12.347234323574847,11.728806043175805,11.982574462890623,14986400,0.04,0.0,-,10.269776148796081,11.611665897369384,11.260830307006836,11.291722011566161,8446320.0
06/02/2010,11.218029697742564,11.57311181381127,11.145737583824674,11.566733360290527,8942800,0.0,0.0,-,10.256200342178344,11.602753772735596,11.246417045593262,11.193367958068848,8365328.0
06/01/2010,11.120225820396827,11.39451074770936,11.115973246590176,11.198896408081056,7612400,0.0,0.0,-,10.245178184509278,11.603987102508546,11.253433847427369,11.137660503387451,8360136.0
05/28/2010,11.356235824420889,11.373246115797746,11.0606889060583,11.141486167907717,9551600,0.0,0.0,-,10.236849203109742,11.609940509796143,11.29967942237854,11.1451021194458,8611288.0
05/27/2010,11.269061595202134,11.347732175458145,11.10321528787989,11.30520725250244,5759600,0.0,0.0,-,10.228680748939516,11.608877449035644,11.337951707839967,11.142763233184814,8802648.0
05/26/2010,11.345604294261712,11.40939126190296,11.01603761886919,11.07557201385498,7656800,0.0,0.0,-,10.219008407592774,11.61223695755005,11.381752347946167,11.134045600891113,8886208.0
05/25/2010,10.905478455940504,11.27331765266264,10.814050127212932,11.237171173095703,9417600,0.0,0.0,-,10.210526399612428,11.621252250671386,11.426297235488892,11.180185222625733,8900936.0
05/24/2010,11.1733809044899,11.194643771864031,11.018165622588288,11.120224952697754,7161200,0.0,0.0,-,10.202301273345949,11.624228897094726,11.471798658370972,11.206337642669677,8884928.0
05/21/2010,11.21590673250159,11.37962717455393,10.892718422214632,11.173381805419922,12618400,0.0,0.0,-,10.193058304786684,11.626865406036377,11.536648941040038,11.239506912231445,8870128.0
05/20/2010,10.718366221625534,11.28394552335796,10.650326667364148,11.115972518920898,16757600,0.0,0.0,-,10.182062973976137,11.627120552062989,11.60001082420349,11.217181205749512,8838560.0
05/19/2010,10.971392594619235,11.167006998666816,10.941625379265336,10.99903392791748,8056400,0.0,0.0,-,10.170911889076233,11.626227588653565,11.665073728561401,11.22993860244751,8694712.0
05/18/2010,11.13298099234183,11.28607036994138,10.96926058820794,11.009658813476562,12409600,0.0,0.0,-,10.162011299133303,11.625164413452149,11.722375440597535,11.299466133117676,8741264.0
05/17/2010,11.113844738534414,11.281817714267705,10.935240736344849,11.27331256866455,7918000,0.0,0.0,-,10.153426609039307,11.62520694732666,11.774681043624877,11.369207191467286,8642016.0
05/14/2010,11.169126556698398,11.218029927246976,11.045805189900973,11.118097305297852,7370000,0.0,0.0,-,10.143808293342591,11.61721227645874,11.806999826431275,11.454256725311279,8730880.0
05/13/2010,11.513578682306374,11.536966618149036,11.175506819963935,11.21803092956543,5634800,0.0,0.0,-,10.135029315948488,11.61198169708252,11.850906610488892,11.533140182495117,8886824.0
05/12/2010,11.492317423219468,11.556104407635546,11.420025291255774,11.536968231201172,5028000,0.0,0.0,-,10.125508184432984,11.597906074523927,11.8920494556427,11.62945909500122,8925152.0
05/11/2010,11.3987619290257,11.639027047629398,11.23504150739985,11.498695373535156,6050800,0.0,0.0,-,10.114276390075684,11.576728706359864,11.91511936187744,11.67240924835205,9025864.0
05/10/2010,11.224410254145544,11.454043529368567,11.215905107742175,11.45191764831543,7911600,0.0,0.0,-,10.103689298629762,11.55640193939209,11.94105954170227,11.737259674072266,9084784.0
05/07/2010,11.152117495122,11.392382595177798,10.879958503422422,10.950124740600586,10995600,0.0,0.0,-,10.092819495201113,11.535394706726073,11.963916635513305,11.833790969848632,9087136.0
05/06/2010,11.232915458389634,11.398761758632208,10.843813524933855,11.24354648590088,17252800,0.0,0.0,-,10.084363780021668,11.524210777282715,12.010481309890746,11.982840442657471,9049392.0
05/05/2010,11.662415339541091,11.921816640295914,11.55610343740819,11.69430923461914,9809200,0.0,0.0,-,10.07392433166504,11.504054088592529,12.044820213317871,12.100208854675293,8853408.0
05/04/2010,12.03876208171756,12.0706559834487,11.666670346633795,11.707069396972656,9152000,0.0,0.0,-,10.061536831855776,11.470119342803955,12.0356773853302,12.145284748077392,8823000.0
05/03/2010,11.921815155981804,12.215236196443232,11.862280757750192,12.123807907104492,4131600,0.0,0.0,-,10.048779768943788,11.436482162475587,12.031637382507324,12.18015489578247,8797824.0
04/30/2010,12.230120125418514,12.245003725377304,11.872912104216798,11.90693187713623,8548000,0.0,0.0,-,10.034149889945985,11.394297618865966,12.009843635559083,12.15974292755127,8841520.0
04/29/2010,12.038761659280649,12.232249322290947,11.970722094997612,12.181220054626465,5585600,0.0,0.0,-,10.02009828567505,11.356450595855712,11.982415151596069,12.168673038482666,8768328.0
04/28/2010,12.181220302869397,12.25351244278032,11.92394564448766,11.966469764709473,7038800,0.0,0.0,-,10.00330466747284,11.313075313568115,11.941803884506225,12.15463981628418,8769208.0
04/27/2010,12.357696768149816,12.45975610918248,12.128063453600207,12.147199630737305,8718800,0.0,0.0,-,9.9873317527771,11.27127347946167,11.909910297393798,12.157829475402831,8747288.0
04/26/2010,12.49164861380829,12.529920963810572,12.372578990346138,12.417230606079102,3825600,0.0,0.0,-,9.969653916358949,11.225094203948975,11.871106481552124,12.144859409332275,8711008.0
04/23/2010,12.474639247766104,12.515038293048372,12.281151602184464,12.440619468688965,5050400,0.0,0.0,-,9.95096329689026,11.172539558410644,11.820183086395264,12.094042301177979,8790368.0
04/22/2010,12.119556952971449,12.449123690350705,12.0642751202434,12.417230606079102,8208800,0.0,0.0,-,9.931512603759767,11.115745468139648,11.769472360610962,12.038122177124023,8843832.0
04/21/2010,12.060019156727616,12.230117991647882,12.00686322012158,12.145068168640137,7156800,0.0,0.0,-,9.910418152809145,11.060393848419189,11.71823000907898,11.989431571960449,8836008.0
04/20/2010,12.006867492277031,12.106800137108593,11.930322786553786,12.055770874023438,7978400,0.0,0.0,-,9.890410399436952,11.009002246856689,11.687825012207032,11.926070022583009,8861384.0
04/19/2010,11.981348498486929,12.040883702567989,11.764472978011488,11.91968822479248,6867600,0.0,0.0,-,9.870079483985903,10.962702102661133,11.666456460952759,11.883119869232178,8939200.0
04/16/2010,12.03875790363479,12.094040539303366,11.883542645342049,11.996232986450195,7432400,0.0,0.0,-,9.851082644462586,10.915860538482667,11.645300388336182,11.859944343566895,9062480.0
04/15/2010,11.985605182110964,12.07916018728726,11.906934591381802,12.040887832641602,5435600,0.0,0.0,-,9.831797962188721,10.871725845336915,11.599905395507813,11.796157264709473,9162440.0
04/14/2010,11.979230173067782,12.01750253872421,11.89630698451078,11.998366355895996,4638800,0.0,0.0,-,9.81269063949585,10.829367961883545,11.571520137786866,11.728967952728272,9270304.0
04/13/2010,11.90693448109015,12.040887721109168,11.881419848594566,12.017498970031738,6844800,0.0,0.0,-,9.793131728172304,10.786461944580077,11.547918653488159,11.661991119384766,9369448.0
04/12/2010,11.917564671801385,11.97072062556597,11.796369162105764,11.909059524536133,6168400,0.0,0.0,-,9.773972682952882,10.740757751464844,11.516343879699708,11.597353553771972,9510560.0
04/09/2010,11.96434138077226,11.991982702011686,11.806999411134871,11.881418228149414,7982800,0.0,0.0,-,9.754417502880097,10.697646102905274,11.483493423461914,11.546323871612548,9662976.0
04/08/2010,11.758098941044883,12.021752876372664,11.67942834232512,11.93032455444336,18846400,0.0,0.0,-,9.73511647939682,10.655002536773681,11.448729467391967,11.5008225440979,9758712.0
04/07/2010,11.61989126964746,11.675173102074783,11.44979157674242,11.511452674865724,9813600,0.0,0.0,-,9.716593625545503,10.607948246002197,11.405779457092285,11.44702844619751,9586016.0
04/06/2010,11.687930436603274,11.71557094635692,11.534841042479735,11.626269340515137,8561200,0.0,0.0,-,9.699796116352083,10.565669040679932,11.377500581741334,11.449580001831055,9593472.0
04/05/2010,11.426405737263652,11.721952750747205,11.41577389618362,11.687932968139648,8812000,0.0,0.0,-,9.682730262279511,10.518889904022217,11.346776390075684,11.44979305267334,9605120.0
04/01/2010,11.443412036257978,11.505073128530162,11.3009544897278,11.358362197875977,6247200,0.0,0.0,-,9.665556433200837,10.4734202003479,11.30605869293213,11.430656433105469,9592080.0
03/31/2010,11.403014487988628,11.443412717522667,11.162749369686749,11.36899471282959,7000400,0.0,0.0,-,9.648902347087862,10.438059272766113,11.28096899986267,11.403653526306153,9571968.0
03/30/2010,11.388133249662154,11.44128921006949,11.281821328847482,11.328598022460938,9963200,0.0,0.0,-,9.633238837718965,10.404689426422118,11.238231754302978,11.41407232284546,9565528.0
03/29/2010,11.398764641299673,11.449793910696757,11.286074261210128,11.371123313903809,5477600,0.0,0.0,-,9.618167436122896,10.368313446044922,11.195706844329834,11.433846187591552,9497056.0
03/26/2010,11.247799990927914,11.41151961257405,11.228663815384207,11.398762702941896,11890800,0.0,0.0,-,9.60226135492325,10.334138164520263,11.151268529891968,11.435334205627441,9550016.0
03/25/2010,11.437035982257695,11.511453998136606,11.377500758459028,11.42640495300293,7839200,0.0,0.0,-,9.587028906345369,10.300808696746826,11.101408195495605,11.420662975311279,9471872.0
03/24/2010,11.53696701300466,11.53696701300466,11.34560607996236,11.392383575439451,8198000,0.0,0.0,-,9.571932332515718,10.264892177581787,11.04963436126709,11.396636390686036,9504656.0
03/23/2010,11.6305232320339,11.634775805807706,11.434908893916344,11.536968231201172,10936800,0.0,0.0,-,9.556879365444184,10.228935680389405,10.991800785064697,11.364530467987061,9544648.0
03/22/2010,11.46042759809453,11.690060969563124,11.43916472317427,11.628399848937988,8683200,0.0,0.0,-,9.540692303180696,10.189155139923095,10.91483097076416,11.305421161651612,9644432.0
03/19/2010,11.088329537823125,11.496566772460938,11.077697700822844,11.496566772460938,20170000,0.0,0.0,-,9.523805587291719,10.151317672729492,10.83467149734497,11.243759727478027,9950464.0
03/18/2010,11.358364681946432,11.471055864112412,11.01816687620802,11.088333129882812,19119600,0.0,0.0,-,9.50854800462723,10.108446273803711,10.7605721950531,11.18146095275879,9809960.0
03/17/2010,11.556105849418918,11.587999751153918,11.41152156745265,11.473182678222656,9937600,0.0,0.0,-,9.495499823093416,10.070900211334228,10.706884574890136,11.15828447341919,9614960.0
03/16/2010,11.386004986250107,11.547599537808797,11.383879105009152,11.526336669921877,8393200,0.0,0.0,-,9.480096290111543,10.022351570129395,10.633848237991334,11.0623911857605,9731080.0
03/15/2010,11.254176975019844,11.422149959386198,11.181884855868208,11.386003494262695,8617200,0.0,0.0,-,9.46363842725754,9.972824630737305,10.551350307464599,10.957567501068116,9650656.0
03/12/2010,11.179759090973484,11.260555545908852,11.13936005241042,11.252050399780272,6421200,0.0,0.0,-,9.447913773059845,9.928816623687744,10.473961925506591,10.867202854156494,9582000.0
03/11/2010,11.02667124450507,11.201022709005755,10.967136835484006,11.186139106750488,11040000,0.0,0.0,-,9.43263808965683,9.88808084487915,10.400834321975708,10.782153415679932,9608336.0
03/10/2010,10.988401172651717,11.103218251954624,10.967139111045544,11.071324348449709,9565200,0.0,0.0,-,9.41835435152054,9.845823917388916,10.321573114395141,10.702632331848147,9553288.0
03/09/2010,11.011788850132566,11.033050909659329,10.91398207855654,10.94587516784668,10384000,0.0,0.0,-,9.403982298374178,9.804549674987793,10.250489377975464,10.619071102142334,9407656.0
03/08/2010,10.862948702411591,11.028794987440746,10.835307384541622,11.011785507202148,7447200,0.0,0.0,-,9.389953601360322,9.767352409362793,10.181970024108887,10.52424077987671,9359720.0
03/05/2010,10.882084170385111,10.930987538162402,10.792781768851812,10.873579025268556,12361200,0.0,0.0,-,9.372546205520631,9.728582553863525,10.11841893196106,10.425583267211914,9446680.0
03/04/2010,10.631186882581812,10.960753513722812,10.561020659831083,10.856568336486816,15167200,0.0,0.0,-,9.356776137351991,9.696306266784667,10.05362048149109,10.339683437347412,9563024.0
03/03/2010,10.51212310887023,10.556774734893969,10.463219719506746,10.514249801635742,7551200,0.0,0.0,-,9.340502328872681,9.660979900360108,10.000266981124877,10.255484676361084,11504232.0
03/02/2010,10.514246288071885,10.550391942050354,10.458963649981396,10.478099822998049,10063600,0.0,0.0,-,9.324930732250214,9.638602447509765,9.970704174041748,10.205305290222167,11504048.0
03/01/2010,10.431327748630522,10.505745781506189,10.284616753681746,10.482357025146484,8996800,0.0,0.0,-,9.309581968784334,9.619024620056152,9.93945245742798,10.145133113861084,11524584.0
02/26/2010,10.42494476303353,10.43344990978502,10.322885435301952,10.401556015014648,8029200,0.0,0.0,-,9.294306528568269,9.601183795928955,9.901949071884156,10.080720996856689,11528080.0
02/25/2010,10.174051824355685,10.41431702383734,10.103886369237207,10.390928268432615,9108400,0.0,0.0,-,9.28001338005066,9.583475856781005,9.869545125961304,10.019515228271484,11640944.0
02/24/2010,10.057107984212005,10.246343081716274,9.995446872795036,10.235712051391602,7453600,0.0,0.0,-,9.266151878833773,9.560132102966309,9.837460708618163,9.94051389694214,11582552.0
02/23/2010,10.025213268431187,10.052853780576456,9.910396212903876,9.99757194519043,8288800,0.0,0.0,-,9.253318819999697,9.54065544128418,9.80455560684204,9.881907653808593,11552432.0
02/22/2010,10.00394751838036,10.057103457172069,9.910393358101247,10.0252103805542,7893200,0.0,0.0,-,9.241918275356294,9.522678489685058,9.774551630020142,9.839699268341064,11504888.0
02/19/2010,9.978435069692855,10.048600502421117,9.90189037137444,10.014580726623535,6316400,0.0,0.0,-,9.231767406463625,9.50673391342163,9.737656736373902,9.811254596710205,11476112.0
02/18/2010,10.044348740154923,10.076241823723974,9.965677349607976,10.014580726623535,4888400,0.0,0.0,-,9.221964111328127,9.492315673828125,9.707650089263916,9.767557525634766,11421856.0
02/17/2010,9.925280204540073,10.01458182161212,9.906144027868129,10.012455940246582,5629600,0.04,0.0,-,9.212581362724306,9.476922721862794,9.68643684387207,9.745049285888673,11514912.0
02/16/2010,9.889091180252958,9.916637622647665,9.797977516906805,9.876378059387209,5942800,0.0,0.0,-,9.202462759017946,9.461614608764648,9.670839166641235,9.736103057861328,11649760.0
02/12/2010,9.755597346519982,9.84671180683184,9.672958837937427,9.83823585510254,6904800,0.0,0.0,-,9.19297195672989,9.451522121429443,9.65251021385193,9.733771800994873,11622024.0
02/11/2010,9.639053854349353,9.825519904127283,9.588198962757408,9.789498329162598,7793600,0.0,0.0,-,9.182935869693758,9.442403831481933,9.643716382980347,9.72317714691162,11625824.0
02/10/2010,9.643293097561653,9.70898051161452,9.57124912380766,9.60091495513916,7723600,0.0,0.0,-,9.175099098682404,9.432527179718017,9.640855932235718,9.719575023651123,11637944.0
02/09/2010,9.6793146404771,9.725931563030697,9.564891726015285,9.649649620056152,7817600,0.0,0.0,-,9.167574408054353,9.427732563018798,9.642339134216309,9.734407520294189,11532832.0
02/08/2010,9.630580974663,9.776787521096011,9.518276622351436,9.575488090515137,8425600,0.0,0.0,-,9.160363309383394,9.424626445770263,9.639584589004517,9.727203559875488,11498640.0
02/05/2010,9.61362682852253,9.77678524229823,9.588199784702375,9.740763664245604,11869200,0.0,0.0,-,9.15399614095688,9.420298118591308,9.638207244873048,9.709403991699219,11455184.0
02/04/2010,9.57337203840529,9.764076982720756,9.543707004469896,9.57761001586914,13031600,0.0,0.0,-,9.147202146053315,9.411269340515137,9.637995386123658,9.664058876037597,11389224.0
02/03/2010,9.876374795719228,9.89756386236774,9.715334979270644,9.789498329162598,12430400,0.0,0.0,-,9.141024148464204,9.40491174697876,9.626764726638793,9.647742652893067,11379144.0
02/02/2010,9.825521832649716,9.959015242008034,9.79585681019481,9.922993659973145,10828800,0.0,0.0,-,9.132651159763338,9.3987127494812,9.5978413105011,9.627824401855468,11443768.0
02/01/2010,9.804329994970166,9.918752884986104,9.747118549962195,9.853065490722656,9596000,0.0,0.0,-,9.124199512004854,9.395001049041747,9.55397915840149,9.605575275421142,11371368.0
01/29/2010,9.772548874299622,9.944183267015614,9.73228931427002,9.73228931427002,13900400,0.0,0.0,-,9.116297256946565,9.390658855438232,9.513825368881225,9.571248626708984,11329584.0
01/28/2010,9.77254758211556,9.778904949508991,9.632697624127708,9.753477096557615,13789200,0.0,0.0,-,9.108462660312654,9.391479930877686,9.486491060256958,9.564255619049073,11147128.0
01/27/2010,9.649650318422152,9.759835265325128,9.503442981035874,9.749239921569824,12769600,0.0,0.0,-,9.100732424259187,9.39090497970581,9.459580278396606,9.562136840820312,10962760.0
01/26/2010,9.36571599254598,9.619988982196082,9.331812981146737,9.57761001586914,10211600,0.0,0.0,-,9.093012840747834,9.389526977539063,9.425782918930054,9.550270748138427,10843856.0
01/25/2010,9.352994891952564,9.441990733863252,9.325448463705095,9.39749240875244,10186400,0.0,0.0,-,9.086845371723177,9.395555267333984,9.397283029556274,9.551965618133545,10754440.0
01/22/2010,9.352999116869334,9.497087072051125,9.276717163148232,9.287312507629396,9143600,0.0,0.0,-,9.079675381183625,9.403325901031494,9.381709003448487,9.567010498046875,10696120.0
01/21/2010,9.61362779630312,9.653888162075024,9.39961527334299,9.414447784423828,8160000,0.0,0.0,-,9.071626355648043,9.41321548461914,9.371008014678955,9.611931896209716,10617792.0
01/20/2010,9.653884623904943,9.675073686737097,9.501320784918462,9.59031581878662,5241600,0.0,0.0,-,9.064129762649538,9.417772445678711,9.363273859024048,9.605786800384521,10575432.0
01/19/2010,9.522511488906808,9.717454295465924,9.52039290558284,9.700502395629885,6678400,0.0,0.0,-,9.055028364658357,9.418473930358887,9.338270568847657,9.567858219146729,10641000.0
01/15/2010,9.702622431324764,9.706860406565092,9.492847102639766,9.509799003601074,6539600,0.0,0.0,-,9.045428593158723,9.414181652069091,9.323014307022095,9.502383041381837,10633856.0
01/14/2010,9.689905664500785,9.721690065328415,9.647526732834242,9.662359237670898,8125600,0.0,0.0,-,9.036025326251984,9.415267448425293,9.32248477935791,9.456402111053468,10633288.0
01/13/2010,9.675077850031355,9.759835754454103,9.641174849924512,9.73228931427002,7983600,0.0,0.0,-,9.025438683032991,9.411357612609864,9.318882608413697,9.408726501464844,10633400.0
01/12/2010,9.57124814645769,9.64117352927476,9.545821101938378,9.630578994750977,9478400,0.0,0.0,-,9.015049118995668,9.40275182723999,9.308076095581054,9.3570237159729,10662272.0
01/11/2010,9.577607618519458,9.607272645029465,9.433519654061124,9.594558715820312,10197600,0.0,0.0,-,9.005462512969972,9.398674430847167,9.287734174728394,9.30129508972168,10572056.0
01/08/2010,9.539465256308365,9.607271252304937,9.488610355155316,9.547941207885742,15926000,0.0,0.0,-,8.996077034473421,9.39189332962036,9.271100187301636,9.242600440979004,10539264.0
01/07/2010,9.675077054022584,9.84035406490651,9.65388798381585,9.736526489257812,23984800,0.0,0.0,-,8.985011050701143,9.391370944976806,9.248639345169067,9.196407508850097,10404032.0
01/06/2010,9.166529963668024,9.355116217873553,9.143222313127254,9.352996826171877,13144800,0.0,0.0,-,8.973180873394014,9.390839042663574,9.223212099075317,9.130084133148193,10039232.0
01/05/2010,9.077536595331557,9.21738656607052,9.028801085197957,9.211030006408691,9369600,0.0,0.0,-,8.96354173898697,9.398738708496094,9.220245695114135,9.120760917663574,9860976.0
01/04/2010,9.062702518566164,9.096605511425466,8.963112123405852,9.045750617980955,15743600,0.0,0.0,-,8.953161458969117,9.411337623596191,9.221940851211547,9.108682918548585,9805200.0
12/31/2009,9.175007153339228,9.234338004334967,9.049989700317385,9.049989700317385,4372000,0.0,0.0,-,8.943523454666138,9.42229621887207,9.232005834579468,9.143645572662354,9622272.0
12/30/2009,9.16017609208386,9.238576633509634,9.13051106604769,9.185603141784668,5184400,0.0,0.0,-,8.934127113819123,9.435241394042968,9.248094034194946,9.188567447662354,9614192.0
12/29/2009,9.109314562320304,9.23221254255388,9.07541158760304,9.215261459350586,7738000,0.0,0.0,-,8.92328516483307,9.44796838760376,9.257929944992066,9.229038715362549,9618096.0
12/28/2009,9.007605361213276,9.107195708955958,9.007605361213276,9.07329273223877,8287600,0.0,0.0,-,8.911096301078798,9.456931800842286,9.261950159072876,9.25912847518921,9625104.0
12/24/2009,9.07541904183289,9.14322504696088,8.984304570883772,9.007612228393556,2283600,0.0,0.0,-,8.90043738126755,9.467551002502441,9.276344728469848,9.274173259735107,9639568.0
12/23/2009,9.07117937625647,9.185601483407911,9.030919012494882,9.08601188659668,7987200,0.0,0.0,-,8.890159442424775,9.483457469940186,9.30068130493164,9.299599933624268,9751968.0
12/22/2009,9.270354037004523,9.270354037004523,9.03303319998421,9.07329273223877,11795200,0.0,0.0,-,8.878206775188447,9.496527671813965,9.314334297180176,9.300871181488038,9737224.0
12/21/2009,9.086011717731449,9.361473658187348,9.086011717731449,9.259764671325684,18178400,0.0,0.0,-,8.865739419460297,9.507780933380127,9.325135898590087,9.316340065002441,9698320.0
12/18/2009,9.378425084086947,9.437755934758188,9.090250015258787,9.090250015258787,112227600,0.0,0.0,-,8.850257880687714,9.513656196594239,9.325134181976319,9.319730472564697,9780488.0
12/17/2009,9.420804205123812,9.444112667424887,9.325451772215432,9.395377159118652,7542000,0.0,0.0,-,8.83577110052109,9.530488471984864,9.344599103927612,9.335198783874512,7989952.0
12/16/2009,9.617868573526788,9.68143661214775,9.482256542252344,9.499208450317385,11090400,0.0,0.0,-,8.820673437118531,9.546755809783935,9.361700677871704,9.320366096496581,7977200.0
12/15/2009,9.490726253502388,9.653884623904943,9.458941850943225,9.59031581878662,9171600,0.0,0.0,-,8.80507764339447,9.561622924804688,9.368538045883179,9.307620620727539,7940896.0
12/14/2009,9.37630905656361,9.522515618656897,9.35935714937582,9.516159057617188,13672400,0.0,0.0,-,8.787564830780031,9.566720676422118,9.377689409255982,9.286821174621583,7881632.0
12/11/2009,9.293665947906158,9.359352535095963,9.16017257370622,9.223740577697754,6188800,0.0,0.0,-,8.770612058639527,9.570892086029053,9.388117933273316,9.264771842956543,7756160.0
12/10/2009,9.10931596177472,9.348755403864294,9.10931596177472,9.261878967285156,5947600,0.0,0.0,-,8.755531442165376,9.583363609313965,9.410947895050048,9.27851619720459,7808008.0
12/09/2009,9.179244278784736,9.221623223196035,9.069059346639804,9.098724365234377,5911600,0.0,0.0,-,8.739818527698517,9.60006052017212,9.441805171966553,9.301762676239013,7787320.0
12/08/2009,9.23433893567677,9.306382104310456,9.11144005393658,9.227981567382812,6454400,0.0,0.0,-,8.72617257833481,9.621373100280762,9.47617015838623,9.327797412872314,7782424.0
12/07/2009,9.257646355240263,9.382663817677477,9.20679226005535,9.293668746948242,3603600,0.0,0.0,-,8.712080118656159,9.640438804626465,9.503860664367675,9.333931732177735,7742536.0
12/04/2009,9.29154924701714,9.405972172322777,9.202554177320264,9.244933128356934,9541200,0.0275,0.0,-,8.696797058582307,9.653371753692626,9.521292018890382,9.330537891387939,7792672.0
12/03/2009,9.422480426337902,9.46897933093174,9.244937028608234,9.247050285339355,12372000,0.0,0.0,-,8.682945785522461,9.66808256149292,9.540314865112304,9.353999423980714,7661424.0
12/02/2009,9.361185796078956,9.496456806962492,9.32948130015614,9.371753692626951,4556000,0.0,0.0,-,8.668684375286103,9.682497386932374,9.552256774902343,9.403035259246826,7502528.0
12/01/2009,9.337935709553095,9.428821068925746,9.302003894641704,9.38232135772705,7094800,0.0,0.0,-,8.653536598682404,9.697969036102295,9.561873531341552,9.429455471038818,7515800.0
11/30/2009,9.344278721582022,9.418255627432242,9.19421245886385,9.295665740966797,8399600,0.0,0.0,-,8.638367533683779,9.7128489112854,9.566100835800171,9.468557643890382,7498352.0
11/27/2009,9.272412031254198,9.500682425962818,9.143481620125666,9.361184120178224,2468000,0.0,0.0,-,8.62405078649521,9.727263660430909,9.566417551040649,9.511464023590088,7472280.0
11/25/2009,9.257619463307336,9.511253038934711,9.257619463307336,9.494343757629396,6108000,0.0,0.0,-,8.610495953559877,9.740325870513916,9.569693803787231,9.543379592895509,7577320.0
11/24/2009,9.361185794643951,9.407684700703776,9.289322969338237,9.359071731567385,6252800,0.0,0.0,-,8.595720093250275,9.753303508758545,9.557751798629761,9.581847667694092,7569672.0
11/23/2009,9.321028456189014,9.452072978723358,9.26818815699003,9.289324760437012,8571200,0.0,0.0,-,8.581903438568116,9.766661510467529,9.565889310836791,9.624542903900146,7565040.0
11/20/2009,9.485886657844176,9.500681870753782,9.238593744694686,9.259730339050291,12527600,0.0,0.0,-,8.569284093379974,9.781752624511718,9.58691964149475,9.673789596557617,7487856.0
11/19/2009,9.553525349911066,9.61482028467265,9.39289040407236,9.479548454284668,15661600,0.0,0.0,-,8.557116532325745,9.793335227966308,9.611332130432128,9.712046146392822,7335248.0
11/18/2009,9.63595537731524,9.788135671482534,9.606364943733563,9.737408638000488,7208800,0.0,0.0,-,8.541807036399842,9.803057765960693,9.629403495788575,9.726630306243896,7140352.0
11/17/2009,9.771226830875644,9.840976404264536,9.521820584789896,9.635955810546877,7506800,0.0,0.0,-,8.522714934349061,9.809144954681397,9.622217082977295,9.701478290557862,7159112.0
11/16/2009,9.745865902113165,9.845205932695896,9.699366176090768,9.773343086242676,4777600,0.0,0.0,-,8.505429134368896,9.812864894866943,9.625281715393067,9.694291591644287,7135976.0
11/13/2009,9.72050302301968,9.807161092398989,9.625390311193836,9.724729537963867,4570800,0.0,0.0,-,8.487184009552003,9.81603530883789,9.627712202072143,9.66364402770996,7141592.0
11/12/2009,9.919178121330464,9.980473043933465,9.66554459829773,9.680339813232422,6824400,0.0,0.0,-,8.469381000995636,9.818106594085693,9.624647331237792,9.621371078491212,7209360.0
11/11/2009,9.885365084673213,10.0100682459146,9.813502232325988,9.879024505615234,5740800,0.0,0.0,-,8.452533266544343,9.815612545013428,9.620842981338502,9.596008014678954,7211824.0
11/10/2009,9.781796772574278,9.826183240498096,9.74163843198316,9.78602409362793,7270400,0.0,0.0,-,8.43562448501587,9.809187107086181,9.617038536071778,9.53365592956543,7292304.0
11/09/2009,9.720497579298256,9.821950813003118,9.631725495882357,9.78179168701172,5227200,0.0,0.0,-,8.419138793945313,9.810159320831298,9.614713430404663,9.507235717773437,7280584.0
11/06/2009,9.623273300861744,9.690908807166352,9.416139462019038,9.642295837402344,6042000,0.0,0.0,-,8.40337616443634,9.8133247756958,9.607421636581421,9.500049686431884,7319352.0
11/05/2009,9.5154821227782,9.69302557799384,9.424596734615488,9.62539005279541,8520000,0.0,0.0,-,8.387860543727875,9.81729808807373,9.602983236312866,9.510618114471436,7305096.0
11/04/2009,9.657090493795051,9.705703460738963,9.454183986652076,9.485888481140137,6321200,0.0,0.0,-,8.372513265609742,9.81992265701294,9.618306922912598,9.532176685333251,7263640.0
11/03/2009,9.422477285544264,9.56831613974308,9.29354689839471,9.564088821411133,6511200,0.0,0.0,-,8.357591118812561,9.827994079589844,9.654449701309204,9.542955875396729,7266872.0
11/02/2009,9.361186856886103,9.557752818813176,9.314687139270992,9.466867446899414,8131200,0.0,0.0,-,8.340706560611725,9.830621604919434,9.688373470306397,9.556271839141846,7237256.0
10/30/2009,9.367522265692765,9.564088119163484,9.272409625903952,9.302000045776367,9427200,0.0,0.0,-,8.325680468082428,9.838651714324952,9.707290267944336,9.591780376434325,7252152.0
10/29/2009,9.308347419409404,9.47532296051997,9.242825157304512,9.426709175109863,4967600,0.0,0.0,-,8.311112043857575,9.848292236328126,9.728426742553712,9.627923583984375,7324896.0
10/28/2009,9.540840844467104,9.595795187279196,9.249162272599392,9.25550365447998,8558000,0.0,0.0,-,8.29463151693344,9.848016223907472,9.749457120895386,9.645677947998047,7376352.0
10/27/2009,9.701479480927556,9.790250798631169,9.475323059601877,9.521821975708008,9164400,0.0,0.0,-,8.279415593147277,9.846609687805175,9.79151816368103,9.700421142578126,7333744.0
10/26/2009,9.73318123013725,9.94031506961756,9.70147753999122,9.709931373596191,5744800,0.0,0.0,-,8.262721402645111,9.84152151107788,9.823644733428955,9.72219114303589,7283632.0
10/23/2009,9.809275070620354,9.887478503299224,9.665549363585107,9.747980117797852,4232000,0.0,0.0,-,8.245599997043609,9.834568920135498,9.847211503982544,9.714793586730957,7267528.0
10/22/2009,9.642295757790228,9.931861123437267,9.63806843789624,9.840975761413574,6580800,0.0,0.0,-,8.229943573474884,9.830271320343018,9.856828308105468,9.695348358154297,7302696.0
10/21/2009,9.64863472033219,9.84731386783643,9.59156712549745,9.593680381774902,6597200,0.0,0.0,-,8.212606935501098,9.823607711791992,9.86380319595337,9.704437160491945,7280608.0
10/20/2009,9.82195155252434,9.82195155252434,9.644408178603454,9.697248458862305,3968000,0.0,0.0,-,8.19608773469925,9.81914888381958,9.882508754730225,9.765943527221681,7260296.0
10/19/2009,9.705703543232469,9.847315931862967,9.604250288798678,9.82195281982422,5379600,0.0,0.0,-,8.179312598705291,9.812787322998046,9.904913139343261,9.820475101470949,7294952.0
10/16/2009,9.568319441681846,9.769112697209351,9.430934370458074,9.663432121276855,8088400,0.0,0.0,-,8.162479650974273,9.80819118499756,9.920131254196168,9.822800159454347,7377944.0
10/15/2009,9.72895595780252,9.811386698321378,9.54929925699368,9.604252815246582,9010800,0.0,0.0,-,8.145307886600495,9.800355167388917,9.937779808044434,9.828929901123049,7463248.0
10/14/2009,9.764890508451684,9.866343817902813,9.714163450586508,9.802935600280762,7903600,0.0,0.0,-,8.128212029933929,9.787756423950196,9.958281898498536,9.853236293792726,7528616.0
10/13/2009,9.61693212877318,9.821952698099096,9.564091842351347,9.739521980285645,7250000,0.0,0.0,-,8.109043717384338,9.769412822723389,9.97529640197754,9.882615184783937,7645080.0
10/12/2009,9.62538791326098,9.714159217997157,9.54718369953182,9.635955810546877,9850000,0.0,0.0,-,8.09094675064087,9.759000701904297,9.989668893814088,9.925098323822024,7672016.0
10/09/2009,9.874797000899315,9.921295923593467,9.488005559957928,9.55352783203125,22286800,0.0,0.0,-,8.073105714321137,9.752136001586914,10.010065126419068,9.979629421234131,7582400.0
10/08/2009,10.449698113241304,10.673741289984603,9.872682096694632,9.93186378479004,22700800,0.0,0.0,-,8.055226333141327,9.748058433532714,10.024331760406493,10.01830825805664,7255160.0
10/07/2009,10.187608255206316,10.280606877006887,10.06079107317406,10.208744049072266,6904400,0.0,0.0,-,8.035937192440032,9.736667194366454,10.026022338867188,10.023169231414794,6916896.0
10/06/2009,9.895931940603672,10.244678265003902,9.870568820769904,10.24256420135498,9275200,0.0,0.0,-,8.015494115352631,9.718768405914307,10.017673540115357,9.99907398223877,6953944.0
10/05/2009,9.88113441050072,9.887474987407314,9.720500280729071,9.845203399658203,6208400,0.0,0.0,-,7.995468599796295,9.69972930908203,9.996642971038819,9.989351177215577,6866360.0
10/02/2009,9.862114655743316,9.908614382920192,9.70148048065451,9.724729537963867,7398800,0.0,0.0,-,7.977304177284241,9.690450782775878,10.00097599029541,10.017462348937988,6867104.0
10/01/2009,10.09672298196481,10.10940494216685,9.840976164981768,9.84731674194336,8781200,0.0,0.0,-,7.9596687912940975,9.68151533126831,10.006154203414917,10.046629714965821,6913768.0
09/30/2009,10.206632429742845,10.206632429742845,9.97202137130723,10.096724510192873,4913200,0.0,0.0,-,7.93930430650711,9.669748630523681,9.991570234298706,10.063327503204345,6890264.0
09/29/2009,10.155898734790435,10.26792064445218,10.096717896214884,10.164353370666504,5666800,0.0,0.0,-,7.9181118178367615,9.650927276611329,9.964621639251709,10.067977619171142,6980248.0
09/28/2009,9.910724755366576,10.196062807781807,9.910724755366576,10.181266784667969,4460000,0.0,0.0,-,7.895847854614257,9.63197639465332,9.948135709762573,10.054239463806152,7066504.0
09/25/2009,9.997383816544833,10.048110855338685,9.88113532689596,9.940316200256348,6110400,0.0,0.0,-,7.874871685504913,9.611464195251465,9.936075592041016,10.040500831604003,7131432.0
09/24/2009,9.97835945540685,10.04388170057429,9.921291849540776,9.980473518371582,2978800,0.0,0.0,-,7.853801243305206,9.596614513397217,9.93110785484314,10.030355262756348,7163896.0
09/23/2009,10.202402557063332,10.202402557063332,9.967791557312012,9.967791557312012,4427200,0.0,0.0,-,7.83402809381485,9.57893726348877,9.919915103912354,10.02887544631958,7356040.0
09/22/2009,10.14110883097328,10.25101673603058,10.077700641284537,10.145336151123049,5219600,0.0,0.0,-,7.8148159670829775,9.556031360626221,9.915998506546021,10.036273097991943,7462000.0
09/21/2009,9.933976456048294,10.14111033646348,9.910726594912475,10.126315116882324,6222400,0.0,0.0,-,7.7931706857681275,9.52856237411499,9.893504953384399,10.003934764862061,7565360.0
09/18/2009,10.088266010220362,10.090380072904862,9.959335599940813,10.016403198242188,7096000,0.0,0.0,-,7.769688706398011,9.498268718719482,9.880607843399048,9.984489631652831,7675328.0
09/17/2009,10.12420255323188,10.196065398811744,9.997385340060855,10.014294624328612,7720000,0.0,0.0,-,7.745137748718261,9.471522789001465,9.868988990783691,9.965678691864014,7864704.0
09/16/2009,10.00795380688807,10.145338927374572,9.950886984947193,10.14322566986084,5725600,0.0,0.0,-,7.720252749919891,9.4422465133667,9.838919687271119,9.919812965393067,8040136.0
09/15/2009,10.04599435115761,10.128425063675737,9.866337711375987,10.026971817016602,6021200,0.0,0.0,-,7.697208323478699,9.403348808288575,9.791017246246337,9.861265659332275,8165752.0
09/14/2009,9.786019639688032,10.052335100905802,9.773338488577735,10.043880462646484,4712000,0.0,0.0,-,7.675716297626495,9.365679721832276,9.75303931236267,9.842031955718994,8208648.0
09/11/2009,9.933973182227067,10.024858533290166,9.79658812421669,9.838860511779783,4897200,0.0,0.0,-,7.652333233356476,9.324593868255615,9.718960380554199,9.831650352478027,8253224.0
09/10/2009,10.041764666365928,10.073469151225677,9.862108068903462,9.965675354003906,5916800,0.0,0.0,-,7.629317398071289,9.290223064422607,9.7036723613739,9.831860446929932,8289392.0
09/09/2009,9.82618040643252,10.067131993042096,9.796589167591655,10.041768074035645,8146800,0.0,0.0,-,7.60418470621109,9.253695487976074,9.680778360366821,9.810954761505126,8325088.0
09/08/2009,9.976246361334695,10.003723536372638,9.741635357709589,9.82195281982422,6350000,0.0,0.0,-,7.577053034305573,9.21724859237671,9.647226905822754,9.795723915100098,8284864.0
09/04/2009,9.87690941772138,10.022748364888434,9.70993386542059,9.93186378479004,5058400,0.0,0.0,-,7.5524823236465455,9.182541217803955,9.625087785720826,9.783075141906739,8399232.0
09/03/2009,9.59579685016899,9.83886169694808,9.59579685016899,9.828293800354004,7959200,0.0,0.0,-,7.529429602622986,9.147617740631103,9.608101892471314,9.776726055145264,8504960.0
09/02/2009,9.519706351277256,9.59368243096866,9.441502145570578,9.55563735961914,6947600,0.0,0.0,-,7.50680076122284,9.111012334823608,9.58026876449585,9.77229928970337,8484792.0
09/01/2009,9.798704220195626,9.900157487630503,9.5492979687303,9.55775260925293,9764800,0.0275,0.0,-,7.486412341594696,9.080323858261108,9.55120267868042,9.75802640914917,8506080.0
08/31/2009,9.952718165428877,9.952718165428877,9.752398468444827,9.834634780883787,6684400,0.0,0.0,-,7.468268849849701,9.053683881759644,9.517602825164795,9.7207688331604,8491304.0
08/28/2009,9.92319583780619,9.969585070273244,9.803004200870951,9.940064430236816,7165600,0.0,0.0,-,7.446610746383667,9.0200302028656,9.486816883087158,9.664046669006348,8536040.0
08/27/2009,9.762942485430887,9.857830857771535,9.64696816562669,9.840961456298828,5329200,0.0,0.0,-,7.425845620632171,8.985490884780884,9.454449701309205,9.60627040863037,8517520.0
08/26/2009,9.876810190102905,9.971698578370958,9.741858173178326,9.75661849975586,6447200,0.0,0.0,-,7.406494941711426,8.953734998703004,9.429884099960328,9.575484275817871,8593440.0
08/25/2009,9.752398551830348,9.975913273080542,9.703900233935704,9.889459609985352,6482800,0.0,0.0,-,7.3882760381698604,8.919153528213501,9.410168266296386,9.550601959228516,8682624.0
08/24/2009,9.89367570030158,9.918979798855744,9.687030388372571,9.695465087890623,5030400,0.0,0.0,-,7.3695808792114255,8.8860901927948,9.38138551712036,9.49872989654541,8761904.0
08/21/2009,9.67437964447709,9.921088585327274,9.67437964447709,9.868372917175291,8876000,0.0,0.0,-,7.35241958618164,8.858467245101929,9.36114273071289,9.467100429534913,8818560.0
08/20/2009,9.634313070488416,9.811437708101318,9.573163520413846,9.78402614593506,13064400,0.0,0.0,-,7.336106250286102,8.824897928237915,9.336787939071655,9.439477729797364,8813080.0
08/19/2009,9.14722196937632,9.438211846815996,9.124026949208554,9.412908554077148,7540400,0.0,0.0,-,7.319431483745575,8.796262865066529,9.311484479904175,9.38823823928833,8769112.0
08/18/2009,9.343323828700452,9.36651804332616,9.092396773353876,9.185176849365234,6427600,0.0,0.0,-,7.306502335071563,8.77614649772644,9.303788137435912,9.34437894821167,8737240.0
08/17/2009,9.254761091435114,9.320128799061507,9.147221499535828,9.267413139343262,6658800,0.0,0.0,-,7.293594532012939,8.760078763961792,9.302312135696411,9.31443681716919,8743984.0
08/14/2009,9.45929845081784,9.566838046608336,9.311694437390418,9.36230182647705,4939600,0.0,0.0,-,7.280891652107239,8.740721616744995,9.299781942367554,9.309587097167968,8826560.0
08/13/2009,9.47405884410266,9.58159844071474,9.362301898003048,9.533100128173828,5990400,0.0,0.0,-,7.267150442600251,8.718496713638306,9.289449691772461,9.302628993988037,8978160.0
08/12/2009,9.40868964750195,9.592140701536271,9.370734312486368,9.507795333862305,5476400,0.0,0.0,-,7.248691637516021,8.696735715866089,9.272686290740968,9.284283924102784,9190608.0
08/11/2009,9.37917368500122,9.461410017065113,9.299045626210336,9.370738983154297,5581600,0.0,0.0,-,7.231205174922943,8.676153745651245,9.252127075195313,9.269734573364257,9346480.0
08/10/2009,9.594250413694832,9.594250413694832,9.307477085815917,9.379170417785645,5700800,0.0,0.0,-,7.214706819057465,8.656588487625122,9.224714946746825,9.264041137695312,9481448.0
08/07/2009,9.446650121629284,9.6891425823285,9.315915454552457,9.592145919799805,9529200,0.0,0.0,-,7.198531782627105,8.633700361251831,9.19435076713562,9.25518503189087,9626344.0
08/06/2009,9.256870919276295,9.442429477387185,9.035464486995458,9.271631240844728,12353600,0.0,0.0,-,7.181928839683533,8.606678895950317,9.145325088500977,9.234098148345947,9733056.0
08/05/2009,8.921599975114267,9.003836288800102,8.780321566072061,8.974315643310547,12279200,0.0,0.0,-,7.166636078357697,8.585184545516968,9.115698862075806,9.23473072052002,9808560.0
08/04/2009,9.20204964196514,9.2442223499106,8.849909260032163,8.88575553894043,13726800,0.0,0.0,-,7.152036294937134,8.5722860622406,9.094507122039795,9.263197326660157,9817744.0
08/03/2009,9.10926725738484,9.223133289141742,8.974315280951725,9.218915939331056,8596800,0.0,0.0,-,7.138192570209503,8.558509225845336,9.060136365890504,9.290187454223632,9763984.0
07/31/2009,9.362305884284254,9.4635199019485,9.284286092111335,9.292720794677734,5369200,0.0,0.0,-,7.12039623260498,8.53693362236023,9.006366443634032,9.289976787567138,10092392.0
07/30/2009,9.44032042828519,9.64696571762379,9.339106458264885,9.349649429321287,5924800,0.0,0.0,-,7.105217320919037,8.501685333251952,8.94120979309082,9.276270389556885,10203520.0
07/29/2009,9.26741347467534,9.433995158463103,9.263196125220023,9.36230182647705,5787600,0.0,0.0,-,7.089524035453796,8.469083652496337,8.879743337631226,9.261088657379151,10290640.0
07/28/2009,9.23789473378038,9.381281427257688,9.19361295757612,9.313804626464844,8756800,0.0,0.0,-,7.072222058773041,8.433873748779297,8.818593072891236,9.234519577026367,10301384.0
07/27/2009,9.33278124946759,9.37917129341929,9.15354830499877,9.290609359741213,4896000,0.0,0.0,-,7.054880619049072,8.395596265792847,8.763874006271362,9.18538875579834,10290752.0
07/24/2009,9.214695443400911,9.400254749830635,9.155653370586894,9.381277084350586,6245600,0.0,0.0,-,7.04040144443512,8.357951021194458,8.703672742843628,9.13351650238037,10385832.0
07/23/2009,9.225241298025304,9.425560984229296,9.164090934085008,9.27795696258545,9732000,0.0,0.0,-,7.025218312740326,8.318870859146118,8.643893384933472,9.056552028656006,10469216.0
07/22/2009,9.07763964265414,9.381282464472706,9.07763964265414,9.258981704711914,7606000,0.0,0.0,-,7.012608897686005,8.284170246124267,8.579896712303162,8.996667003631591,10515352.0
07/21/2009,9.164091514489558,9.229459232259972,9.001727160835758,9.155656814575195,9412400,0.0,0.0,-,7.001524922847747,8.251363172531128,8.518008303642272,8.925816917419434,10603112.0
07/20/2009,9.128247316711189,9.235786949688944,9.001729202433156,9.216809272766112,9979600,0.0,0.0,-,6.9916363215446475,8.221632041931151,8.471513152122498,8.830085277557373,10672016.0
07/17/2009,9.221024532345613,9.221024532345613,9.086072551224856,9.155656814575195,7706400,0.0,0.0,-,6.98365567445755,8.191645116806031,8.418270230293274,8.722756099700927,10814792.0
07/16/2009,9.048119761477931,9.21680978552256,9.008056132135298,9.197832107543944,7733600,0.0,0.0,-,6.976314945220947,8.168432712554932,8.371142315864564,8.606149196624756,10951920.0
07/15/2009,8.856227824971713,9.098720099072873,8.776099824186925,9.09661102294922,12586000,0.0,0.0,-,6.9681263709068295,8.145554504394532,8.323909068107605,8.4983980178833,11018728.0
07/14/2009,8.712847701056862,8.841474091540855,8.660132019998011,8.82249641418457,9725200,0.0,0.0,-,6.961174879074097,8.126382904052734,8.270455765724183,8.402666568756104,11022152.0
07/13/2009,8.592653876273591,8.788756225407438,8.485114267576282,8.771886825561523,10387600,0.0,0.0,-,6.95476900100708,8.109707679748535,8.241145586967468,8.342359256744384,11092480.0
07/10/2009,8.639044722208716,8.714955419796834,8.520961325474165,8.611632347106934,11720800,0.0,0.0,-,6.947749476432801,8.093834295272828,8.218267130851746,8.273828983306885,11356880.0
07/09/2009,8.71495378140869,8.82460165244765,8.594761329905145,8.679106712341309,16564800,0.0,0.0,-,6.942293508052826,8.078222017288208,8.19718086719513,8.231234741210937,11466560.0
07/08/2009,8.225752147805215,8.58632791365537,8.208883553004252,8.550480842590332,16491600,0.0,0.0,-,6.936280879974365,8.069082765579223,8.18083918094635,8.16312642097473,11366632.0
07/07/2009,8.17303631769581,8.225751982502453,8.109777680803282,8.19834041595459,12006400,0.0,0.0,-,6.932623906135559,8.059992685317994,8.17366964817047,8.110199689865112,11313168.0
07/06/2009,7.957958891761044,8.1624951699487,7.909459761447308,8.14351749420166,8166000,0.0,0.0,-,6.930706739425659,8.060174474716186,8.182842135429382,8.112941026687622,11316040.0
07/02/2009,8.04441253770249,8.120322436016117,7.955849783103847,7.989587783813477,6940800,0.0,0.0,-,6.929063687324524,8.063345212936401,8.19064404964447,8.11378436088562,11352384.0
07/01/2009,8.21731775072547,8.21731775072547,8.042301364638295,8.120320320129395,6705600,0.0,0.0,-,6.930278716087341,8.071192750930786,8.203717494010926,8.13613543510437,11498672.0
06/30/2009,8.200446882434836,8.270031930754238,8.073929636515782,8.139296531677246,7701600,0.0,0.0,-,6.929493033885956,8.075626554489135,8.219953989982605,8.149420118331909,11562576.0
06/29/2009,8.088688719339931,8.280573635482948,8.029647454181129,8.219423294067383,6135600,0.0,0.0,-,6.929562714099884,8.075138635635376,8.236924004554748,8.13824496269226,11638248.0
06/26/2009,8.15406008973438,8.229970789195056,8.073932844194646,8.086584091186523,12068400,0.0,0.0,-,6.930568354129791,8.075403451919556,8.245576643943787,8.139931917190552,11738008.0
06/25/2009,7.987479278292406,8.339619600180223,7.987479278292406,8.185689926147461,10344800,0.0,0.0,-,6.932916934490204,8.079124059677124,8.252985644340516,8.162705278396606,11752816.0
06/24/2009,8.044413568541088,8.147735857039292,7.9558508025937105,7.998023509979248,6950800,0.0,0.0,-,6.933725759983063,8.07871766090393,8.255754780769347,8.163126993179322,11758984.0
06/23/2009,8.21520673822621,8.29322647971266,8.012778834407445,8.02121353149414,8012000,0.0,0.0,-,6.93687216758728,8.08290578842163,8.265699291229248,8.19855194091797,11891384.0
06/22/2009,7.989587779344386,8.299556213700171,7.98747950621632,8.225753784179688,9026000,0.0,0.0,-,6.938753991127014,8.086587982177734,8.281108188629151,8.23713960647583,11925400.0
06/19/2009,8.299554866892832,8.299554866892832,8.149842563395694,8.15195083618164,8921200,0.0,0.0,-,6.9390074825286865,8.088955230712891,8.279666185379028,8.252743244171143,12106560.0
06/18/2009,8.236293540969942,8.316420750746563,8.118210194026567,8.213098526000977,6239600,0.0,0.0,-,6.940172972679139,8.085186100006103,8.279075431823731,8.26750373840332,12104496.0
06/17/2009,8.130867186852742,8.29323158604669,7.995914363503012,8.253167152404785,9125200,0.0,0.0,-,6.941048407554627,8.074474277496337,8.244935822486877,8.27129955291748,12221712.0
06/16/2009,8.284797792396578,8.291123417611697,7.987481341622384,8.027544975280762,10906400,0.0,0.0,-,6.941671390533447,8.0677135181427,8.218255734443664,8.2904878616333,12315240.0
06/15/2009,8.202554857709856,8.246835807398506,8.0148864818532,8.236292839050293,10446800,0.0,0.0,-,6.943474593162537,8.062563343048096,8.196968817710877,8.335603046417237,12276064.0
06/12/2009,8.16460535448644,8.318535054471278,8.01910955257252,8.31431770324707,7863200,0.0,0.0,-,6.943536043167114,8.053448448181152,8.15515069961548,8.351221370697022,12335264.0
06/11/2009,8.390226794317368,8.423964793210448,8.183581450550076,8.18990707397461,8602000,0.0,0.0,-,6.94331157207489,8.03974500656128,8.109852170944214,8.343266010284424,12375664.0
06/10/2009,8.453487002735383,8.485116734453555,8.177256532779491,8.352272987365723,10866000,0.0,0.0,-,6.943042430877686,8.026847476959228,8.071720266342163,8.348382568359375,12408328.0
06/09/2009,8.381786904661556,8.537825555680438,8.297441557455105,8.407090187072754,5946800,0.0,0.0,-,6.942461485862732,8.012889547348022,8.031252932548522,8.332846641540527,12371728.0
06/08/2009,8.177253137535924,8.434505822523585,8.151949845293958,8.381790161132812,6764800,0.0,0.0,-,6.940939741134644,7.999012899398804,7.991829824447632,8.32507677078247,12454720.0
06/05/2009,8.329076427012708,8.394444151838526,8.082367460718773,8.299555778503418,10787600,0.0,0.0,-,6.938648583889008,7.985726356506348,7.956195330619812,8.306589126586914,12579544.0
06/04/2009,8.3079896897327,8.31220623536699,8.105560911064288,8.251056671142578,12519600,0.0275,0.0,-,6.937112390995026,7.966430130004883,7.927090692520141,8.29064712524414,12592464.0
06/03/2009,8.4534618367378,8.575426787076339,8.38406736330669,8.445050239562988,16612800,0.0,0.0,-,6.936443741321564,7.9488188171386716,7.9142896890640255,8.218572092056274,12527760.0
06/02/2009,8.363040155975291,8.585942694275142,8.293645674383905,8.478696823120117,13270000,0.0,0.0,-,6.935180146694183,7.928421211242676,7.894733262062073,8.146023607254028,12430856.0
06/01/2009,8.287333559749232,8.47028132359268,8.226350704410157,8.392476081848145,12330000,0.0,0.0,-,6.9332795071601865,7.901546754837036,7.877699971199036,8.058334589004517,12456752.0
05/29/2009,8.215838408918488,8.28523287371936,8.037096403140298,8.234764099121094,12945600,0.0,0.0,-,6.930882844924927,7.876060228347779,7.8575129270553585,7.959080028533935,12449448.0
05/28/2009,8.281027336507057,8.379860786523727,7.990833678317344,8.241072654724121,14864800,0.0,0.0,-,6.929649784564972,7.854779376983642,7.84468560218811,7.876438331604004,12441144.0
05/27/2009,8.295747980317683,8.463975912554767,8.095976959834996,8.196913719177246,16128800,0.0,0.0,-,6.9294894146919255,7.83030219078064,7.8241828918457035,7.795057964324951,12364312.0
05/26/2009,8.091769133530487,8.37565445007956,8.007655589577094,8.329391479492188,12738400,0.0,0.0,-,6.929726936817169,7.801913690567017,7.8254444122314455,7.729659223556519,12224712.0
05/22/2009,8.192707920599561,8.291542181739999,8.020274189784793,8.196913719177246,11038800,0.0,0.0,-,6.928270728588104,7.7741560363769535,7.813773679733276,7.658582878112793,12165512.0
05/21/2009,7.818399829182254,8.161164755699614,7.717463080709295,8.140135765075684,25017200,0.0,0.0,-,6.927654020786285,7.749258251190185,7.814299488067627,7.60580153465271,12195160.0
05/20/2009,7.803676686107207,7.955082146833673,7.507174860300302,7.530306339263916,10925600,0.0,0.0,-,6.927706644535065,7.720365104675293,7.8223954200744625,7.563534259796143,11935904.0
05/19/2009,7.528205993458685,7.803679747649141,7.486148815404378,7.719565391540527,10280800,0.0,0.0,-,6.9297250199317935,7.701355409622193,7.864978337287903,7.610007286071777,11984176.0
05/18/2009,7.568161056912213,7.6186290313943985,7.410447232850897,7.601806640625,6324800,0.0,0.0,-,6.930453293323517,7.670233240127564,7.89610059261322,7.643442916870117,12011640.0
05/15/2009,7.402033776818857,7.557644261582336,7.338948423477613,7.399930477142334,8225200,0.0,0.0,-,6.931989135742188,7.6420549869537355,7.921755290031433,7.697065353393555,12153840.0
05/14/2009,7.439890229116503,7.633352218412761,7.370495731537843,7.408347129821777,9650000,0.0,0.0,-,6.935148994922638,7.621573266983032,7.963391971588135,7.755945825576783,12340288.0
05/13/2009,7.475634454206266,7.528205724351421,7.305304052327274,7.427268981933594,10414800,0.0,0.0,-,6.937172937393188,7.601007318496704,8.006605339050292,7.812932872772217,12424312.0
05/12/2009,7.711154231038085,7.835222472110268,7.378904190208134,7.54292631149292,12038800,0.0,0.0,-,6.9378313231468205,7.574217004776001,8.043510389328002,7.853307819366455,12563488.0
05/11/2009,7.551336866517801,7.74059375126216,7.370491577134054,7.618628025054932,11994000,0.0,0.0,-,6.939036529064179,7.545870571136475,8.07673556804657,7.921229600906372,12600016.0
05/08/2009,7.76372796783143,7.875179651636675,7.555546102061299,7.669100284576416,12857600,0.0,0.0,-,6.9404674243927005,7.517650356292725,8.10607032775879,7.96896448135376,12536944.0
05/07/2009,8.09597602067836,8.196912768311657,7.669097541738261,7.71746301651001,17118400,0.0,0.0,-,6.942937734127045,7.486654272079468,8.139821124076843,8.022797441482544,12461480.0
05/06/2009,8.098075813187585,8.220041510522922,7.801573965392344,7.995036602020264,14562800,0.0,0.0,-,6.945697536468506,7.459695701599121,8.152122688293456,8.081256580352782,12321296.0
05/05/2009,8.13803608681617,8.20112147619823,7.990836310141866,8.053921699523926,11074000,0.0,0.0,-,6.946673605442047,7.427984762191772,8.136246228218079,8.119949388504029,12199368.0
05/04/2009,8.001345412392306,8.199013858463069,7.978213930220301,8.138031005859375,12757200,0.0,0.0,-,6.946948964595794,7.3916474628448485,8.129306602478028,8.148758268356323,12146760.0
05/01/2009,8.028689098682047,8.060232199938818,7.816300594858493,7.988735198974609,13241600,0.0,0.0,-,6.9474600672721865,7.35838041305542,8.110906863212586,8.14644522666931,12114896.0
04/30/2009,7.929852117783234,8.127520654820565,7.883589934323232,7.978217601776123,23607600,0.0,0.0,-,6.948144681453705,7.326501073837281,8.100497508049012,8.170838117599487,11994176.0
04/29/2009,8.205325715588335,8.302056681059648,7.816297751050772,7.831018447875977,17204800,0.0,0.0,-,6.946944227218628,7.293780689239502,8.083043909072876,8.20027780532837,11653256.0
04/28/2009,8.013962402112334,8.320978344980206,8.013962402112334,8.22214412689209,11568400,0.0,0.0,-,6.947386088371277,7.264130487442016,8.06874451637268,8.233712959289551,11513480.0
04/27/2009,8.110696723226756,8.363039018607918,8.041303053247011,8.095976829528809,13818400,0.0,0.0,-,6.945622301101684,7.228333930969239,8.040356135368347,8.232241535186768,11452536.0
04/24/2009,8.373555361825035,8.426126654052553,8.175887591832304,8.207429885864258,12150000,0.0,0.0,-,6.944093492031097,7.1994187450408935,8.021220183372497,8.243176174163818,11323640.0
04/23/2009,8.35883146994839,8.428225927572553,8.087563539156635,8.302054405212402,9983200,0.0,0.0,-,6.942101171016693,7.166053581237793,7.996721839904785,8.256844806671143,11224400.0
04/22/2009,8.272616329151004,8.627997879261034,8.243176541850936,8.381964683532715,14255200,0.0,0.0,-,6.940177421569825,7.1319273090362545,7.948356342315674,8.22298879623413,11230032.0
04/21/2009,8.030788610265066,8.386170983813349,8.030788610265066,8.342010498046875,9900800,0.0,0.0,-,6.936895728111267,7.0995971298217775,7.897782659530639,8.152543067932129,11122048.0
04/20/2009,8.119106386497542,8.180089247106897,7.984524074927829,8.114900588989258,11485200,0.0,0.0,-,6.932574133872986,7.069281282424927,7.851940631866455,8.109854936599731,11245256.0
04/17/2009,8.253692302827904,8.312571889311569,8.16116712375726,8.232664108276367,11123600,0.0,0.0,-,6.929700620174408,7.035336256027222,7.802944302558899,8.075368499755859,11440192.0
04/16/2009,8.2284548079907,8.310465854892536,8.077049304680317,8.272614479064941,12808800,0.0,0.0,-,6.926686227321625,6.989062738418579,7.747218585014343,8.030156898498536,11448680.0
04/15/2009,8.131723604823161,8.291540713784505,7.995038785030708,8.165369987487793,10653200,0.0,0.0,-,6.922326159477234,6.947186365127563,7.692123937606811,7.965810012817383,11378416.0
04/14/2009,8.186401689842954,8.278926875380652,8.02448201352129,8.207429885864258,13570800,0.0,0.0,-,6.919408650398254,6.906365327835083,7.634716105461121,7.903776073455811,11383496.0
04/13/2009,8.39037429855366,8.392476796218139,8.131722966260934,8.205323219299316,9712800,0.0,0.0,-,6.916385018825531,6.865499286651612,7.563219046592712,7.848470735549927,11381360.0
04/09/2009,8.222150418506656,8.527064097409443,8.222150418506656,8.3441162109375,18084000,0.0,0.0,-,6.914569911956787,6.827608680725097,7.500028324127197,7.799264192581177,11389928.0
04/08/2009,7.7384893705025215,7.963494300842285,7.725872781397643,7.963494300842285,8818000,0.0,0.0,-,6.911467053890228,6.79067172050476,7.430423736572266,7.736598873138428,11312736.0
04/07/2009,7.801575621439606,7.8205013094513,7.549234184182176,7.677507400512695,12100400,0.0,0.0,-,6.91086109161377,6.761179552078247,7.367022943496704,7.673723888397217,11289848.0
04/06/2009,7.711152428726575,7.919334982000267,7.643861276636329,7.9151291847229,13801600,0.0,0.0,-,6.911310031414032,6.7402147197723385,7.312138652801513,7.643022251129151,11233440.0
04/03/2009,7.908824383312727,7.908824383312727,7.656482050424882,7.770036220550537,8947600,0.0,0.0,-,6.911258420944214,6.712695569992065,7.224555039405823,7.594026327133179,11128688.0
04/02/2009,7.753210810217629,7.976113287687956,7.727976824786212,7.780548095703125,13406800,0.0,0.0,-,6.910546751022339,6.688413534164429,7.145697927474975,7.530520105361939,11154496.0
04/01/2009,7.433580352251949,7.637557221477498,7.332643568085747,7.629145622253418,9883200,0.0,0.0,-,6.910428407192231,6.662831754684448,7.075462746620178,7.464280271530152,11116200.0
03/31/2009,7.776343913085754,7.776343913085754,7.387316748360713,7.54503059387207,10235200,0.0,0.0,-,6.911775467395782,6.633992385864258,7.013007950782776,7.418437862396241,11077208.0
03/30/2009,7.6690963968352355,7.6690963968352355,7.477737024273792,7.65437650680542,9036000,0.0,0.0,-,6.9129076361656185,6.612324752807617,6.940144085884095,7.365656137466431,11074696.0
03/27/2009,7.606011935814939,7.746903374647813,7.513486777509455,7.713257789611816,10096400,0.0,0.0,-,6.912659687995911,6.587003526687622,6.863705492019653,7.277967357635498,11072384.0
03/26/2009,7.359978200616692,7.725874612689608,7.3221268199824605,7.71746301651001,13006000,0.0,0.0,-,6.911674592494965,6.55535044670105,6.788423466682434,7.200792455673218,11094304.0
03/25/2009,7.320024560722859,7.545029551733543,7.101327865965599,7.334744453430176,11433600,0.0,0.0,-,6.911333429813385,6.525247564315796,6.7085151195526125,7.124248600006103,11003456.0
03/24/2009,7.362079433098311,7.570261990801845,7.311611469043641,7.370491027832031,9284400,0.0,0.0,-,6.912573380470276,6.502212352752686,6.660254621505738,7.060321998596192,10955160.0
03/23/2009,7.141284472363347,7.425169944763184,7.141284472363347,7.425169944763184,11767600,0.0,0.0,-,6.913696930408478,6.4805155372619625,6.612204551696777,6.981255054473877,10944584.0
03/20/2009,7.149693896686801,7.292687838794461,7.029831445533917,7.134974002838135,14564800,0.0,0.0,-,6.915461416244507,6.464346046447754,6.552798891067505,6.855083751678467,10957232.0
03/19/2009,7.399931801432668,7.456708870252736,7.008802219850973,7.118149757385254,11964800,0.0,0.0,-,6.917170312404632,6.449119529724121,6.5197841167449955,6.7608757495880125,10834648.0
03/18/2009,6.884734471062273,7.227498603714237,6.884734471062273,7.170721530914307,12530400,0.0,0.0,-,6.919503631591797,6.432553339004516,6.483615040779114,6.686645221710205,10742328.0
03/17/2009,6.817442345340153,7.044550631334133,6.785900062623636,7.017213344573975,11023200,0.0,0.0,-,6.920950660705566,6.415983333587646,6.442188882827759,6.6075780391693115,10617672.0
03/16/2009,6.943614130796259,6.983568011200831,6.777488708496094,6.777488708496094,9148800,0.0,0.0,-,6.923913326263428,6.404746332168579,6.4087536334991455,6.514632034301758,10499280.0
03/13/2009,6.935200475527745,6.989875034771281,6.783794991067199,6.941508769989014,9778400,0.0,0.0,-,6.928251256942749,6.393778142929077,6.391495013237,6.449443626403808,10459840.0
03/12/2009,6.653419253752023,6.968846847720094,6.607156684361333,6.952024459838867,12521200,0.0,0.0,-,6.931904158592224,6.378649597167969,6.376930451393127,6.376054477691651,10346064.0
03/11/2009,6.602952871650193,6.748049720794969,6.518838901525339,6.695478439331055,12054400,0.0,0.0,-,6.934340772628784,6.358994569778442,6.356287813186645,6.292781639099121,10180664.0
03/10/2009,6.323273483930881,6.628187067869252,6.306450690401752,6.579821586608887,13339200,0.0,0.0,-,6.937592556476593,6.347487573623657,6.351300930976867,6.260187244415283,9985064.0
03/09/2009,6.142428324039256,6.346405152493412,6.117194333585101,6.163456916809082,11654000,0.0,0.0,-,6.941536927223206,6.337246112823486,6.360582637786865,6.243154048919678,9757160.0
03/06/2009,6.428412979059383,6.474675940024224,6.045694307914843,6.192893981933594,13434800,0.0,0.0,-,6.946170840263367,6.333530006408691,6.393720698356629,6.250514030456543,9611288.0
03/05/2009,6.413695862626107,6.640803765652666,6.348507590752961,6.375844478607178,17547600,0.0,0.0,-,6.951488778591156,6.3311528396606445,6.404958462715149,6.2786924839019775,9570704.0
03/04/2009,6.066724967432993,6.472575258030692,6.066724967432993,6.380049705505371,13851200,0.0,0.0,-,6.956193284988403,6.326038522720337,6.382115650177002,6.280584859848022,9608752.0
03/03/2009,6.1739701475952495,6.218129822377388,6.026770429480859,6.0877532958984375,17373600,0.0,0.0,-,6.961188459396363,6.323186750411987,6.372052955627441,6.276799726486206,9503336.0
03/02/2009,6.106679340001714,6.388460997779341,6.100370642772092,6.125604629516602,13865200,0.0,0.0,-,6.969120514392853,6.325678062438965,6.373881196975708,6.302875232696533,9369040.0
02/27/2009,6.022566139416746,6.369536933115016,5.9931263488579365,6.207617282867432,8840400,0.0,0.0,-,6.975886633396149,6.327119016647339,6.375807356834412,6.33354640007019,9237456.0
02/26/2009,6.407386416705688,6.409489315693064,6.102473283101531,6.119296073913574,9084400,0.0,0.0,-,6.9826479291915895,6.318455066680908,6.380966138839722,6.3778064250946045,9189480.0
02/25/2009,6.363225796467214,6.506219697682396,6.264391965256444,6.369534492492676,10109200,0.0,0.0,-,6.989310541152954,6.313233680725098,6.399864745140076,6.41979398727417,9179432.0
02/24/2009,6.251775809607711,6.438929817840408,6.251775809607711,6.409489631652832,8466400,0.0,0.0,-,6.9937868356704715,6.30007420539856,6.405832314491272,6.442414617538452,9113448.0
02/23/2009,6.466267548925808,6.518838829811384,6.211822741961402,6.237056732177734,8443600,0.0,0.0,-,6.997658143043518,6.2916050720214844,6.416821122169495,6.478011226654052,9123856.0
02/20/2009,6.342198676838143,6.569306572122219,6.308553092432131,6.47467851638794,11164000,0.0,0.0,-,7.001612350940705,6.281388492584228,6.43192687034607,6.536927366256714,9121240.0
02/19/2009,6.377945450375083,6.518836447707726,6.3421969763925645,6.394768238067627,7205600,0.0,0.0,-,7.004461572170258,6.272411794662475,6.435989665985107,6.5312244415283205,9080952.0
02/18/2009,6.443135120251914,6.453649615552603,6.26439311209703,6.342198371887207,6561600,0.0275,0.0,-,7.007409033775329,6.267023754119873,6.441324210166931,6.483646440505981,9140688.0
02/17/2009,6.310794781704489,6.455364489921308,6.214414576595618,6.348508358001709,10216000,0.0,0.0,-,7.011253132820129,6.25650538444519,6.433573150634766,6.467306184768677,9251648.0
02/13/2009,6.637647471854221,6.71097974661822,6.432316303253174,6.432316303253174,8521200,0.0,0.0,-,7.01524231672287,6.238133602142334,6.439230179786682,6.444887161254883,9222176.0
02/12/2009,6.440695870191998,6.650217533111572,6.392505983631902,6.650217533111572,7373600,0.0,0.0,-,7.017877352237702,6.21161150932312,6.4370301246643065,6.418068313598633,9245872.0
02/11/2009,6.643932539790165,6.658599393651457,6.43231598642187,6.5391716957092285,7188000,0.0,0.0,-,7.020212533473969,6.179353055953979,6.411049437522888,6.384125852584839,9285720.0
02/10/2009,6.690025688182577,6.845071246294141,6.5643126306634025,6.595740795135498,10264800,0.0,0.0,-,7.022895138263703,6.159256429672241,6.394706797599793,6.3799355030059814,9220696.0
02/09/2009,6.834597466536919,6.866026040489033,6.6627897405921885,6.765455722808838,8856000,0.0,0.0,-,7.025492293834686,6.14191294670105,6.37406895160675,6.369250011444092,9263088.0
02/06/2009,6.400888486441828,6.886978820517324,6.350603320809636,6.826218128204346,16061200,0.0,0.0,-,7.026659061908722,6.1139491844177245,6.350078678131103,6.355631017684937,9405032.0
02/05/2009,5.971368239661632,6.467934827007938,5.971368239661632,6.417649269104004,21232000,0.0,0.0,-,7.027075219154358,6.0821386909484865,6.339602541923523,6.326926374435425,9414128.0
02/04/2009,6.101272288928738,6.222794863108089,5.883369521638345,5.918988227844238,11548000,0.0,0.0,-,7.0290978503227235,6.052568445205688,6.337402486801148,6.340754890441895,9358488.0
02/03/2009,6.130605912176426,6.241652573748194,6.05098743040618,6.17879581451416,9295600,0.0,0.0,-,7.034507324695587,6.0264973545074465,6.355945086479187,6.399001979827881,9379384.0
02/02/2009,6.168317879968524,6.289840428707532,5.992319650811222,6.1243181228637695,10907200,0.0,0.0,-,7.038316452503205,6.001077651977539,6.364116358757019,6.3998401165008545,9571560.0
01/30/2009,6.361078317311426,6.361078317311426,6.080319234819361,6.164127826690674,13464000,0.0,0.0,-,7.041681056022644,5.9850176811218265,6.3806686162948605,6.433573198318482,9598728.0
01/29/2009,6.463743647294936,6.4930765534302886,6.270983693482172,6.310792922973633,10141200,0.0,0.0,-,7.0451375269889835,5.967785634994507,6.383916187286377,6.455991935729981,9544376.0
01/28/2009,6.59155272855177,6.648123685509005,6.419744992279523,6.497268199920654,14224400,0.0,0.0,-,7.046800878047943,5.951128845214844,6.377630615234375,6.4379730224609375,9543880.0
01/27/2009,6.656503452801965,6.687931622908326,6.47840995602477,6.488885879516602,7673600,0.0,0.0,-,7.047511074542999,5.939764566421509,6.35123085975647,6.409478092193604,9569760.0
01/26/2009,6.551742987902912,6.692122528596632,6.503553097720368,6.629265785217285,9280000,0.0,0.0,-,7.047608606815338,5.920047130584717,6.3327929973602295,6.378887891769409,9627984.0
01/23/2009,6.449077705489584,6.635551880071761,6.42393492707256,6.5391716957092285,8564000,0.0,0.0,-,7.047222428321838,5.903202600479126,6.3047171354293825,6.34452633857727,9599400.0
01/22/2009,6.400888013714758,6.664885413509902,6.333841131156806,6.555934429168701,10238000,0.0,0.0,-,7.0453957128524785,5.891835680007935,6.276641130447388,6.352278709411621,9562328.0
01/21/2009,6.285651606029926,6.5224109740194285,6.203938263033447,6.501459121704102,11492000,0.0,0.0,-,7.044108593463898,5.882973747253418,6.252546191215515,6.334050083160401,9483152.0
01/20/2009,6.432317635215279,6.446984093205113,6.16412966175644,6.1871771812438965,7933600,0.0,0.0,-,7.043415944576264,5.875953121185303,6.2334796667099,6.312888193130493,9447960.0
01/16/2009,6.472124865670604,6.522410023232945,6.291936484313271,6.461648941040039,10109600,0.0,0.0,-,7.045084359645844,5.877473707199097,6.2359938621521,6.328392601013183,9514912.0
01/15/2009,6.103365622667466,6.526599460871356,6.080318512410412,6.388315200805664,8920400,0.0,0.0,-,7.045131051540375,5.880354843139648,6.223527359962463,6.32776403427124,9565064.0
01/14/2009,6.206031715404921,6.258412130154815,6.082413904624706,6.130603790283203,11192400,0.0,0.0,-,7.045388560295105,5.881569995880127,6.2139942169189455,6.311840438842774,9584608.0
01/13/2009,6.180890719278869,6.321270287193492,6.128510289454472,6.2123188972473145,8463600,0.0,0.0,-,7.047017741203308,5.895499496459961,6.19618501663208,6.317288208007812,9572208.0
01/12/2009,6.2500307386377605,6.335934582275589,6.132698727752332,6.182983875274658,9018800,0.0,0.0,-,7.047085044384002,5.903325443267822,6.178480410575867,6.292983627319336,9625696.0
01/09/2009,6.63764673142141,6.683741356078462,6.233269834518432,6.285650253295898,8755600,0.0,0.0,-,7.046478192806244,5.914202508926391,6.154909253120422,6.28669810295105,9649936.0
01/08/2009,6.5098392869323805,6.690028080464459,6.273079936973827,6.616695404052734,12400000,0.0,0.0,-,7.046137273311615,5.92077070236206,6.139928388595581,6.264907932281494,9752608.0
01/07/2009,6.1871740389795935,6.413457389290382,6.128507837183905,6.373648166656494,8435600,0.0,0.0,-,7.044255421161652,5.9052635765075685,6.095405006408692,6.201003551483154,9683712.0
01/06/2009,6.38831525605165,6.41136276613886,6.20184110972668,6.289840221405029,7348800,0.0,0.0,-,7.044264154434204,5.89800066947937,6.078014779090881,6.1710422992706295,9693240.0
01/05/2009,6.392506414605952,6.436505774962628,6.258412669178882,6.342221260070801,6297600,0.0,0.0,-,7.0445568656921385,5.893625221252441,6.069791078567505,6.1540711402893065,9870920.0
01/02/2009,6.237460919892235,6.474220258031734,6.191365891495738,6.4553632736206055,5103600,0.0,0.0,-,7.04503445148468,5.889664058685303,6.043494009971619,6.143595123291016,9983112.0
12/31/2008,6.195555810789173,6.287745458867126,6.1306042040126245,6.229079246520996,7176800,0.0,0.0,-,7.041714990139008,5.885987939834595,5.992221808433532,6.119290685653686,10115136.0
12/30/2008,6.03003545178442,6.193462143212235,5.956702767349154,6.185081481933594,4089600,0.0,0.0,-,7.039963331222534,5.885667934417724,5.936078429222107,6.116147994995117,10211104.0
12/29/2008,6.07612920362336,6.107557378198676,5.902226211366963,5.969273090362549,4251200,0.0,0.0,-,7.037569282054901,5.883053483963013,5.878689098358154,6.075081825256348,10476240.0
12/26/2008,6.09498625152309,6.13898561645879,5.9127021976858,6.120128631591797,2274400,0.0,0.0,-,7.036971187591552,5.886008234024048,5.856942462921142,6.063977193832398,10699960.0
12/24/2008,5.994416267601781,6.111748313630426,5.977654546740546,6.067748546600342,1944000,0.0,0.0,-,7.036398096084595,5.876798629760742,5.837364363670349,6.023120403289795,10990272.0
12/23/2008,6.015365149667847,6.189268467254058,5.910604346089118,5.977651596069336,4360400,0.0,0.0,-,7.035598556995392,5.880582427978515,5.802340316772461,6.014948844909668,11336096.0
12/22/2008,6.143177807867178,6.143177807867178,5.925275389935872,6.07403564453125,11405600,0.0,0.0,-,7.035415740013122,5.885249242782593,5.765242409706116,5.989806461334228,11469104.0
12/19/2008,6.300317420484874,6.308698480261727,5.979749477007845,6.120128631591797,19450000,0.0,0.0,-,7.0333691143989565,5.881806659698486,5.708497476577759,5.984987258911133,11638504.0
12/18/2008,6.203937650138034,6.356888394863119,6.10546219560827,6.237461090087891,8580400,0.0,0.0,-,7.031590754985809,5.876314420700073,5.633262729644775,5.985511016845703,11660680.0
12/17/2008,6.111748567895903,6.377841247315272,6.044701681661629,6.2123188972473145,10658800,0.0,0.0,-,7.030316691398621,5.879460687637329,5.566780209541321,5.943392896652222,11790448.0
12/16/2008,5.973464167877778,6.197652339935303,5.786989968620764,6.197652339935303,7286000,0.0,0.0,-,7.029396920204163,5.88210732460022,5.522230243682861,5.8651529312133786,11823048.0
12/15/2008,5.870800005139374,6.0174650022079765,5.682230494833425,5.774419784545898,6441600,0.0,0.0,-,7.02830112695694,5.893275756835937,5.477473902702331,5.756008863449097,12043208.0
12/12/2008,5.569086994315263,5.891750617133706,5.569086994315263,5.858226776123047,8582000,0.0,0.0,-,7.0287500309944155,5.91863109588623,5.46265058517456,5.682296371459961,12127296.0
12/11/2008,5.9818434704813805,6.0656524575112405,5.629847403405612,5.711560726165772,6810000,0.0,0.0,-,7.028395466804504,5.945025291442871,5.466191959381104,5.649907732009888,12220320.0
12/10/2008,5.740892637353364,6.086603250256081,5.701083415373415,5.986032962799072,8986800,0.0,0.0,-,7.0292937421798705,5.983207674026489,5.455764627456665,5.651608324050903,12267656.0
12/09/2008,5.921082995567968,6.174604048140419,5.707370776282009,5.726227760314941,8312800,0.0,0.0,-,7.029671645164489,6.0172372341156,5.445814943313598,5.5897317886352536,12384968.0
12/08/2008,6.141080385510158,6.285650457939415,5.935749233128885,6.025843620300293,9149600,0.02375,0.0,-,7.031639504432678,6.053915023803711,5.458044838905335,5.540678358078003,12555288.0
12/05/2008,5.872666329363221,6.150427550447777,5.605347100711669,6.1253662109375,10192400,0.0,0.0,-,7.031600172519684,6.087524404525757,5.462394547462464,5.432007694244385,12538640.0
12/04/2008,5.327587046524689,5.968735241751388,5.327587046524689,5.816279888153076,12109600,0.0,0.0,-,7.03039824962616,6.115843496322632,5.463647627830506,5.281014442443848,12494248.0
12/03/2008,5.018498582089565,5.446626670749608,4.951668472190179,5.429919242858887,8742400,0.0,0.0,-,7.030388491153717,6.146877536773681,5.485993957519531,5.19016752243042,12441640.0
12/02/2008,5.1208306089965685,5.239871058828632,4.8994567355630405,5.1062116622924805,9706000,0.0,0.0,-,7.0326534104347225,6.188687925338745,5.544783282279968,5.179307556152343,12471672.0
12/01/2008,5.383974318043901,5.503014800452274,5.02058743551541,5.037294864654541,9366000,0.0,0.0,-,7.035367984771728,6.236095314025879,5.611926341056824,5.198938941955566,12512416.0
11/28/2008,5.707680083301931,5.776598268347166,5.454980204248232,5.5343403816223145,3936800,0.0,0.0,-,7.038675625324249,6.29173113822937,5.701415538787842,5.24300479888916,12633376.0
11/26/2008,5.283730593341409,5.916525368387198,5.283730593341409,5.728566646575928,12384400,0.0,0.0,-,7.039498038291931,6.337342472076416,5.754879331588745,5.282476186752319,12966248.0
11/25/2008,5.300437484787763,5.394417035258139,5.091594393375003,5.367267608642578,15953200,0.0,0.0,-,7.0399395060539245,6.37906928062439,5.804792857170105,5.259920930862426,13156152.0
11/24/2008,4.989258674143755,5.296258110258135,4.909898516862059,5.235693454742432,16516000,0.0,0.0,-,7.042301366329193,6.4363757991790775,5.867132472991943,5.301898097991943,13147968.0
11/21/2008,4.7511783573832655,4.939136981964111,4.531893361761683,4.939136981964111,18450000,0.0,0.0,-,7.0450415253639225,6.490925607681274,5.897414755821228,5.375411319732666,13082224.0
11/20/2008,4.855603235674496,5.051915908134966,4.594549298272641,4.615433692932129,12592800,0.0,0.0,-,7.048850321769715,6.55520751953125,5.950983047485352,5.492781400680542,13010968.0
11/19/2008,5.383972889661735,5.383972889661735,4.868130404964448,4.907810688018799,18904400,0.0,0.0,-,7.0547125005722044,6.631309871673584,6.023764753341675,5.646280813217163,13060352.0
11/18/2008,5.273285785356802,5.419476045671556,5.04982383759234,5.321319580078125,12265600,0.0,0.0,-,7.058222346305847,6.704279661178589,6.085582375526428,5.781820392608642,12970872.0
11/17/2008,5.454981267049791,5.542695374045594,5.302525520324707,5.302525520324707,10746400,0.0,0.0,-,7.06010986328125,6.764802370071411,6.133094263076782,5.910259008407593,13044824.0
11/14/2008,5.847605750230838,5.899816515857899,5.4695999186251445,5.477953433990479,10116400,0.0,0.0,-,7.062754013538361,6.831297960281372,6.178621935844421,6.024913740158081,13177608.0
11/13/2008,5.548959960280341,5.929054260253906,5.248225846691904,5.929054260253906,15518400,0.0,0.0,-,7.066312258243561,6.8896904563903805,6.207442212104797,6.159826278686523,13222448.0
11/12/2008,5.667999879264145,5.6909727407311,5.496748653185156,5.503014087677002,10584800,0.0,0.0,-,7.066848802566528,6.9366384124755855,6.216840028762817,6.227282476425171,13163032.0
11/11/2008,5.920699069447031,6.0188551350475645,5.701413682675566,5.787039279937744,7850800,0.0,0.0,-,7.068552634716034,6.994279108047485,6.224671745300293,6.349664783477783,13201904.0
11/10/2008,6.23187960885317,6.292443915033303,5.912349446926861,5.970825672149658,6710400,0.0,0.0,-,7.069385104179382,7.046302032470703,6.248166704177857,6.432366847991943,13332296.0
11/07/2008,6.190109517382281,6.286177553013641,5.997973844456171,6.112837791442871,6279200,0.0,0.0,-,7.068667044639588,7.0944407939910885,6.260175037384033,6.41941819190979,13395912.0
11/06/2008,6.250672384032135,6.570201987100666,6.094040100696895,6.15042781829834,9732400,0.0,0.0,-,7.065478749275208,7.139947748184204,6.249628472328186,6.409184694290161,13440968.0
11/05/2008,6.515906919177999,6.57438275054878,6.206818731680289,6.263206481933594,11281200,0.0,0.0,-,7.063748795986175,7.181910848617553,6.234382915496826,6.4012486934661865,13454304.0
11/04/2008,6.432366016155099,6.676712409534111,6.286176114804973,6.605705738067627,12617200,0.0,0.0,-,7.06085440158844,7.222035188674926,6.240961313247681,6.389344358444214,13381920.0
11/03/2008,6.83960949413691,6.958649962056754,6.428188852699885,6.44907283782959,9897600,0.0,0.0,-,7.055294950008392,7.252642650604248,6.227908563613892,6.355929517745972,13330112.0
10/31/2008,6.67671197104632,6.891820449695531,6.547229506878053,6.827078819274902,10572400,0.0,0.0,-,7.048965566158294,7.288382873535157,6.243258619308472,6.332330131530762,13404192.0
10/30/2008,6.787397913570568,6.975356943692439,6.490840819567258,6.603616237640381,11138000,0.0,0.0,-,7.040797934532166,7.31389612197876,6.254014015197754,6.255058145523071,13360144.0
10/29/2008,6.5827356824755885,7.046367695116068,6.453252764064613,6.726837158203125,10230800,0.0,0.0,-,7.033405919075012,7.340294971466064,6.282730031013489,6.206397581100464,13381352.0
10/28/2008,5.960381302885262,6.632855832911634,5.768245665972507,6.614059925079346,13889200,0.0,0.0,-,7.024569487571716,7.365604572296142,6.327422165870667,6.099678707122803,13357976.0
10/27/2008,5.97291043666609,6.246494680644767,5.805835782083835,5.841339111328125,8955200,0.0,0.0,-,7.016938886642456,7.395669908523559,6.3810947179794315,6.063966560363769,13253808.0
10/24/2008,5.7452720596999,6.114924334910332,5.695149778061679,6.010502815246582,8912000,0.0,0.0,-,7.012954461574554,7.442689752578735,6.467033624649048,6.100931882858276,13240632.0
10/23/2008,6.17131238523252,6.202639163518839,5.847605795190516,6.071067810058594,16232800,0.0,0.0,-,7.008341646194458,7.484451074600219,6.5518241167068485,6.090072250366211,13282104.0
10/22/2008,6.150428567211332,6.236054193993966,5.975000356647755,6.144163131713867,11907200,0.0,0.0,-,7.000858223438263,7.521292591094971,6.625336766242981,6.0675171375274655,13181688.0
10/21/2008,6.146251413502133,6.380155421209771,6.121190070650907,6.271557331085205,11704800,0.0,0.0,-,6.9923777318000795,7.558172369003296,6.686527705192566,6.092578268051147,13195912.0
10/20/2008,6.1316303367412965,6.252759255459705,6.050181299468711,6.21307897567749,11975200,0.0,0.0,-,6.98453381061554,7.596921195983887,6.748971772193909,6.0998876094818115,13299360.0
10/17/2008,5.9499374516609445,6.137896085560353,5.88310775057106,6.054358959197998,17346400,0.0,0.0,-,6.977427492141723,7.637547979354858,6.812146878242492,6.154187107086182,13335624.0
10/16/2008,5.705589700296756,6.131629537128593,5.513454157902537,6.117010593414307,15437200,0.0,0.0,-,6.972284781932831,7.6772237968444825,6.900383234024048,6.252969884872437,13198816.0
10/15/2008,6.156694850030977,6.194286673948477,5.638764027546055,5.659648418426514,16790000,0.0,0.0,-,6.967595007419586,7.716355028152466,6.985278058052063,6.3590624809265135,13067080.0
10/14/2008,6.428190116922375,6.486665924124271,6.081510637546765,6.256938457489014,19235200,0.0,0.0,-,6.965771858692169,7.766175270080566,7.093040990829468,6.55516562461853,13003848.0
10/13/2008,6.102393853324809,6.210992336273193,5.99797232702902,6.210992336273193,11010800,0.0,0.0,-,6.960724122524262,7.799716129302978,7.191823744773865,6.698222875595093,12841008.0
10/10/2008,5.596995334638605,6.144164472377243,5.2503157948639085,5.901906490325928,19875600,0.0,0.0,-,6.955802576541901,7.832800683975219,7.27943332195282,6.833135366439819,12813904.0
10/09/2008,6.246495337139626,6.559759899276363,5.795394399529643,5.845516681671143,20558800,0.0,0.0,-,6.952685317993164,7.872942056655884,7.391999626159668,7.0135759830474855,12667368.0
10/08/2008,6.177577471348442,6.660004810646579,6.062713951913437,6.394774436950684,15068800,0.0,0.0,-,6.950409109592438,7.916669769287109,7.520751357078552,7.1831563949584964,12532520.0
10/07/2008,6.845873911596305,6.956561253463884,6.330031797787751,6.344650745391846,12288800,0.0,0.0,-,6.945231306552887,7.945036993026734,7.62882764339447,7.280477142333984,12462200.0
10/06/2008,6.764427866904695,6.8020196885572615,6.327945756981628,6.756073951721191,18294000,0.0,0.0,-,6.940024569034576,7.969322900772095,7.72896785736084,7.398055934906006,12489744.0
10/03/2008,7.286532682774009,7.353362383995104,6.987887106897857,7.042186737060547,10646000,0.0,0.0,-,6.931797797679901,7.989880771636963,7.822529411315918,7.4701066493988035,12335256.0
10/02/2008,7.616507507133517,7.681248353121809,7.1382566549082815,7.177936553955078,13233200,0.0,0.0,-,6.922357892990112,8.007133178710937,7.890298986434937,7.547796583175659,12389808.0
10/01/2008,7.737631401455736,7.758516175169965,7.530877320057137,7.62067985534668,9176800,0.0,0.0,-,6.912508447170257,8.026837692260742,7.945224761962891,7.611493635177612,12367408.0
09/30/2008,7.760605697163575,7.825347312706351,7.516259774319868,7.687510967254639,14852400,0.0,0.0,-,6.9003003263473515,8.039812564849854,7.9834432125091555,7.630916357040405,12418448.0
09/29/2008,7.5893551391299825,7.654096760088836,7.472402764819017,7.560117244720459,16828800,0.0,0.0,-,6.888244688510895,8.049867353439332,8.018476939201355,7.6854246139526365,12320216.0
09/26/2008,7.455700713726989,7.714665777042164,7.434815920444537,7.706312656402588,8317200,0.0,0.0,-,6.877405834197998,8.060844879150391,8.059359264373779,7.725731277465821,12204120.0
09/25/2008,7.397218621993828,7.635300309409391,7.3408317134897585,7.54132080078125,7972800,0.0,0.0,-,6.865908486843109,8.071523656845093,8.093452906608581,7.77042326927185,12302928.0
09/24/2008,7.553852081634166,7.560117914328944,7.355451838661895,7.367981910705566,9479200,0.0,0.0,-,6.85666494846344,8.083210401535034,8.12881600856781,7.858346319198608,12387552.0
09/23/2008,7.482847651096665,7.633214121177531,7.443166957551539,7.5204386711120605,10244000,0.0,0.0,-,6.84826221704483,8.090613298416137,8.173888087272644,7.977178144454956,12411464.0
09/22/2008,7.691689981785238,7.816995494221904,7.426459210343711,7.47658109664917,11743200,0.0,0.0,-,6.838993940353394,8.098592338562012,8.204670095443726,8.059879779815674,12413784.0
09/19/2008,8.12817379480562,8.280629972480426,7.72301843145936,7.819086074829102,15414000,0.0,0.0,-,6.829253125190735,8.1064484500885,8.242645239830017,8.174952173233033,12452976.0
09/18/2008,7.831614901500883,7.87964871062932,7.474493453193978,7.814907073974609,20580400,0.0,0.0,-,6.8176035928726195,8.105871028900147,8.256827998161317,8.232801389694213,12467936.0
09/17/2008,8.186648269703536,8.186648269703536,7.800288123225653,7.814907073974609,21879600,0.0,0.0,-,6.805840721130371,8.105752201080323,8.262260580062867,8.278955888748168,12310288.0
09/16/2008,7.885914067858924,8.305689089763181,7.706309694696218,8.232593536376953,15544000,0.0,0.0,-,6.7940055584907535,8.107800149917603,8.271131086349488,8.335970067977906,12220960.0
09/15/2008,7.921415120167434,8.278536461960984,7.910973129414425,7.963183879852295,13228800,0.0,0.0,-,6.779514057636261,8.097660799026489,8.26536774635315,8.351529264450074,12149344.0
09/12/2008,8.353721704161245,8.353721704161245,8.03210322734952,8.15323257446289,14887200,0.0,0.0,-,6.766710352897644,8.087950954437256,8.276825118064881,8.392987251281738,11947368.0
09/11/2008,8.286891882059635,8.462320067338693,8.228416085857607,8.420551300048828,15062000,0.0,0.0,-,6.752687938213349,8.075690259933472,8.274091935157776,8.416482543945312,11863192.0
09/10/2008,8.428905773070493,8.633571870053743,8.20753184939162,8.556300163269043,14430400,0.0,0.0,-,6.737297949790954,8.05987494468689,8.248721551895141,8.399285697937012,11839160.0
09/09/2008,8.604331820958235,8.67116151770304,8.334924157827277,8.347455024719238,15963200,0.0,0.0,-,6.721590628623963,8.036760959625244,8.220314145088196,8.370598030090331,11795968.0
09/08/2008,8.485291720273773,8.679515783328325,8.466495817504853,8.627305030822754,17385600,0.0,0.0,-,6.706721007823944,8.021449222564698,8.213391327857972,8.349460411071778,11697168.0
09/05/2008,8.203354153312219,8.416374144442823,8.134436366087202,8.397578239440918,12358400,0.0,0.0,-,6.69017333984375,8.000957193374633,8.194246983528137,8.310338306427003,11532832.0
09/04/2008,8.426818550932866,8.497825234984793,8.226329371259137,8.27645206451416,12547600,0.0,0.0,-,6.673989551067352,7.989851665496826,8.17627556324005,8.280854606628418,11548336.0
09/03/2008,8.439347709319323,8.481116479102758,8.261831433581001,8.385048866271973,12528400,0.02375,0.0,-,6.659454288482666,7.978793516159057,8.166131567955016,8.245565271377563,11491240.0
09/02/2008,8.396519706603993,8.634038999951697,8.32151344664291,8.388185501098633,14370400,0.0,0.0,-,6.644159214496613,7.967938575744629,8.154412150382996,8.206292104721069,11466016.0
08/29/2008,8.336093537288306,8.425684212504073,8.304841475222702,8.377763748168945,9891200,0.0,0.0,-,6.629271812438965,7.95552077293396,8.131701946258545,8.179206228256225,11476312.0
08/28/2008,8.302761881652641,8.394436552624445,8.252758238207642,8.388185501098633,8532000,0.0,0.0,-,6.615386486053467,7.946061639785767,8.10607476234436,8.160662984848022,11408784.0
08/27/2008,8.275668583221682,8.352757919634602,8.179826905883889,8.24858283996582,10399200,0.0,0.0,-,6.600261585712433,7.930851974487305,8.082114243507386,8.131701326370239,11380768.0
08/26/2008,8.129829159159653,8.277757687919422,8.067324225367546,8.269423484802246,7662000,0.0,0.0,-,6.584874405860901,7.921017904281616,8.071280217170715,8.098157405853271,11285424.0
08/25/2008,8.15274723958068,8.2590055399787,8.083991260951795,8.136078834533691,10026800,0.0,0.0,-,6.569868321418762,7.913600587844849,8.048465824127197,8.07003026008606,11350728.0
08/22/2008,8.152744372824717,8.265252888157251,7.981897255134665,8.236083984375,13601600,0.0,0.0,-,6.555456676483154,7.906308298110962,8.019609189033508,8.077322244644165,11262432.0
08/21/2008,7.908975441877324,8.121492796084963,7.848553677537349,8.102741241455078,8370000,0.0,0.0,-,6.5409580516815184,7.893682355880737,7.997003364562988,8.078155660629273,11149752.0
08/20/2008,8.023566723489324,8.136076034455881,7.725626636348517,7.923558712005615,12198400,0.0,0.0,-,6.5266614818573,7.8819523048400875,7.987106657028198,8.071696519851685,11151576.0
08/19/2008,8.050655026194644,8.104826546327377,7.888142055382994,7.992317199707031,9062000,0.0,0.0,-,6.513704826831818,7.876465740203858,7.999086833000183,8.086697864532471,11096256.0
08/18/2008,8.250670788785545,8.394432990979105,8.042320508313251,8.117326736450195,8680800,0.0,0.0,-,6.500187544822693,7.868274087905884,8.012942147254943,8.102532196044923,11064784.0
08/15/2008,8.115241948385385,8.2985903808041,8.111074848240293,8.192331314086914,8296400,0.0,0.0,-,6.487501146793366,7.857831573486328,8.01658833026886,8.084197664260865,11127400.0
08/14/2008,7.842298364904016,8.281917243884585,7.815212626847488,8.0985689163208,10985600,0.0,0.0,-,6.474233205318451,7.849546289443969,8.012421441078185,8.051486539840699,11269408.0
08/13/2008,7.95272990234968,8.044404535326878,7.765215124956169,7.913143634796143,11212000,0.0,0.0,-,6.461310169696808,7.837109975814819,8.01950557231903,8.03252716064453,11253992.0
08/12/2008,8.192335263925793,8.22983838852025,7.908978675787002,7.988152027130127,12618400,0.0,0.0,-,6.449025135040284,7.830543375015258,8.030131292343139,8.044403028488158,11385088.0
08/11/2008,8.265252538001318,8.636116456245109,8.171495578328374,8.208998680114746,16877200,0.0,0.0,-,6.436117248535156,7.819982881546021,8.017630028724671,8.026901388168335,11445744.0
08/08/2008,7.85480345525425,8.30692305128574,7.85480345525425,8.244418144226074,13788400,0.0,0.0,-,6.422456200122833,7.80799783706665,8.003149628639221,7.961896133422852,11347280.0
08/07/2008,8.033982734959231,8.150658319947093,7.883970360211621,8.0381498336792,10506000,0.0,0.0,-,6.408328926563263,7.796010971069336,7.984398055076599,7.915851068496704,11344496.0
08/06/2008,8.117325520407663,8.196498837668425,7.975647287327615,8.073572158813477,8850400,0.0,0.0,-,6.396017763614655,7.788689756393433,7.972001314163208,7.902516794204712,11463808.0
08/05/2008,8.01731649905571,8.206915170510666,7.9943978473205455,8.150660514831543,13628400,0.0,0.0,-,6.382641468048096,7.776005258560181,7.958770990371704,7.911475801467896,11618160.0
08/04/2008,7.881893833019356,7.981901901977443,7.781884969267789,7.933981418609619,11093200,0.0,0.0,-,6.369953618049622,7.759908752441406,7.947103190422058,7.9233520984649655,11664104.0
08/01/2008,8.061068972254953,8.061068972254953,7.79021387052875,7.865220069885254,9655600,0.0,0.0,-,6.358865449428558,7.7486030387878415,7.936685419082641,7.948978996276855,11735592.0
07/31/2008,7.971480039018339,8.133993770884015,7.908975124359131,7.908975124359131,12548800,0.0,0.0,-,6.34809011220932,7.733103427886963,7.91730899810791,7.9733563423156735,11919384.0
07/30/2008,7.913142729367135,8.054820968854347,7.842303609623529,8.031902313232422,13816400,0.0,0.0,-,6.337581310272217,7.720053558349609,7.898870134353638,8.00648398399353,11811272.0
07/29/2008,7.521444909387791,7.825636927055748,7.515194655222488,7.813135623931885,11552800,0.0,0.0,-,6.327366535663605,7.705750427246094,7.878764295578003,8.01585955619812,11664672.0
07/28/2008,7.831885221623387,7.908974584615721,7.523526974860994,7.558946132659912,13666000,0.0,0.0,-,6.318090701103211,7.697069406509399,7.858137559890747,8.008358669281005,11634456.0
07/25/2008,7.923561817329548,8.033988019055954,7.752714631405679,7.7839674949646,10569600,0.0,0.0,-,6.308888022899628,7.699373769760132,7.859283661842346,8.044403123855592,11560120.0
07/24/2008,8.113157311552234,8.142327010089382,7.852719535561039,7.904807090759277,13373600,0.0,0.0,-,6.297951028347016,7.693270988464356,7.850220465660096,8.052945041656494,11528600.0
07/23/2008,8.259003148331946,8.363178265328651,7.996482203209197,8.163162231445312,12113200,0.0,0.0,-,6.28683317899704,7.686372375488281,7.847095203399658,8.041485834121705,11531136.0
07/22/2008,8.04857266575058,8.371515486004258,8.046488717574608,8.269423484802246,11728800,0.0,0.0,-,6.274423553943634,7.672145500183105,7.825114321708679,8.006066179275512,11503808.0
07/21/2008,8.09440865681999,8.221502464156538,8.040237929735435,8.190250396728516,9940800,0.0,0.0,-,6.260646245479584,7.652052898406982,7.803758239746093,7.97085428237915,11511088.0
07/18/2008,8.229837089287836,8.25275575012114,8.067324104896528,8.108993530273438,11024000,0.0,0.0,-,6.247564256191254,7.631922912597656,7.782610487937927,7.924391841888427,11673296.0
07/17/2008,8.138160372238318,8.334009304775027,7.975646650335921,8.240251541137695,13257600,0.0,0.0,-,6.2347749543190005,7.6103010082244875,7.772401165962219,7.861261653900146,11714048.0
07/16/2008,7.783963824551439,8.154826936956036,7.723542074051624,8.12565803527832,12204000,0.0,0.0,-,6.220523962974548,7.586386432647705,7.741773700714111,7.791256284713745,11639328.0
07/15/2008,7.692289453738131,7.854803159730575,7.529776542538674,7.738126754760742,10674800,0.0,0.0,-,6.206370952129364,7.56355848312378,7.723334765434265,7.741669034957885,11649128.0
07/14/2008,7.95272667830303,8.011065274217948,7.823549778050231,7.919390678405762,10360000,0.0,0.0,-,6.194155597686768,7.551016311645508,7.731356310844421,7.7079164505004885,11808456.0
07/11/2008,7.692288536819141,7.942308920641848,7.650619135176098,7.869386672973633,13702800,0.0,0.0,-,6.181095881462097,7.535555400848389,7.723959994316101,7.674164199829102,11797672.0
07/10/2008,8.021483899151196,8.173579472513183,7.70895855243102,7.790215015411377,16162000,0.0,0.0,-,6.168244872093201,7.517354135513306,7.710730004310608,7.647495889663697,11740448.0
07/09/2008,7.9589780867413245,7.996481187680806,7.742293680156091,7.808965682983398,12698000,0.0,0.0,-,6.1561201429367065,7.503894910812378,7.697031188011169,7.652704572677612,11572664.0
07/08/2008,7.658950018770922,7.969392045548088,7.62561403154857,7.917304515838623,17413200,0.0,0.0,-,6.144479923248291,7.48922945022583,7.689044427871704,7.6441624641418455,11479600.0
07/07/2008,7.488106090220944,7.794381146258342,7.488106090220944,7.725625991821289,11963200,0.0,0.0,-,6.132225711345672,7.473186798095703,7.67231593132019,7.636662197113037,11322216.0
07/03/2008,7.5693662850579075,7.619369908700728,7.394352012721503,7.477691650390625,3130000,0.0,0.0,-,6.1217456364631655,7.458650465011597,7.665794682502747,7.640829133987427,11245528.0
07/02/2008,7.690210335093823,7.756882374393131,7.500611574312656,7.540197849273682,10678400,0.0,0.0,-,6.112980215549469,7.447285623550415,7.680813455581665,7.683540678024292,11347496.0
07/01/2008,7.350596185372274,7.640202890722143,7.267256566559849,7.629785537719727,13860400,0.0,0.0,-,6.102301766872406,7.432925176620484,7.677641224861145,7.692291116714477,11281944.0
06/30/2008,7.561030696648793,7.613118258689978,7.371432002610604,7.400600910186768,12270800,0.0,0.0,-,6.091640038490295,7.420347127914429,7.6753926277160645,7.705000495910644,11165304.0
06/27/2008,7.5672837125790196,7.729796711147295,7.408937815870623,7.5818681716918945,11023200,0.0,0.0,-,6.0820106554031375,7.411147537231446,7.678368949890137,7.754796171188355,11215664.0
06/26/2008,7.750632108641059,7.892310390659586,7.567283603418248,7.60270357131958,9168800,0.0,0.0,-,6.071216788291931,7.395454950332642,7.679762864112854,7.773755788803101,11196136.0
06/25/2008,7.736043587233789,8.063153356199933,7.650620032181349,7.842301845550537,13133600,0.0,0.0,-,6.060876333713532,7.38050931930542,7.681881427764893,7.77396411895752,11318464.0
06/24/2008,7.813135279075927,7.817302379933287,7.627703662286107,7.723544597625732,9692800,0.0,0.0,-,6.048687365055084,7.356532545089721,7.673370790481568,7.741357803344727,11182776.0
06/23/2008,7.813132943063311,7.904806750136447,7.744376991663723,7.842301845550537,11267200,0.0,0.0,-,6.037453587055206,7.334847803115845,7.659160923957825,7.733926391601562,11156744.0
06/20/2008,7.913140662507393,7.915224609634071,7.696456259324282,7.7672953605651855,14885200,0.0,0.0,-,6.026297206878662,7.308169612884521,7.634337592124939,7.707969665527344,11231080.0
06/19/2008,7.644369314768082,7.917308390132341,7.644369314768082,7.904807090759277,6514800,0.0,0.0,-,6.015237052440643,7.283864307403564,7.61440761089325,7.690760231018066,11333304.0
06/18/2008,7.733960506395414,7.796465417983169,7.563113377152116,7.627702236175537,7131200,0.0,0.0,-,6.0038662314414974,7.249244737625122,7.573679232597351,7.678086233139038,11408424.0
06/17/2008,7.917309109646778,7.967313516890349,7.738127776314194,7.756879329681396,5632000,0.0,0.0,-,5.994385511875152,7.222660903930664,7.555118203163147,7.662991333007812,11358080.0
06/16/2008,7.72979368037958,7.931893669978814,7.600616752545799,7.898557662963867,10927200,0.0,0.0,-,5.983713130950928,7.194781904220581,7.533111524581909,7.645784759521485,11382240.0
06/13/2008,7.6672892204023855,7.775631448312012,7.602701150059079,7.7714643478393555,5612000,0.0,0.0,-,5.972147009372711,7.167227954864502,7.507137870788574,7.601941728591919,11360784.0
06/12/2008,7.598536617439145,7.802719840842195,7.548532189661897,7.6047868728637695,7967600,0.02375,0.0,-,5.96066029548645,7.141218414306641,7.5022728681564335,7.585769939422607,11364144.0
06/11/2008,7.647154880803863,7.684559506912793,7.505848691660353,7.516238689422607,8461200,0.0,0.0,-,5.950202622413635,7.117919015884399,7.4959749460220335,7.5897987365722654,11338512.0
06/10/2008,7.522470494115313,7.736507379831843,7.522470494115313,7.649230480194092,9432400,0.0,0.0,-,5.941382188796997,7.096723041534424,7.4981568336486815,7.605383777618409,11319264.0
06/09/2008,7.580656110135067,7.682479966068647,7.510003032654128,7.58273458480835,7488400,0.0,0.0,-,5.930486042499542,7.068254022598267,7.488286232948303,7.584395456314087,11244456.0
06/06/2008,7.694946380362134,7.7115710041966015,7.545328729380398,7.595201015472412,11811600,0.0,0.0,-,5.920447556972504,7.037831602096557,7.472389173507691,7.560705518722534,11204984.0
06/05/2008,7.526625647696605,7.778067111968993,7.4601287446279665,7.778067111968994,15396800,0.0,0.0,-,5.9106762504577635,7.010276908874512,7.45181667804718,7.538054990768432,11111328.0
06/04/2008,7.572342442384747,7.628449357940134,7.447660936287678,7.476753234863281,10214800,0.0,0.0,-,5.899908230304718,6.979522066116333,7.41430823802948,7.469272232055664,10959472.0
06/03/2008,7.466365884288117,7.62429590075946,7.466365884288117,7.584813594818115,17766800,0.0,0.0,-,5.890873329639435,6.957494897842407,7.392696714401245,7.447245073318482,10983696.0
06/02/2008,7.574418834963396,7.6076672802984575,7.3125866343325026,7.460127353668213,15651200,0.0,0.0,-,5.880505225658417,6.932766275405884,7.362669062614441,7.420438289642334,10945112.0
05/30/2008,7.642994908012472,7.674165678445774,7.5266257228334705,7.60974645614624,11954000,0.0,0.0,-,5.8700912165641785,6.912318496704102,7.345213603973389,7.412334012985229,11058848.0
05/29/2008,7.688713297148839,7.703259448078334,7.534938682415322,7.645074844360352,13649200,0.0,0.0,-,5.86003093957901,6.875952987670899,7.322043538093567,7.418775796890259,11000616.0
05/28/2008,7.4497398744595005,7.699103721420474,7.437272197370233,7.672089099884033,16471600,0.0,0.0,-,5.8507825756073,6.840626440048218,7.287755966186523,7.402151155471802,10910656.0
05/27/2008,7.333368085575313,7.45597188770695,7.271027343901125,7.439347267150879,16568000,0.0,0.0,-,5.841615388393402,6.801310091018677,7.260014200210572,7.390929889678955,10771952.0
05/23/2008,7.3354452181751135,7.4019421100150256,7.239856035243424,7.345835208892822,15925600,0.0,0.0,-,5.83367369890213,6.769516229629517,7.2418314695358275,7.39217700958252,10682472.0
05/22/2008,7.43311496482254,7.495455719362456,7.295964987752446,7.368695735931396,14667600,0.0,0.0,-,5.827857456207275,6.742709732055664,7.230298304557801,7.3840728282928465,10524424.0
05/21/2008,7.387397936379758,7.522470229881122,7.065303381921532,7.090239524841309,18845200,0.0,0.0,-,5.821031029224396,6.7134926319122314,7.211803984642029,7.365578365325928,10435120.0
05/20/2008,7.264793959193268,7.325057029972903,7.129722461214335,7.256481647491455,7143200,0.0,0.0,-,5.814309709072113,6.690509605407715,7.20276448726654,7.359344244003296,10330424.0
05/19/2008,7.366618842649329,7.453895749804301,7.295965768554729,7.316745758056641,6486400,0.0,0.0,-,5.806427659988404,6.658674182891846,7.181049180030823,7.338148355484009,10355912.0
05/16/2008,7.570263769819885,7.5785760805264335,7.325056152915762,7.379084587097168,10042000,0.0,0.0,-,5.799984555244446,6.627628402709961,7.165256047248841,7.304899835586548,10441456.0
05/15/2008,7.451815164786687,7.676241976254967,7.377005963395434,7.674164295196533,9949200,0.0,0.0,-,5.79301351070404,6.599699678421021,7.143332886695862,7.2780931949615475,10549184.0
05/14/2008,7.5640276069523695,7.599353727532873,7.474672276100663,7.478828430175781,8993600,0.0,0.0,-,5.784433195590973,6.566783685684204,7.099486613273621,7.225311279296875,10533968.0
05/13/2008,7.4455849039327235,7.568187962885587,7.410257967333163,7.559876441955566,13500400,0.0,0.0,-,5.777694542407989,6.536776990890503,7.0683162927627565,7.173360776901245,10536736.0
05/12/2008,7.273107693178351,7.468442300135328,7.202454615307814,7.451818466186523,10746800,0.0,0.0,-,5.770015194416046,6.502863473892212,7.022495627403259,7.129098510742187,10460912.0
05/09/2008,7.135955745428718,7.335446454572838,7.12140959743106,7.264793395996094,12092800,0.0,0.0,-,5.762855532169342,6.469573383331299,6.981870079040528,7.091485929489136,10368840.0
05/08/2008,7.1775172686613145,7.362461849407634,7.165048800753833,7.183751106262207,18051200,0.0,0.0,-,5.757269444465638,6.442101831436157,6.944050025939942,7.076523780822754,10260352.0
05/07/2008,7.06322523842143,7.204530567530273,7.005039851805936,7.02789831161499,13061600,0.0,0.0,-,5.752593138217926,6.4196590805053715,6.912463974952698,7.05802960395813,10041368.0
05/06/2008,6.994649688232244,7.069458902978944,6.8720458735541765,7.044522762298584,9521600,0.0,0.0,-,5.7494374990463255,6.4014971065521244,6.869760489463806,7.046184730529785,9886336.0
05/05/2008,7.108942070602823,7.15881515083457,6.923997485007838,6.984260559082031,12694000,0.0,0.0,-,5.74612666606903,6.3809661960601805,6.832459878921509,7.023950004577637,9809504.0
05/02/2008,7.200373525055189,7.25647963169236,6.955165946908359,7.111018180847168,18641200,0.0,0.0,-,5.743230414390564,6.358980617523193,6.801393318176269,7.025612258911133,9646536.0
05/01/2008,6.942698290956383,7.2481689586992895,6.896981376680425,7.146345138549805,9820800,0.0,0.0,-,5.739350271224976,6.333046817779541,6.771885418891907,7.008572578430176,9401888.0
04/30/2008,7.142189490907027,7.185828727046776,6.932308791981657,6.959323406219482,10841600,0.0,0.0,-,5.7354582405090335,6.307777976989746,6.738117527961731,6.973661947250366,9395080.0
04/29/2008,7.050756874154674,7.1629707006492005,7.000883798144112,7.11725378036499,7772800,0.0,0.0,-,5.733057386875153,6.281574039459229,6.712142205238342,6.963271808624268,9286304.0
04/28/2008,7.127643408517953,7.127643408517953,6.948932684959958,7.075692653656006,8044800,0.0,0.0,-,5.730278782844543,6.253205423355102,6.679101514816284,6.915892744064331,9369032.0
04/25/2008,7.000879675918768,7.165044163271639,6.957241255545529,7.115171909332275,9544000,0.0,0.0,-,5.727677085399628,6.225668029785156,6.636605858802795,6.872254228591919,9345496.0
04/24/2008,6.91776624541871,7.04868164387304,6.878283144200342,6.998809337615967,8128800,0.0,0.0,-,5.723086240291596,6.199701795578003,6.583927941322327,6.811576271057129,9276512.0
04/23/2008,6.853342673609001,6.940620343634794,6.784768097529572,6.909449577331543,8228400,0.0,0.0,-,5.7192213821411135,6.176518402099609,6.544860792160034,6.766898345947266,9252608.0
04/22/2008,6.967637024737763,7.00504164258646,6.805550875863971,6.8221755027771,7400800,0.0,0.0,-,5.716524121761322,6.154003915786743,6.51140456199646,6.693336248397827,9263000.0
04/21/2008,6.971790807929292,7.023741560287492,6.930230047501618,7.000883102416992,8028400,0.0,0.0,-,5.714469199180603,6.131578330993652,6.489065527915955,6.640969753265381,9304472.0
04/18/2008,7.0154297994230665,7.034132103445842,6.886592145435964,6.940621376037598,14788800,0.0,0.0,-,5.711325078010559,6.107318058013916,6.456440496444702,6.577174377441406,9467944.0
04/17/2008,6.847111916724814,6.88867269291809,6.763990364338263,6.797238826751709,10046800,0.0,0.0,-,5.70835869550705,6.0807012271881105,6.431296348571777,6.5351982593536375,9340640.0
04/16/2008,6.676711294847195,6.872045849451892,6.6683989837476885,6.855422019958496,15285200,0.0,0.0,-,5.706047449111939,6.05873291015625,6.381007957458496,6.502573108673095,9363248.0
04/15/2008,6.747365052504972,6.747365052504972,6.591512374072376,6.643463134765625,6349200,0.0,0.0,-,5.703486454486847,6.038251581192017,6.332174229621887,6.461012601852417,9224416.0
04/14/2008,6.481377135917367,6.682945948478508,6.481377135917367,6.639307498931885,8391200,0.0,0.0,-,5.702067646980286,6.0291743659973145,6.285314655303955,6.4423102855682375,9286248.0
04/11/2008,6.597747720864518,6.618528107917352,6.491768103612691,6.508392333984375,14984000,0.0,0.0,-,5.700762293338776,6.017115478515625,6.245831990242005,6.400957489013672,9335392.0
04/10/2008,6.591512379301473,6.699570453106687,6.340070887596046,6.552030086517334,19996400,0.0,0.0,-,5.699905574321747,6.0038232421875,6.220687890052796,6.356279611587524,9224568.0
04/09/2008,6.294354754783248,6.3234470557824425,6.042912850987908,6.173828601837158,10270800,0.0,0.0,-,5.699036607742309,5.991853303909302,6.188478422164917,6.322823238372803,9001936.0
04/08/2008,6.3047447858543855,6.3525393938758254,6.234091714712744,6.298510551452637,4614000,0.0,0.0,-,5.700408771038055,5.984921007156372,6.176841402053833,6.329472875595092,8952152.0
04/07/2008,6.545795847424323,6.572810068589868,6.319290499090935,6.362929344177246,6840000,0.0,0.0,-,5.70121931552887,5.968454370498657,6.145151400566101,6.337161302566528,9077072.0
04/04/2008,6.475143662215914,6.576967119468162,6.365007891872264,6.520860195159912,9854400,0.0,0.0,-,5.701728351116181,5.957284526824951,6.115227770805359,6.335706615447998,9225728.0
04/03/2008,6.402412324322012,6.491767705725471,6.354617714476918,6.470987319946289,5780000,0.0,0.0,-,5.7013241577148435,5.940553874969482,6.088317179679871,6.327394437789917,9354120.0
04/02/2008,6.441895029968885,6.59566925086386,6.39410042003252,6.439816951751709,6686000,0.0,0.0,-,5.701334085464477,5.921010437011719,6.066186046600341,6.2594428062438965,9490224.0
04/01/2008,6.319290006099882,6.46267420540776,6.281885397901929,6.456439971923828,7498800,0.0,0.0,-,5.701242437362671,5.895878019332886,6.043119883537292,6.203335857391357,9593352.0
03/31/2008,6.044991091807031,6.234091846097078,6.034601097271357,6.225779533386231,5692000,0.0,0.0,-,5.700974993705749,5.87062026977539,6.013507914543152,6.128319025039673,9663584.0
03/28/2008,6.200841586354937,6.200841586354937,5.988882430045967,6.0616135597229,5514800,0.0,0.0,-,5.701968972682953,5.84860894203186,5.991584634780883,6.090706491470337,9751248.0
03/27/2008,6.265260953692592,6.325524019549213,6.194607895410322,6.217466354370117,7128800,0.0,0.0,-,5.703167424201966,5.826567687988281,5.983064746856689,6.085096168518066,9781624.0
03/26/2008,6.335914175167071,6.412801468696776,6.217466514511505,6.240324974060059,7804000,0.0,0.0,-,5.704079685211181,5.803977155685425,5.975272107124328,6.054133605957031,9811064.0
03/25/2008,6.352536368931506,6.412799417060447,6.300585629380084,6.375394821166992,11426000,0.0,0.0,-,5.705083129405975,5.78005973815918,5.969245839118957,6.024209928512573,9923240.0
03/24/2008,6.402411308907756,6.452283989056315,6.271495573061894,6.348382472991943,15837600,0.0,0.0,-,5.705174942016601,5.754310636520386,5.951374959945679,5.953141498565674,10056344.0
03/20/2008,5.781080809767512,6.462674959070052,5.776924653626876,6.437738418579102,21338000,0.0,0.0,-,5.705668902397155,5.718830652236939,5.928204917907715,5.89474892616272,9924544.0
03/19/2008,5.8745921427266845,5.976415586615526,5.720817937893361,5.791471004486084,9042400,0.0,0.0,-,5.7064351868629455,5.679037179946899,5.897034406661987,5.849239921569824,9680000.0
03/18/2008,5.731207117009268,5.9140735951492,5.731207117009268,5.878747463226318,9151200,0.0,0.0,-,5.710956707000732,5.657263221740723,5.901606011390686,5.872929286956787,9720952.0
03/17/2008,5.714583960781132,5.818485487340789,5.575355899337078,5.706271648406982,9536400,0.0,0.0,-,5.715308928489685,5.635524578094483,5.89012496471405,5.882903909683227,9744968.0
03/14/2008,6.042911045392651,6.042911045392651,5.720816563461523,5.849654197692871,12094000,0.0,0.0,-,5.720513269901276,5.621915483474732,5.889752531051636,5.898696804046631,9637288.0
03/13/2008,5.839267986057088,6.053304954597213,5.7312102641875615,6.005510330200195,8023200,0.0,0.0,-,5.724795236587524,5.608503513336181,5.882210969924927,5.8924627780914305,9513872.0
03/12/2008,5.941089184791774,6.053302624811585,5.853811888619538,5.907840728759766,10202400,0.0,0.0,-,5.727866473197937,5.59429368019104,5.872778463363647,5.881033325195313,9421464.0
03/11/2008,5.6896463466716,5.947322432720016,5.675100199113807,5.941088199615479,13610400,0.0,0.0,-,5.731467142105102,5.581084690093994,5.869368410110473,5.896410608291626,9262472.0
03/10/2008,5.747831652612844,5.837187016978611,5.62522783588114,5.664710521697998,8417600,0.0,0.0,-,5.735425498485565,5.566796588897705,5.861500263214111,5.914281749725342,9046064.0
03/07/2008,5.897450578502078,6.047069033087091,5.756144832792611,5.764456748962402,10763600,0.0,0.0,-,5.741967644691467,5.559071474075317,5.863309550285339,5.949608421325683,8940384.0
03/06/2008,6.163436755023577,6.207075589758624,5.95355568404253,5.9826483726501465,15428400,0.0,0.0,-,5.74817542552948,5.5515878391265865,5.864480185508728,5.96166090965271,8769128.0
03/05/2008,6.005506203112382,6.12603191887703,5.930697397834396,6.028364658355713,9188400,0.0,0.0,-,5.753662071228027,5.539119148254395,5.845836758613586,5.944828891754151,8914728.0
03/04/2008,5.793548711207982,5.986805606174332,5.785236795524374,5.978493690490723,9132000,0.0,0.0,-,5.758981778621673,5.524617919921875,5.829359674453736,5.930282735824585,8854400.0
03/03/2008,5.797703694610083,5.870434824807456,5.662631822159404,5.864200592041016,9709200,0.0,0.0,-,5.763903660774231,5.507262439727783,5.8220027685165405,5.897346019744873,8888816.0
02/29/2008,5.818484310533886,5.963946576838349,5.762377402414782,5.787313938140869,6143200,0.0,0.0,-,5.769078543186188,5.493062543869018,5.8382728576660154,5.880808258056641,8850232.0
02/28/2008,6.017975376177682,6.061614217258688,5.8579673491548245,5.891215801239014,6668400,0.0,0.0,-,5.774062576293946,5.481477212905884,5.850725317001343,5.871959161758423,8868312.0
02/27/2008,6.06784779244473,6.194607353633107,6.017974723375632,6.0616135597229,7102000,0.0,0.0,-,5.778681197166443,5.467234010696411,5.848353552818298,5.864523601531983,8829880.0
02/26/2008,6.005507705496576,6.182140366672059,5.936932718964075,6.119799613952637,5310000,0.0,0.0,-,5.7829922938346865,5.451529407501221,5.842949533462525,5.842326211929321,8853064.0
02/25/2008,5.891217623552559,6.057459935396766,5.8267987772570455,6.017977237701416,5680000,0.0,0.0,-,5.786704268455505,5.43698034286499,5.828320240974426,5.8087187767028805,8869328.0
02/22/2008,5.841343187026993,5.90576201410086,5.729129362750433,5.884981632232666,4545600,0.0,0.0,-,5.791397914886475,5.424757661819458,5.8011803150177,5.777010679244995,8907744.0
02/21/2008,5.907839707815215,5.993038911217914,5.793547813147426,5.814328193664551,6408800,0.0,0.0,-,5.796129887104034,5.420910291671753,5.797153091430664,5.767299461364746,8889552.0
02/20/2008,5.596135119804504,5.924463859579547,5.596135119804504,5.882903099060059,9480400,0.02375,0.0,-,5.8014822101593015,5.418372440338135,5.79065306186676,5.746844625473022,8858768.0
02/19/2008,5.754737077736462,5.754737077736462,5.611852172152284,5.649126529693604,5402800,0.0,0.0,-,5.806214306354523,5.414050045013428,5.771198678016662,5.728436613082886,8833944.0
02/15/2008,5.572504463701268,5.744380283320364,5.547655166512159,5.698822975158691,11909200,0.0,0.0,-,5.812382385730744,5.411635875701904,5.747902154922485,5.746659517288208,8809384.0
02/14/2008,5.837566135210669,5.837566135210669,5.638769782835504,5.698822975158691,6868000,0.0,0.0,-,5.818373885154724,5.4074430084228515,5.722638630867005,5.795737457275391,8694704.0
02/13/2008,5.899691877436506,5.947320043180522,5.729886837846469,5.816860198974609,6094800,0.0,0.0,-,5.824211280345917,5.402713203430176,5.693958139419555,5.829491472244262,8656736.0
02/12/2008,5.825143772862552,5.930754321958229,5.798223622688034,5.839639663696289,6933600,0.0,0.0,-,5.829181137084961,5.395333490371704,5.651092672348023,5.832183504104615,8684032.0
02/11/2008,5.717459944879612,5.820999601136193,5.665690116751321,5.783725261688232,8748000,0.0,0.0,-,5.834612367153167,5.385226564407349,5.613507676124573,5.8435728549957275,8651936.0
02/08/2008,5.802365125978545,5.806506808945556,5.661551064881216,5.700896263122559,9474400,0.0,0.0,-,5.840436170101166,5.377600917816162,5.5765441179275514,5.847921705245971,8681456.0
02/07/2008,5.752665939233239,5.90176296672888,5.696754405807643,5.787869453430176,16202000,0.0,0.0,-,5.846951477527618,5.370557985305786,5.545896291732788,5.825349950790406,8590680.0
02/06/2008,5.740239656381482,5.854133540162056,5.599426024845685,5.6097798347473145,8423600,0.0,0.0,-,5.85305246591568,5.361651668548584,5.485221982002258,5.827006721496582,8383952.0
02/05/2008,5.77544210229298,5.88105260277784,5.688468772186181,5.698822975158691,11177200,0.0,0.0,-,5.86043426990509,5.35775279045105,5.42713623046875,5.834461498260498,8261464.0
02/04/2008,6.181319850295559,6.181319850295559,5.746453053722074,5.831355571746826,8343600,0.0,0.0,-,5.867535226345062,5.351246948242188,5.377333736419677,5.81396074295044,8166440.0
02/01/2008,6.02186819234242,6.191673216171428,5.930753157005186,6.189602375030518,9440800,0.0,0.0,-,5.873850247859955,5.34097526550293,5.325356721878052,5.749144792556763,8205968.0
01/31/2008,5.756805916343933,6.127478151724126,5.694682267775393,6.036363124847412,10848400,0.0,0.0,-,5.878230211734771,5.320399627685547,5.267167448997498,5.649539804458618,8125112.0
01/30/2008,5.930753881254516,6.01565640353711,5.81893121079779,5.843780517578125,9442800,0.0,0.0,-,5.883859186172486,5.307060356140137,5.224302077293396,5.558424806594848,8082440.0
01/29/2008,5.829285444793261,5.961816538782264,5.6222060300938725,5.953533172607422,8864800,0.0,0.0,-,5.890338077545166,5.2967054271698,5.196863985061645,5.470001840591431,8004528.0
01/28/2008,5.464824840647023,5.827213764190674,5.419267518163093,5.827213764190674,7781600,0.0,0.0,-,5.895076570510864,5.285848865509033,5.161556887626648,5.383442497253418,7928008.0
01/25/2008,5.84792143101487,5.84792143101487,5.423408875450645,5.475178718566895,10860000,0.0,0.0,-,5.900857572555542,5.281318559646606,5.131530356407166,5.305166530609131,7965600.0
01/24/2008,5.690543225325444,5.856207023302341,5.57043715940423,5.804437160491943,14272800,0.0,0.0,-,5.908203570842743,5.279079093933105,5.121694159507752,5.2664426326751705,7958816.0
01/23/2008,5.361283572532344,5.746451241604018,5.313655422800729,5.684327602386475,16274000,0.0,0.0,-,5.914437446594238,5.266413288116455,5.100986051559448,5.143437242507934,7855496.0
01/22/2008,5.106576855003962,5.51659388249245,5.025816033066918,5.4938154220581055,12585200,0.0,0.0,-,5.9213232421875,5.2580908679962155,5.0847303628921505,5.019810962677002,7719384.0
01/18/2008,5.208045367643214,5.421337231902373,5.168700182106136,5.183196067810059,11842400,0.0,0.0,-,5.929223241806031,5.2532895565032955,5.075204753875733,4.940706729888916,7646688.0
01/17/2008,5.135570106932368,5.3198710826017095,5.116932925179595,5.193552494049072,11010400,0.0,0.0,-,5.93869686126709,5.256352815628052,5.071580934524536,4.901568651199341,7532168.0
01/16/2008,4.93055847572098,5.2183989977661485,4.90985046482261,5.125213146209717,10075200,0.0,0.0,-,5.948149523735046,5.257350311279297,5.069613599777222,4.884795093536377,7406256.0
01/15/2008,5.034099158976807,5.061019697110996,4.913993145308408,4.959550857543945,7033600,0.0,0.0,-,5.957779519557953,5.261490602493286,5.073755311965942,4.8901793479919435,7344968.0
01/14/2008,5.069302565496075,5.14799294235512,5.050665391764856,5.087939739227295,8600800,0.0,0.0,-,5.968320016860962,5.268076801300049,5.084730553627014,4.92372612953186,7351024.0
01/11/2008,5.056878750631724,5.079657610062742,4.91192301875313,5.044454097747803,13412800,0.0,0.0,-,5.977982294559479,5.277918949127197,5.094152736663818,4.939671277999878,7336664.0
01/10/2008,4.6178695039576985,5.210116591477498,4.6178695039576985,5.087939739227295,18081200,0.0,0.0,-,5.988170182704925,5.287804727554321,5.111547350883484,4.9578941822052,7159360.0
01/09/2008,4.452206400419565,4.58473706920363,4.396294876411583,4.57438325881958,9247600,0.0,0.0,-,5.99837692975998,5.296325168609619,5.127492523193359,4.976945686340332,6884224.0
01/08/2008,4.727622034536989,4.737975845120756,4.448064804077148,4.448064804077148,9110800,0.0,0.0,-,6.011079542636871,5.313960237503052,5.183404016494751,5.058534860610962,6786144.0
01/07/2008,4.783534330643612,4.843587152659506,4.638578589271259,4.702773094177246,11090000,0.0,0.0,-,6.0242699217796325,5.333130435943604,5.245372557640076,5.1496497631073,6750432.0
01/04/2008,4.976116142084248,4.988540790542882,4.744187132679162,4.791815280914307,10352000,0.0,0.0,-,6.03606348991394,5.348610754013062,5.2935730695724486,5.209702777862549,6696312.0
01/03/2008,5.176984778147931,5.179055619455901,5.011321423236234,5.025816917419434,4152400,0.0,0.0,-,6.0463640189170835,5.361153717041016,5.330403208732605,5.241593217849731,6646840.0
01/02/2008,5.274312022408025,5.326081870902314,5.170772325419446,5.179055690765381,5923200,0.0,0.0,-,6.055473999977112,5.372155723571777,5.353571343421936,5.254432106018067,6694760.0
12/31/2007,5.247390519425529,5.36128399870193,5.226682506382775,5.295018672943115,3402800,0.0,0.0,-,6.0629548788070675,5.376540870666504,5.367735195159912,5.257331275939942,6740840.0
12/28/2007,5.257745034332637,5.2908777016602295,5.185267571411372,5.247391223907471,2252800,0.0,0.0,-,6.068962206840515,5.382902307510376,5.375377988815307,5.245734977722168,6775080.0
12/27/2007,5.20804596530117,5.292948473590493,5.195621313958781,5.226683139801025,2790000,0.0,0.0,-,6.0751254892349245,5.392281436920166,5.37972309589386,5.248634195327758,6883112.0
12/26/2007,5.353003503991099,5.353003503991099,5.203906057166127,5.278454780578613,3133600,0.0,0.0,-,6.081310129165649,5.401950826644898,5.388511085510254,5.265200519561768,6965952.0
12/24/2007,5.313655477067449,5.417195140135751,5.313655477067449,5.390275001525879,2200800,0.0,0.0,-,6.087585198879242,5.412526025772094,5.392025828361511,5.278039360046387,7076224.0
12/21/2007,5.36956803434482,5.4565413840381565,5.234966525169373,5.359213829040527,22708400,0.0,0.0,-,6.094369523525238,5.424499473571777,5.389639759063721,5.30827317237854,7179216.0
12/20/2007,5.154205829906135,5.303303241729736,5.1231440007670805,5.303303241729736,6172000,0.0,0.0,-,6.100929057598114,5.436474571228027,5.392420864105224,5.341095352172852,7002816.0
12/19/2007,5.137639829132979,5.210117698490414,5.056878989119827,5.110719680786133,10852800,0.0,0.0,-,6.1073880600929265,5.4447767162323,5.395932245254516,5.3774433612823485,6993456.0
12/18/2007,5.247391680935621,5.268099698562095,5.065161599789755,5.154205799102783,7780000,0.0,0.0,-,6.114625070095062,5.45449369430542,5.406284832954407,5.419213199615479,6887576.0
12/17/2007,5.135569513210573,5.255675562302626,5.1003659956332825,5.208047389984131,7047200,0.0,0.0,-,6.121531648635864,5.4650343227386475,5.406615567207337,5.452710580825806,6863272.0
12/14/2007,5.251533557651905,5.255674845352273,5.152135148363695,5.179055690765381,4746800,0.0,0.0,-,6.128117661476136,5.474498119354248,5.414683175086975,5.478139114379883,6876848.0
12/13/2007,5.392348156755917,5.464825636035454,5.251534091345435,5.276383399963379,8261200,0.0,0.0,-,6.135423903465271,5.481196241378784,5.42203209400177,5.505020999908448,6863672.0
12/12/2007,5.520735356017325,5.599425729013399,5.305373040655853,5.392346382141113,6123200,0.0,0.0,-,6.142561955451965,5.487145624160767,5.4287481784820555,5.510811996459961,6831224.0
12/11/2007,5.688470896938632,5.71953312248604,5.388206008085402,5.406843185424805,7600800,0.0,0.0,-,6.1492640209198,5.490321359634399,5.439165782928467,5.511821651458741,6808360.0
12/10/2007,5.736100007794891,5.742312137521215,5.6553387665988994,5.692613124847412,3636000,0.01875,0.0,-,6.156047682762146,5.489985561370849,5.436983895301819,5.506012296676635,6783400.0
12/07/2007,5.67710961824548,5.757650516918356,5.644067178077277,5.687435626983643,4869600,0.0,0.0,-,6.16239896774292,5.48203441619873,5.410910582542419,5.4710063457489015,6843664.0
12/06/2007,5.575916436166415,5.672978543437536,5.4623331107662345,5.666783332824707,8239200,0.0,0.0,-,6.169012417793274,5.474186820983887,5.389949131011963,5.4437463760375975,6820752.0
12/05/2007,5.575916517695878,5.5986333406668365,5.480919610538986,5.528418064117432,4174800,0.0,0.0,-,6.175852375030518,5.467000102996826,5.369297456741333,5.414421129226684,6719800.0
12/04/2007,5.412768735785483,5.524287246848444,5.377661494039981,5.489179611206055,6175200,0.0,0.0,-,6.18359988451004,5.462415437698365,5.359694504737854,5.393356466293335,6783672.0
12/03/2007,5.394182656311823,5.544938810344258,5.39211745495423,5.462332725524902,4969600,0.0,0.0,-,6.191528172492981,5.459937229156494,5.347406888008118,5.360520553588867,6767008.0
11/30/2007,5.381789699665978,5.53461100540559,5.332226064877192,5.447874546051025,7459600,0.0,0.0,-,6.199898221492767,5.460309009552002,5.340901637077332,5.351227235794068,6921680.0
11/29/2007,5.352879785078193,5.398313036379122,5.253752476477853,5.334293365478516,5328800,0.0,0.0,-,6.208320062160492,5.46068076133728,5.332950949668884,5.339043188095093,6906840.0
11/28/2007,5.418964148677743,5.497440222707371,5.377661304254088,5.402442932128906,10224000,0.0,0.0,-,6.217145812511444,5.466587114334106,5.3452386379241945,5.346684360504151,6902840.0
11/27/2007,5.381792075382403,5.464398169829012,5.288860366841317,5.34874963760376,4935600,0.0,0.0,-,6.224370014667511,5.473030405044556,5.352053642272949,5.366509914398193,6847624.0
11/26/2007,5.482983757859965,5.534612608287636,5.342553615570068,5.342553615570068,5865600,0.0,0.0,-,6.231247644424439,5.474145574569702,5.360314249992371,5.367955493927002,6895128.0
11/23/2007,5.433422355221064,5.476790812337812,5.371467866650889,5.4148359298706055,2299200,0.0,0.0,-,6.238115246295929,5.477243299484253,5.365993404388428,5.3508148193359375,6868704.0
11/21/2007,5.249621544502374,5.452006544309044,5.18973188873886,5.373530864715576,6426000,0.0,0.0,-,6.244754705429077,5.478441066741944,5.365580344200135,5.336151885986328,6927840.0
11/20/2007,5.359074671447797,5.569720075522286,5.224839349238677,5.317771434783936,10320000,0.0,0.0,-,6.251098418235779,5.4794323444366455,5.370743250846862,5.324173784255981,6913152.0
11/19/2007,5.303316239377924,5.307446642461748,5.138103661097269,5.160820484161377,5398000,0.0,0.0,-,6.257515912055969,5.48376916885376,5.375802850723266,5.326032543182373,6832424.0
11/16/2007,5.369399547576904,5.4292891931395735,5.193861406665222,5.369399547576904,8714800,0.0,0.0,-,6.2645234107971195,5.488642921447754,5.396557688713074,5.334293222427368,6836016.0
11/15/2007,5.379727743711398,5.452008235751625,5.282665616278346,5.326034069061279,5547200,0.0,0.0,-,6.271092784404755,5.490790710449219,5.398003363609314,5.330576038360595,6784176.0
11/14/2007,5.615155343167493,5.617220544989332,5.390053465247673,5.410705089569092,5038800,0.0,0.0,-,6.277981493473053,5.496490545272827,5.412356185913086,5.326858711242676,6801360.0
11/13/2007,5.398313056228346,5.734933417862983,5.363205418399525,5.600698471069336,9661200,0.0,0.0,-,6.2841290807723995,5.499381732940674,5.42763831615448,5.343792915344238,6908456.0
11/12/2007,5.17527642809354,5.542874025535884,5.158755209888094,5.363205432891846,10520800,0.0,0.0,-,6.289234445095063,5.49998062133789,5.433111023902893,5.337597370147705,6993376.0
11/09/2007,5.183537685919211,5.27853460040582,5.074084359583078,5.171146869659424,9106800,0.0,0.0,-,6.29518901348114,5.507347679138183,5.455311489105225,5.352673006057739,6918920.0
11/08/2007,5.2372293728266985,5.379724679925994,5.080277660434772,5.268206596374512,9468400,0.0,0.0,-,6.3021346282958985,5.5163728046417235,5.496201515197754,5.381171989440918,6883088.0
11/07/2007,5.245489045547472,5.34048629750724,5.18353460714954,5.253749847412109,8950400,0.0,0.0,-,6.308441171646118,5.522715339660644,5.53068962097168,5.39500880241394,6891152.0
11/06/2007,5.266143742634305,5.344619436856945,5.220710487441928,5.336359024047852,6116400,0.0,0.0,-,6.315158269405365,5.5271227741241455,5.553922653198242,5.417312717437744,6865600.0
11/05/2007,5.24136207479361,5.282665323354039,5.189733211041558,5.243427276611328,4714800,0.0,0.0,-,6.321236805915833,5.530660638809204,5.566933131217956,5.42557315826416,6913520.0
11/02/2007,5.352879326238256,5.379726155638241,5.185601958076807,5.33222770690918,7010800,0.0,0.0,-,6.327892765998841,5.540835132598877,5.588823628425598,5.45882215499878,7008728.0
11/01/2007,5.530483890016209,5.538744303185628,5.280599990815701,5.28886079788208,7336400,0.0,0.0,-,6.334391739368439,5.5435906028747555,5.606274104118347,5.465430688858033,7022256.0
10/31/2007,5.575916727362518,5.658522822321836,5.511897053006163,5.580047130584717,7882800,0.0,0.0,-,6.3417635846138,5.549314136505127,5.6175291538238525,5.4978536605834964,7062872.0
10/30/2007,5.472658153481686,5.549069025543035,5.439615720670528,5.538743019104004,4547600,0.0,0.0,-,6.347792243957519,5.550531988143921,5.617219424247741,5.511483716964722,7091032.0
10/29/2007,5.472658551029433,5.575916259539421,5.470593349591605,5.513961791992188,4324400,0.0,0.0,-,6.354304187297821,5.552246389389038,5.617838931083679,5.528624677658081,7350328.0
10/26/2007,5.501569948187275,5.501569948187275,5.369400222601013,5.456136703491211,4343600,0.0,0.0,-,6.360858037471771,5.555362615585327,5.611643505096436,5.55794997215271,7520608.0
10/25/2007,5.480920416655558,5.608959779385336,5.338424641065473,5.406574726104736,7325200,0.0,0.0,-,6.36652220249176,5.5564637374877925,5.603589463233948,5.61123104095459,7738736.0
10/24/2007,5.383856901690115,5.48711461102486,5.330162845568419,5.4767889976501465,8384000,0.0,0.0,-,6.37241367816925,5.5558787536621095,5.598013520240784,5.666370439529419,7838312.0
10/23/2007,5.513960710332209,5.571784763660587,5.336357360488028,5.418963432312012,7878400,0.0,0.0,-,6.377810578346253,5.5582967948913575,5.58954644203186,5.690532588958741,7889048.0
10/22/2007,5.390053414604996,5.691565787615117,5.37972740559282,5.57591724395752,6548400,0.0,0.0,-,6.383096837997437,5.565825567245484,5.583557510375977,5.708293104171753,7901728.0
10/19/2007,5.615154476565416,5.617219678068527,5.396247843998598,5.398313045501709,8227200,0.0,0.0,-,6.387413825988769,5.571080255508423,5.573025107383728,5.718825101852417,7922392.0
10/18/2007,5.706022239926222,5.720478653641787,5.544940426065617,5.613090515136719,5114800,0.0,0.0,-,6.392413823604584,5.580134181976319,5.577155542373657,5.747117519378662,8025872.0
10/17/2007,5.778302171571283,5.801018997020444,5.611024768083078,5.716347694396973,7654400,0.0,0.0,-,6.395601897239685,5.591524105072022,5.569824123382569,5.737204647064209,8108632.0
10/16/2007,5.838192389840035,5.856778813519373,5.693631404311186,5.710152626037598,6932000,0.0,0.0,-,6.3970538854599,5.5972653579711915,5.565487289428711,5.722955131530762,8172760.0
10/15/2007,5.947644914715955,5.9786225479182935,5.745259864430767,5.807214736938477,8647200,0.0,0.0,-,6.399039130210877,5.597981815338135,5.566210031509399,5.707053184509277,8347744.0
10/12/2007,6.009599013018738,6.092205105156734,5.941448937767777,5.98894739151001,7350400,0.0,0.0,-,6.400477557182312,5.5954389572143555,5.54607470035553,5.665337038040161,8432064.0
10/11/2007,5.80514737997075,6.079812815930231,5.80514737997075,5.957968711853027,13888400,0.0,0.0,-,6.40054605960846,5.596222505569458,5.5214993238449095,5.595947885513306,8416184.0
10/10/2007,5.580045183457007,5.734931705170232,5.580045183457007,5.718410491943359,5704000,0.0,0.0,-,6.401148710250855,5.596760644912719,5.497337102890015,5.529656600952149,8371480.0
10/09/2007,5.675044279472568,5.714282323936256,5.549070127084328,5.596568584442139,5558800,0.0,0.0,-,6.403143911361695,5.601554460525513,5.482571315765381,5.48856029510498,8412496.0
10/08/2007,5.703954034891264,5.703954034891264,5.6337387856772745,5.68123722076416,6564800,0.0,0.0,-,6.405881576538086,5.612245044708252,5.479473519325256,5.4588219165802006,8462656.0
10/05/2007,5.52635071112685,5.776234090937931,5.4995034955408615,5.68123722076416,7726000,0.0,0.0,-,6.408247156143188,5.619100437164307,5.465637063980102,5.427225112915039,8584720.0
10/04/2007,5.571785856663767,5.627545113794416,5.491244970072982,5.513961791992188,4088000,0.0,0.0,-,6.410694744586944,5.625873413085937,5.455414652824402,5.407193565368653,8722424.0
10/03/2007,5.5387448930852,5.718413526944795,5.5387448930852,5.5738525390625,6638800,0.0,0.0,-,6.414501473903656,5.638545694351197,5.460267853736878,5.402443599700928,8803680.0
10/02/2007,5.371464998564591,5.559393959966349,5.3693997975286925,5.551133155822754,4980000,0.0,0.0,-,6.418049743175507,5.652038440704346,5.459338450431824,5.4080194473266605,8919912.0
10/01/2007,5.292990759581234,5.402444088837702,5.2496227045664,5.3900532722473145,6352800,0.0,0.0,-,6.4212401008605955,5.668951187133789,5.463313937187195,5.4253668785095215,8943992.0
09/28/2007,5.303316673084672,5.361140745399391,5.266143830084096,5.295055866241455,6649200,0.0,0.0,-,6.42545111656189,5.6887972450256346,5.480389189720154,5.426812362670899,8986592.0
09/27/2007,5.3198378928741565,5.35081513074232,5.272339435216509,5.295055866241455,3724000,0.0,0.0,-,6.430014111995697,5.7109963321685795,5.496756553649902,5.447050762176514,8980576.0
09/26/2007,5.30744743347168,5.369401913374907,5.266144184271544,5.30744743347168,3191600,0.0,0.0,-,6.434484856128693,5.73179500579834,5.511270427703858,5.465017604827881,9053632.0
09/25/2007,5.33842283301757,5.3425532352930345,5.241360349028351,5.299184799194336,7368400,0.0,0.0,-,6.4396521806716915,5.753004837036133,5.519604134559631,5.476582336425781,9122712.0
09/24/2007,5.472657270368215,5.472657270368215,5.365269184112549,5.365269184112549,5342000,0.0,0.0,-,6.44488130569458,5.776604194641113,5.530307507514953,5.500125122070313,9044800.0
09/21/2007,5.367337980102731,5.544941442184366,5.361142373089278,5.480921745300293,12703200,0.0,0.0,-,6.449759521484375,5.800529470443726,5.549651646614075,5.504049015045166,9035456.0
09/20/2007,5.625479077352288,5.635805083008711,5.439615308401923,5.466462135314941,6717600,0.0,0.0,-,6.454018452167511,5.822018098831177,5.549105620384216,5.503635740280151,9016072.0
09/19/2007,5.743194351247058,5.780367193956901,5.592438172609982,5.629611015319824,5128800,0.0,0.0,-,6.457693660259247,5.8366289138793945,5.554534387588501,5.518092107772827,9042960.0
09/18/2007,5.44787676526412,5.736998676818736,5.429290739306898,5.724607467651367,7463200,0.0,0.0,-,6.461207857131958,5.848553447723389,5.555100822448731,5.510657453536988,9045920.0
09/17/2007,5.4726581811153245,5.495375001499029,5.394182501266785,5.404508113861084,7310800,0.0,0.0,-,6.46331613779068,5.861461248397827,5.5500936031341555,5.501260995864868,9053720.0
09/14/2007,5.418963792427111,5.534612300666065,5.373530548378877,5.497439861297607,4544400,0.0,0.0,-,6.466421332359314,5.881594905853271,5.563356852531433,5.533966016769409,9007536.0
09/13/2007,5.474724292755127,5.54906997626633,5.398313407602286,5.474724292755127,5256000,0.0,0.0,-,6.469133474826813,5.899087285995483,5.564044499397278,5.546462345123291,8972616.0
09/12/2007,5.501570432450964,5.516026448222314,5.408638733679333,5.423094749450684,5691600,0.0,0.0,-,6.4724195456504825,5.916539697647095,5.55917456150055,5.557523250579834,8903064.0
09/11/2007,5.4458113630176745,5.54906906475645,5.423094542588144,5.534612655639648,6283600,0.0,0.0,-,6.476413896083832,5.9347775936126705,5.567904376983643,5.562625932693481,8876304.0
09/10/2007,5.516026226687627,5.544938650966033,5.377661284777783,5.404508113861084,5577600,0.0,0.0,-,6.479901797771454,5.950949802398681,5.580943846702576,5.560489892959595,8837232.0
09/07/2007,5.561460287792886,5.621349554380649,5.468528191832855,5.4767889976501465,6122800,0.0,0.0,-,6.48389701128006,5.970053672790527,5.6026510238647464,5.595254278182983,8834248.0
09/06/2007,5.6275470334832,5.720479160402286,5.482986034697295,5.611025810241699,6406400,0.0,0.0,-,6.487622890472412,5.9880826282501225,5.621362042427063,5.594575500488281,8849376.0
09/05/2007,5.600698115441418,5.600698115441418,5.4643975818983295,5.555264472961426,10393600,0.01875,0.0,-,6.491230013370514,6.002603082656861,5.649940085411072,5.590976667404175,8850856.0
09/04/2007,5.710962835280404,5.719200979734965,5.605928850382842,5.630642890930176,13907200,0.0,0.0,-,6.495320534706115,6.019062528610229,5.672347378730774,5.599544191360474,8776568.0
08/31/2007,5.678011557549305,5.766569654377872,5.577096635735659,5.731558322906494,6798000,0.0,0.0,-,6.4981646156311035,6.0354148960113525,5.678114008903504,5.598926210403443,8671584.0
08/30/2007,5.54826182994756,5.72125888604864,5.511190976095008,5.622403144836426,7315200,0.0,0.0,-,6.501394135951996,6.049996118545533,5.6755396842956545,5.592747688293457,8660184.0
08/29/2007,5.498834808994255,5.603868383632501,5.416454949394896,5.585333347320557,9871600,0.0,0.0,-,6.505384266376495,6.066842784881592,5.69582576751709,5.581626653671265,8661360.0
08/28/2007,5.488537930273827,5.537965617549409,5.439110242998246,5.474121570587158,7672800,0.0,0.0,-,6.5091710066795345,6.083936548233032,5.715802884101867,5.5608258724212645,8558728.0
08/27/2007,5.706843945371521,5.756272028045285,5.509133185941908,5.513252258300781,8512400,0.0,0.0,-,6.513882086277008,6.10391357421875,5.74000186920166,5.573182821273804,8526176.0
08/24/2007,5.467942307289446,5.7583301807540295,5.4555854851550345,5.752151966094971,9475200,0.0,0.0,-,6.518182668685913,6.122078275680542,5.770894145965576,5.6013978004455565,8505752.0
08/23/2007,5.533845645568264,5.614165569527071,5.45764439997475,5.470001220703125,7687200,0.0,0.0,-,6.5214115285873415,6.135094261169433,5.784486889839172,5.610047769546509,8415456.0
08/22/2007,5.560621117132769,5.690368770359979,5.511193421007335,5.575037479400635,9367200,0.0,0.0,-,6.5255396366119385,6.154185743331909,5.811981129646301,5.6481485843658445,8364448.0
08/21/2007,5.640939712524414,5.686248717647544,5.513251626561431,5.640939712524414,9290800,0.0,0.0,-,6.528876583576203,6.168711071014404,5.840608048439026,5.708903503417969,8355680.0
08/20/2007,5.649177116628965,5.770686971668165,5.533845868611107,5.624463081359863,17512400,0.0,0.0,-,6.5298891305923465,6.183890647888184,5.8709855556488035,5.745150566101074,8270632.0
08/17/2007,5.657415885538139,5.682129925258806,5.453526530903893,5.669773101806641,12838400,0.0,0.0,-,6.531874074935913,6.200221662521362,5.909600925445557,5.7573018074035645,8013136.0
08/16/2007,5.371147478999905,5.527668695462316,5.336136149096256,5.511192798614502,15250000,0.0,0.0,-,6.534266755580902,6.214701347351074,5.945230078697205,5.758331680297852,7934448.0
08/15/2007,5.585333956650608,5.61416667496611,5.329956992538386,5.377325534820557,12304000,0.0,0.0,-,6.537032899856567,6.2334209823608395,5.989920949935913,5.810024881362915,7841160.0
08/14/2007,5.787164059246136,5.805699491321318,5.585334235334543,5.597691059112549,10920800,0.0,0.0,-,6.541184492111206,6.25769437789917,6.03780415058136,5.870779895782471,7737024.0
08/13/2007,5.877781926115317,6.145515344981502,5.752152968602108,5.795402050018311,8512400,0.0,0.0,-,6.543681819438934,6.279656057357788,6.076316547393799,5.906820917129517,7662192.0
08/10/2007,5.801580790580595,6.059016927200578,5.696546799701678,5.838651657104492,7581600,0.0,0.0,-,6.54546680688858,6.298731851577759,6.110504078865051,5.940390491485596,7597536.0
08/09/2007,6.258788176860498,6.260847713403722,5.770689407792903,5.851009368896484,13401200,0.0,0.0,-,6.547761881351471,6.316901617050171,6.1466481447219845,5.958926010131836,7595296.0
08/08/2007,6.059017239413642,6.283501593538955,5.984875502545423,6.182586669921875,9252800,0.0,0.0,-,6.548961932659149,6.334002380371094,6.181865334510803,5.975813674926758,7482656.0
08/07/2007,5.7171414948712105,6.005469875487571,5.702725134762845,6.003410339355469,10860800,0.0,0.0,-,6.548524560928345,6.34274580001831,6.182586145401001,5.972312593460083,7448544.0
08/06/2007,5.725380521294782,5.75833232111218,5.622406048661304,5.745975494384766,15681200,0.0,0.0,-,6.549269506931305,6.355237083435059,6.193707513809204,5.996820545196533,7402160.0
08/03/2007,6.030185190884994,6.030185190884994,5.680071830749512,5.680071830749512,12863200,0.0,0.0,-,6.5514448499679565,6.374972763061524,6.224908614158631,6.061900043487549,7343896.0
08/02/2007,5.986934869323489,6.071373892669124,5.958102147054164,6.028124809265137,6556400,0.0,0.0,-,6.554369153976441,6.400834121704102,6.2614645719528195,6.132128477096558,7310280.0
08/01/2007,5.970459317048075,6.0034111137797055,5.896317577993705,5.984875679016113,11653200,0.0,0.0,-,6.5552871966362,6.4203918838500975,6.2786612749099735,6.169817018508911,7308160.0
07/31/2007,6.120800686558707,6.267024598355514,5.958101272583008,5.958101272583008,7754800,0.0,0.0,-,6.5567079401016235,6.442293920516968,6.296784734725952,6.204828405380249,7174680.0
07/30/2007,6.075491505859731,6.155811437354632,6.017825682356352,6.131097793579102,8066800,0.0,0.0,-,6.556809871196747,6.464978017807007,6.315629148483277,6.245812177658081,7151904.0
07/27/2007,6.034304134036155,6.106386345770331,5.953984168489861,6.024006843566895,12668000,0.0,0.0,-,6.556230964660645,6.481613464355469,6.326235413551331,6.280617666244507,7077448.0
07/26/2007,6.098146815756352,6.100206351813616,5.962220578507685,6.019886016845703,14611200,0.0,0.0,-,6.555573704242707,6.499116868972778,6.3430201530456545,6.334370279312134,6962048.0
07/25/2007,6.248490787366033,6.2649666866327856,6.102266837659242,6.147575855255127,8150800,0.0,0.0,-,6.554650604724884,6.514401559829712,6.360937690734863,6.387916994094849,6774920.0
07/24/2007,6.337047949395135,6.429724721661235,6.217597599297937,6.248489856719971,12450400,0.0,0.0,-,6.553457343578339,6.5277488422393795,6.370411324501037,6.392859697341919,6731168.0
07/23/2007,6.431781793710668,6.481209465212388,6.376175515965151,6.396770477294922,6184000,0.0,0.0,-,6.549785091876983,6.541255702972412,6.376898670196534,6.390594482421875,6592120.0
07/20/2007,6.413248422322689,6.446200213880164,6.330868943429003,6.3823561668396,8482800,0.0,0.0,-,6.544655330181122,6.5505641841888425,6.3794732093811035,6.387917184829712,6615224.0
07/19/2007,6.351463467644457,6.419426582085901,6.30409531969176,6.405010223388672,6348400,0.0,0.0,-,6.539086139202118,6.562051191329956,6.383386373519898,6.390800666809082,6543568.0
07/18/2007,6.349405910920521,6.415309509974614,6.299978211629951,6.334989547729492,7376800,0.0,0.0,-,6.5330558466911315,6.570578508377075,6.386372685432434,6.387505531311035,6498584.0
07/17/2007,6.479151179486581,6.489448858545774,6.359700852113973,6.367938995361328,6645600,0.0,0.0,-,6.527784867286682,6.581574573516845,6.391624283790589,6.388741064071655,6410632.0
07/16/2007,6.563592096011736,6.563592096011736,6.437963132119869,6.479152679443359,3472800,0.0,0.0,-,6.522021775245666,6.590802240371704,6.396875977516174,6.3854461193084715,6341744.0
07/13/2007,6.55535436498694,6.565651654264241,6.454439437367045,6.561532974243164,4874800,0.0,0.0,-,6.516214134693146,6.598874034881592,6.393992710113525,6.371853160858154,6407640.0
07/12/2007,6.48121143843946,6.5656504520646735,6.42354600053912,6.555353164672852,11734000,0.0,0.0,-,6.509861578941345,6.605585832595825,6.3860636234283445,6.351670026779175,6378576.0
07/11/2007,6.225835610142969,6.2402519713515385,6.135218370312996,6.19700288772583,8062000,0.0,0.0,-,6.503171644210815,6.611804809570312,6.379524731636048,6.333958387374878,6295888.0
07/10/2007,6.355585787739292,6.40089442291797,6.2155404154205405,6.225837707519531,5276800,0.0,0.0,-,6.498293924331665,6.624081382751465,6.384739780426026,6.347962951660156,6275488.0
07/09/2007,6.38647339238815,6.419425174417867,6.275260833425683,6.369997501373291,7853200,0.0,0.0,-,6.493752858638763,6.638082342147827,6.393443822860718,6.363202857971191,6255952.0
07/06/2007,6.378239184280411,6.442083645053547,6.326751944001962,6.411190986633301,5001600,0.0,0.0,-,6.488030624389649,6.6496521091461185,6.396994638442993,6.371029233932495,6178456.0
07/05/2007,6.3432257562323695,6.378237083804472,6.310273964731137,6.372058868408203,2798400,0.0,0.0,-,6.482573003768921,6.661507444381714,6.39612295627594,6.375972080230713,6147152.0
07/03/2007,6.343225803163478,6.421486603170183,6.341166659893714,6.347344875335693,1778400,0.0,0.0,-,6.47727012872696,6.674227609634399,6.399878740310669,6.385239839553833,6172040.0
07/02/2007,6.353524984065511,6.402952683356081,6.320573184538464,6.334989547729492,4353600,0.0,0.0,-,6.472019212245941,6.689003524780273,6.412061262130737,6.394507503509521,6199000.0
06/29/2007,6.380293943030124,6.392651154270888,6.314390387677422,6.3432230949401855,4330000,0.0,0.0,-,6.46603212594986,6.704684019088745,6.430100536346435,6.408305835723877,6216152.0
06/28/2007,6.37823706522085,6.41942700088555,6.351463882010233,6.359701633453369,5428400,0.0,0.0,-,6.460617666244507,6.719706754684449,6.450398969650268,6.416132259368896,6195184.0
06/27/2007,6.320571334742297,6.386474914508864,6.289679080828759,6.378236770629883,6879200,0.0,0.0,-,6.454711606502533,6.7338246250152585,6.469770884513855,6.420457220077514,6148920.0
06/26/2007,6.440022993306963,6.450320282453237,6.332929457793543,6.337048530578613,6480400,0.0,0.0,-,6.44836505651474,6.749503049850464,6.486161422729492,6.425091075897217,6095688.0
06/25/2007,6.44825942233594,6.493568428037695,6.369999019567222,6.378236770629883,6679200,0.0,0.0,-,6.441436729431152,6.765553255081176,6.500296878814697,6.421516609191895,6112888.0
06/22/2007,6.458558943771325,6.485332133379451,6.40501217173864,6.448261260986328,8658000,0.0,0.0,-,6.4344968366622926,6.77601315498352,6.512783765792847,6.423684787750244,6060384.0
06/21/2007,6.454440839017503,6.516225373731291,6.361763644130329,6.460619449615479,6228000,0.0,0.0,-,6.427462570667267,6.786716213226319,6.527008676528931,6.422960042953491,5979520.0
06/20/2007,6.464736461639404,6.551235023598733,6.446201027446948,6.464736461639404,7374000,0.0,0.0,-,6.420642731189727,6.796391391754151,6.552634692192077,6.416273832321167,5950624.0
06/19/2007,6.464735160296768,6.464735160296768,6.37205840080659,6.440021514892578,4740000,0.0,0.0,-,6.413372631072998,6.808120908737183,6.579698514938355,6.414517641067505,5930272.0
06/18/2007,6.425604725344781,6.518281478619698,6.425604725344781,6.472972869873047,6045200,0.0,0.0,-,6.405724830627442,6.820550212860107,6.611696314811707,6.429615020751953,5905896.0
06/15/2007,6.472974560932874,6.507985892734425,6.417368258751048,6.421487331390381,7491200,0.0,0.0,-,6.3976155948638915,6.8325670623779295,6.642662978172302,6.451895236968994,5835192.0
06/14/2007,6.425605744915679,6.477092969176811,6.343225871844792,6.402951240539551,4960400,0.01875,0.0,-,6.389763786792755,6.845695714950562,6.669732117652893,6.4846656799316404,5803576.0
06/13/2007,6.319793274455145,6.4369025140841245,6.293083915877988,6.424575328826904,5136800,0.0,0.0,-,6.381923043727875,6.859318389892578,6.694543409347534,6.519084548950195,5820936.0
06/12/2007,6.35266760535658,6.383485772080444,6.282812885116222,6.301303863525391,8928800,0.0,0.0,-,6.373933353424072,6.87185112953186,6.712520670890808,6.547231769561767,5805080.0
06/11/2007,6.438955087786318,6.438955087786318,6.323900480484743,6.399918556213379,5038400,0.0,0.0,-,6.36663144826889,6.887178058624268,6.738202476501465,6.5790771484375,5709288.0
06/08/2007,6.367049893536993,6.4574501960287245,6.354722704248119,6.441013813018799,4637600,0.0,0.0,-,6.358836469650268,6.899587593078613,6.764398193359375,6.601882743835449,5761896.0
06/07/2007,6.4204663107202,6.4841572267977785,6.338284420317814,6.393757343292236,8904000,0.0,0.0,-,6.350754382610321,6.9124079513549805,6.7854572296142575,6.63105731010437,5758832.0
06/06/2007,6.58482934691361,6.58482934691361,6.434847364904922,6.447174549102783,10585600,0.0,0.0,-,6.343133068084716,6.927118587493896,6.813604688644409,6.6889955520629885,5665512.0
06/05/2007,6.679340221058848,6.679340221058848,6.523194800602408,6.5909953117370605,7097200,0.0,0.0,-,6.334999763965607,6.9404732131958005,6.832814764976502,6.7448793888092045,5598544.0
06/04/2007,6.734811179784608,6.738920371717607,6.613592760879933,6.695775032043457,7179200,0.0,0.0,-,6.326024911403656,6.950376119613647,6.84750463962555,6.79377760887146,5596272.0
06/01/2007,6.81082884531683,6.8601375722591165,6.736864971155317,6.749191761016846,5279600,0.0,0.0,-,6.316638412475586,6.957690353393555,6.854182004928589,6.8334307193756105,5639400.0
05/31/2007,6.70604878798654,6.804667060310064,6.6875578129416064,6.747139930725098,7469600,0.0,0.0,-,6.306158270835876,6.959744939804077,6.860859537124634,6.8547985553741455,5675888.0
05/30/2007,6.613592676993411,6.708102522757172,6.576610733813725,6.706047534942627,7769200,0.0,0.0,-,6.295882272720337,6.961758403778076,6.868358683586121,6.870002269744873,5643848.0
05/29/2007,6.644412022782847,6.699884944219376,6.560175538471447,6.619757652282715,7547200,0.0,0.0,-,6.286362779140473,6.961142082214355,6.8763714075088505,6.8778095722198485,5593832.0
05/25/2007,6.728647752716316,6.7471387244553895,6.603320142456847,6.627974510192871,8541600,0.0,0.0,-,6.276754307746887,6.958676614761353,6.8859251022338865,6.89732780456543,5551808.0
05/24/2007,6.966978016621652,6.966978016621652,6.685504926554247,6.732759475708008,12768000,0.0,0.0,-,6.2672067999839784,6.955718078613281,6.900820660591125,6.926913642883301,5455056.0
05/23/2007,6.942321994861234,7.061485441941335,6.9032850581251415,6.973139762878418,11182400,0.0,0.0,-,6.257257816791534,6.950335111618042,6.911606979370117,6.939857149124146,5317480.0
05/22/2007,7.098467793359452,7.123122165921864,6.979304339517483,7.006012916564941,6450400,0.0,0.0,-,6.246117126941681,6.941541690826416,6.913147878646851,6.93821382522583,5221376.0
05/21/2007,7.094359296410531,7.127232057633822,7.026559569277439,7.079977512359619,4979200,0.0,0.0,-,6.2348528933525085,6.936364231109619,6.913250589370728,6.920750141143799,5145936.0
05/18/2007,7.022451411220767,7.125178903153489,6.903287144379498,7.092306137084961,6616000,0.0,0.0,-,6.224310691356659,6.928187093734741,6.913558745384217,6.901231670379639,5126952.0
05/17/2007,6.921778962503264,6.993688685813561,6.872470199303474,6.962870121002197,4344000,0.0,0.0,-,6.213676240444183,6.918243045806885,6.914894151687622,6.874933290481567,5145688.0
05/16/2007,6.829322365375491,6.9032854834224455,6.75535846358016,6.899177074432373,6898000,0.0,0.0,-,6.204260413646698,6.910148077011108,6.92146863937378,6.866920518875122,5179672.0
05/15/2007,6.843702665873005,6.905338976103764,6.767683792298471,6.784120559692383,5254800,0.0,0.0,-,6.195183453559875,6.902874965667724,6.9297895431518555,6.8667150974273685,5138312.0
05/14/2007,6.880686277511201,6.954649397477218,6.784122205023119,6.814939975738525,5963200,0.0,0.0,-,6.1862634086608885,6.897697553634644,6.948691415786743,6.874933242797852,5166080.0
05/11/2007,6.851923181050717,6.985469229826223,6.8026144253864205,6.923832893371582,5498000,0.0,0.0,-,6.177985205650329,6.894204835891724,6.96492235660553,6.874522399902344,5155800.0
05/10/2007,6.75124869488832,7.049158481149804,6.749193706820219,6.862194538116455,7339200,0.0,0.0,-,6.169519679546356,6.889808053970337,6.963792300224304,6.87472767829895,5134920.0
05/09/2007,6.7882334842098535,6.985470098902728,6.7882334842098535,6.956706523895264,4900000,0.0,0.0,-,6.160719470977783,6.887219352722168,6.9698532819747925,6.883356809616089,5108056.0
05/08/2007,6.837539472532305,6.8724672164085465,6.749193794416795,6.831376075744629,4099200,0.0,0.0,-,6.150895676612854,6.8833567333221435,6.969236874580384,6.8880819320678714,5184912.0
05/07/2007,6.85397504242634,6.897120379883599,6.7882295423729415,6.884792804718018,2979200,0.0,0.0,-,6.141943435668946,6.885986614227295,6.980228686332703,6.905751037597656,5158904.0
05/04/2007,6.884794480480855,6.884794480480855,6.773849411979268,6.829322338104248,3201200,0.0,0.0,-,6.133356771469116,6.888493270874023,6.989063382148743,6.925885820388794,5171424.0
05/03/2007,6.932051949106092,6.932051949106092,6.788233294342744,6.882742404937744,6767600,0.0,0.0,-,6.124700520038605,6.892602319717407,7.001288032531738,6.954855012893677,5159888.0
05/02/2007,6.856031711708837,6.969031781573982,6.792341176488582,6.897122859954834,3421600,0.0,0.0,-,6.116144518852234,6.896505870819092,7.01104691028595,6.9760167598724365,5101472.0
05/01/2007,6.825211662600469,6.907393147942168,6.683447287607798,6.866302013397217,7599600,0.0,0.0,-,6.106700279712677,6.900060157775879,7.020395016670227,6.992863988876342,5132768.0
04/30/2007,6.927940799407012,6.983413727031079,6.79850396828419,6.810831546783447,7042000,0.0,0.0,-,6.098073422908783,6.905460968017578,7.029640531539917,7.022449588775634,5118536.0
04/27/2007,7.030668133186398,7.04299492769916,6.905340497317458,6.925885677337647,4300000,0.0,0.0,-,6.090193312168122,6.911889190673828,7.042481470108032,7.055322313308716,5136424.0
04/26/2007,6.9957403923716015,6.9957403923716015,6.919722285736717,6.948485851287842,3978400,0.0,0.0,-,6.082329783439636,6.915360345840454,7.047206950187683,7.052856922149658,5240880.0
04/25/2007,7.008066940566171,7.030667105534006,6.938212241460257,7.003957748413086,3436400,0.0,0.0,-,6.073873641490937,6.9133362960815425,7.053884243965149,7.056349754333496,5270856.0
04/24/2007,7.102576201887356,7.102576201887356,6.9361574420314165,7.0080671310424805,4042800,0.0,0.0,-,6.0650177001953125,6.9077426528930665,7.060150814056397,7.050391817092896,5281744.0
04/23/2007,7.121067593308206,7.143667760217241,7.045049491317361,7.0861406326293945,3126400,0.0,0.0,-,6.056488146781922,6.90190279006958,7.065492749214172,7.054706335067749,5284072.0
04/20/2007,7.19914156748969,7.203250760500341,7.069704730773699,7.119014263153076,5211200,0.0,0.0,-,6.048313150405884,6.8950345325469975,7.065492749214172,7.052240943908691,5358656.0
04/19/2007,7.0553237125119415,7.108741659948621,6.997796571618823,7.094359874725342,3281600,0.0,0.0,-,6.0410146188735965,6.885499715805054,7.06261637210846,7.0477210521698,5324384.0
04/18/2007,7.133395655326006,7.1395590526295125,7.057376764423632,7.0655951499938965,3115200,0.0,0.0,-,6.034165892601013,6.8756379222869874,7.050494432449341,7.046077060699463,5316304.0
04/17/2007,7.141612051931803,7.225848530440338,7.127230271485097,7.162158012390137,4217600,0.0,0.0,-,6.027726304531098,6.865572423934936,7.039605331420899,7.047926044464111,5324488.0
04/16/2007,6.954649042272387,7.14983138182806,6.950540633385551,7.139558792114258,7340400,0.0,0.0,-,6.019875326156616,6.855994749069214,7.015259003639221,7.036831474304199,5347104.0
04/13/2007,6.964923082063315,6.995740854153034,6.843704630847515,6.90123176574707,4054000,0.0,0.0,-,6.011851599216461,6.847279090881347,6.983105278015136,7.029640626907349,5327184.0
04/12/2007,6.958759014552753,7.0532688882541565,6.851922345313061,6.983414173126221,4614800,0.0,0.0,-,6.005478713512421,6.842058906555176,6.962046074867248,7.041556978225708,5349832.0
04/11/2007,7.026560683977004,7.1005246044002215,6.923833190888886,6.94437837600708,4783200,0.0,0.0,-,5.998347971439362,6.834826049804687,6.93605592250824,7.051418733596802,5358752.0
04/10/2007,7.084085064399084,7.104631025246794,6.979303407194699,7.051212310791016,6356400,0.0,0.0,-,5.991514449119568,6.827020864486695,6.915510439872742,7.0699098110198975,5341520.0
04/09/2007,7.082032687186906,7.092305278386715,7.010122981291303,7.061486721038818,3521200,0.0,0.0,-,5.984310023784637,6.817202014923096,6.900306820869446,7.076279163360596,5345848.0
04/05/2007,7.077924539600842,7.094360531198982,7.030669986101883,7.07381534576416,2510000,0.0,0.0,-,5.976554229259491,6.806562585830688,6.880788516998291,7.078744554519654,5427232.0
04/04/2007,7.112846909412337,7.133392865302033,6.997792691422355,7.077919960021973,5910400,0.0,0.0,-,5.9686959671974185,6.7970296669006345,6.85685293674469,7.0775116920471195,5488344.0
04/03/2007,7.061484822826914,7.1416121098941066,7.026557865386655,7.084084987640381,5828400,0.0,0.0,-,5.961164128780365,6.786512594223023,6.830863022804261,7.054911804199219,5493808.0
04/02/2007,7.092303448738169,7.123121214387332,6.971085022855615,7.051212310791016,4344000,0.0,0.0,-,5.953856565952301,6.776323280334473,6.8034348487854,7.031284618377685,5480576.0
03/30/2007,7.03272257045734,7.129286643994731,6.991631425308552,7.067650318145752,4139200,0.0,0.0,-,5.946090891361236,6.76793948173523,6.777136731147766,6.993686532974243,5581344.0
03/29/2007,7.127231947187897,7.145722924073734,6.888904236075128,7.020395278930664,7668800,0.0,0.0,-,5.938069565296173,6.761851072311401,6.755769419670105,6.936569929122925,5610784.0
03/28/2007,7.123122086064389,7.135449664081577,7.00806782623076,7.082031726837158,4484400,0.0,0.0,-,5.930335559844971,6.757158746719361,6.739949345588684,6.882535171508789,5563000.0
03/27/2007,7.088197990643988,7.158052726829268,7.063543608387031,7.129289150238037,4238000,0.0,0.0,-,5.922579071521759,6.7523407459259035,6.722485733032227,6.820693111419677,5564872.0
03/26/2007,7.073814683427225,7.153941996368551,7.01628754259725,7.114905834197998,7237200,0.0,0.0,-,5.9144332265853885,6.746249599456787,6.704200053215027,6.761111068725586,5607016.0
03/23/2007,7.086140632629394,7.119013388929354,6.9854673756023296,7.0861406326293945,6983600,0.0,0.0,-,5.906349098682403,6.735730876922608,6.6965982675552365,6.724334478378296,5567208.0
03/22/2007,6.849868364078566,7.125178040475186,6.849868364078566,7.061486721038818,9335600,0.0,0.0,-,5.8990807890892025,6.725705461502075,6.692797517776489,6.682832479476929,5513992.0
03/21/2007,6.903284810141487,6.903284810141487,6.7060482804227695,6.851921081542969,7104000,0.0,0.0,-,5.891925559043885,6.715599107742309,6.69146192073822,6.636194181442261,5442992.0
03/20/2007,6.644412405767086,6.847813129425049,6.644412405767086,6.847813129425049,5867600,0.0,0.0,-,5.886561422348023,6.7080849933624265,6.70276186466217,6.606814241409301,5408344.0
03/19/2007,6.533467044193742,6.675231456756592,6.523194453772129,6.675231456756592,5268400,0.0,0.0,-,5.8815741848945615,6.699915027618408,6.714113068580628,6.575585079193115,5436848.0
03/16/2007,6.463611134252159,6.514974860589983,6.40813860763165,6.496484279632568,5446000,0.0,0.0,-,5.876961131095886,6.694376649856568,6.737168622016907,6.560586929321289,5448328.0
03/15/2007,6.484156502945121,6.568392980188177,6.438956566238201,6.480047702789307,3704000,0.0,0.0,-,5.872498562335968,6.689461069107056,6.768956542015076,6.574968910217285,5532488.0
03/14/2007,6.566338578489682,6.584829551297466,6.328010919938375,6.463611125946045,5889200,0.0,0.0,-,5.868484704494477,6.679995021820068,6.799926328659057,6.597363519668579,5510288.0
03/13/2007,6.706050951478489,6.7163235445401614,6.46977778419128,6.533468723297119,6377200,0.0,0.0,-,5.864603943824768,6.6728668308258055,6.81910994052887,6.624278354644775,5468984.0
03/12/2007,6.6875578129416064,6.753303327823956,6.6341398760053325,6.747139930725098,2678400,0.0,0.0,-,5.860485899448395,6.664095458984375,6.828650283813476,6.647289037704468,5433536.0
03/09/2007,6.677284039622098,6.732756954924129,6.630029508160712,6.671120643615723,4030000,0.0,0.0,-,5.855197675228119,6.649205617904663,6.82709698677063,6.668862056732178,5434472.0
03/08/2007,6.615649706437136,6.689613615622214,6.586886138142595,6.595103740692139,7552800,0.0,0.0,-,5.850411729812622,6.637353181838989,6.830677342414856,6.70276255607605,5437976.0
03/07/2007,6.504703349945368,6.576612265234807,6.463612205316375,6.558121681213379,6043200,0.0,0.0,-,5.845527329444885,6.627800121307373,6.833035826683044,6.7467296600341795,5343648.0
03/06/2007,6.551957886726821,6.586885633945522,6.496485350958418,6.535521507263184,4830000,0.0,0.0,-,5.840776939392089,6.619519720077514,6.835193252563476,6.798709487915039,5273664.0
03/05/2007,6.623868642427202,6.623868642427202,6.475940811781024,6.52524995803833,6643200,0.0,0.0,-,5.8362515354156494,6.611896352767944,6.836533188819885,6.85264105796814,5291216.0
03/02/2007,6.695777020539898,6.814940486992854,6.623868099727636,6.640304088592529,5449200,0.0,0.0,-,5.833141839504242,6.604806451797486,6.844434404373169,6.913750314712525,5219784.0
03/01/2007,6.590993755834952,6.761520920140519,6.510866076079433,6.703993797302246,4454000,0.0,0.0,-,5.829324505329132,6.597506523132324,6.84760799407959,6.962944173812867,5282752.0
02/28/2007,6.710159303558706,6.790286616634583,6.586886634787898,6.732759475708008,5996000,0.0,0.0,-,5.82483237028122,6.589096775054932,6.8444194316864015,7.002489137649536,5293576.0
02/27/2007,6.911503346299432,6.932049308438135,6.708103415490339,6.763575553894043,8742800,0.0,0.0,-,5.821163666248322,6.578225679397583,6.838870024681091,7.013941526412964,5251808.0
02/26/2007,7.028615661101025,7.077925208049475,6.909452163577647,6.962870121002197,2798800,0.0,0.0,-,5.817503776550293,6.567599296569824,6.82839720249176,7.010011529922485,5166496.0
02/23/2007,7.022453221413561,7.045053400864227,6.9402708931836425,7.010125637054443,3605200,0.0,0.0,-,5.813132500648498,6.552494993209839,6.808267188072205,6.985331916809082,5194560.0
02/22/2007,7.069701730418456,7.090246903003984,6.964920096235305,7.0347747802734375,2624400,0.0,0.0,-,5.808626763820648,6.536076574325562,6.784236669540405,6.958592128753662,5193952.0
02/21/2007,7.129283674124094,7.129283674124094,7.008065277493164,7.077919960021973,3846800,0.01875,0.0,-,5.803743240833282,6.522199325561523,6.762356400489807,6.919341993331909,5235336.0
02/20/2007,7.0379364274393215,7.119939291181409,7.011285125251898,7.0748372077941895,4986400,0.0,0.0,-,5.798328375816345,6.507541122436524,6.736063718795776,6.871677017211914,5230992.0
02/16/2007,7.087140166485897,7.175293839072383,7.087140166485897,7.136342525482178,6888000,0.0,0.0,-,5.793753616809845,6.49286262512207,6.711052823066711,6.820425319671631,5215216.0
02/15/2007,7.074839793745741,7.160943731498545,6.992836900030464,7.132242679595947,7936400,0.0,0.0,-,5.788759343624115,6.476789932250977,6.685836815834046,6.775118494033814,5181384.0
02/14/2007,6.853433118704439,7.130194236511234,6.84113232914038,7.099443435668945,9522800,0.0,0.0,-,5.784264099597931,6.4581751537323,6.667386174201965,6.732271814346314,5124992.0
02/13/2007,6.746828866704737,6.853433367324797,6.707877538073381,6.847283363342285,5477200,0.0,0.0,-,5.77996340751648,6.442835292816162,6.651702952384949,6.686349725723266,5205280.0
02/12/2007,6.677123749254123,6.744776898903454,6.646372175405334,6.724275588989258,3980800,0.0,0.0,-,5.776567144393921,6.428814897537231,6.65139536857605,6.663798522949219,5203360.0
02/09/2007,6.724274512521046,6.765276343740572,6.658671895387759,6.716073989868164,4159200,0.0,0.0,-,5.773215763568878,6.414840326309204,6.656418180465698,6.646782875061035,5258656.0
02/08/2007,6.670975112231975,6.816530923201989,6.670975112231975,6.742727756500244,6855600,0.0,0.0,-,5.769997010231018,6.401316213607788,6.6500629663467405,6.631202459335327,5261824.0
02/07/2007,6.607421586390903,6.67302422124199,6.537718689105985,6.642273426055908,3497600,0.0,0.0,-,5.766217360496521,6.389100427627564,6.642170071601868,6.609881210327148,5146432.0
02/06/2007,6.564368626704566,6.609470721969219,6.535667186711841,6.6012701988220215,2877600,0.0,0.0,-,5.763123264312744,6.380694255828858,6.6378648519515995,6.605370807647705,5135968.0
02/05/2007,6.673024984634068,6.685325773342765,6.550020225727845,6.562320232391357,3524400,0.0,0.0,-,5.760946896076202,6.373312711715698,6.631612110137939,6.600450420379639,5157584.0
02/02/2007,6.711976105208031,6.757077426424218,6.654573215045047,6.683274269104004,5348400,0.0,0.0,-,5.758965277671814,6.366137323379516,6.625461840629578,6.601680326461792,5172864.0
02/01/2007,6.670974564883182,6.775528521101963,6.6279229818545735,6.703775882720947,6344400,0.0,0.0,-,5.756042890548706,6.356911134719849,6.611213755607605,6.596555137634278,5197112.0
01/31/2007,6.609471755893516,6.685324651758484,6.564369653573509,6.640222549438477,5186400,0.0,0.0,-,5.7525700044631956,6.349484624862671,6.588560223579407,6.602500534057617,5182856.0
01/30/2007,6.588970022031541,6.65252290921862,6.558218839437229,6.621771335601807,5060800,0.0,0.0,-,5.749567608833313,6.344147548675537,6.55688636302948,6.617056179046631,5314664.0
01/29/2007,6.591021079650946,6.6074213467463485,6.474165950660298,6.554119110107422,3921600,0.0,0.0,-,5.746433486938477,6.335701303482056,6.5311578750610355,6.638992214202881,5468824.0
01/26/2007,6.539768911179664,6.599221153205974,6.465966141458125,6.560269832611084,6572800,0.0,0.0,-,5.7437597751617435,6.332168169021607,6.508196926116943,6.6660534858703615,5521032.0
01/25/2007,6.564366697506648,6.566416436668584,6.449561753320639,6.529515266418457,7590400,0.0,0.0,-,5.741157143115998,6.329371356964112,6.480315828323365,6.668923473358154,5468840.0
01/24/2007,6.556167568914043,6.613569662173527,6.556167568914043,6.597169399261475,5565600,0.0,0.0,-,5.739237728118897,6.3256346797943115,6.457765007019043,6.674458932876587,5369984.0
01/23/2007,6.572567629266306,6.617668932051691,6.521315153498686,6.552066326141357,6183600,0.0,0.0,-,5.736969859600067,6.3220180416107175,6.433779072761536,6.670358896255493,5337728.0
01/22/2007,6.603320343945024,6.629971654786996,6.531567717114691,6.574619293212891,5166800,0.0,0.0,-,5.733827884197235,6.318444089889526,6.41338083744049,6.66277379989624,5322168.0
01/19/2007,6.804229492873053,6.824730805048015,6.566419745959172,6.632022380828857,9382400,0.0,0.0,-,5.730532426834106,6.314910182952881,6.392367529869079,6.649243354797363,5369112.0
01/18/2007,6.8062814384571615,6.894435144131647,6.759129583661898,6.763229846954346,5611200,0.0,0.0,-,5.726705596446991,6.308182191848755,6.369304156303405,6.625872373580933,5332480.0
01/17/2007,6.80218004978495,6.861632684621477,6.765278468303322,6.785778999328613,5279600,0.0,0.0,-,5.7226096272468565,6.297766132354736,6.344908046722412,6.574619913101197,5501352.0
01/16/2007,6.781679831630118,6.855482215953094,6.765278780417125,6.841131687164307,4578000,0.0,0.0,-,5.718370363712311,6.278919534683228,6.319794416427612,6.496716547012329,5527808.0
01/12/2007,6.566420729021494,6.834982093381733,6.566420729021494,6.824731826782227,6345200,0.0,0.0,-,5.7137219834327695,6.262525939941407,6.287198066711426,6.42332353591919,5528224.0
01/11/2007,6.611520756125473,6.642272328274276,6.5664186588525535,6.588969707489014,5246800,0.0,0.0,-,5.708972327709198,6.248997488021851,6.257574295997619,6.350340366363525,5475304.0
01/10/2007,6.517217493465759,6.607420911663462,6.482366048382212,6.584869861602783,4322800,0.0,0.0,-,5.705401482582093,6.238506526947021,6.238508558273315,6.291708183288574,5447792.0
01/09/2007,6.478266007219882,6.61767140128408,6.478266007219882,6.556169033050537,5785600,0.0,0.0,-,5.701932597160339,6.230962009429931,6.218725299835205,6.241071081161499,5460336.0
01/08/2007,6.338859719432496,6.509016675141758,6.316308670391422,6.476215362548828,5371600,0.0,0.0,-,5.698383209705352,6.221781759262085,6.207962465286255,6.1971992492675785,5450544.0
01/05/2007,6.4188139207419725,6.541819058612308,6.355261416067612,6.439314842224121,7292800,0.0,0.0,-,5.694683787822723,6.215305442810059,6.201402187347412,6.163987874984741,5424448.0
01/04/2007,6.271207567869774,6.472115724624439,6.244556254429802,6.398312568664551,5842400,0.0,0.0,-,5.690924508571625,6.2124724769592286,6.196482062339783,6.1354917049407955,5371824.0
01/03/2007,6.00674516894473,6.418812045354144,6.00674516894473,6.250705242156982,9654000,0.0,0.0,-,5.687349870204925,6.20632661819458,6.1932018280029295,6.112735939025879,5373168.0
12/29/2006,6.074398087758092,6.16050162243778,6.002645468043728,6.006745338439941,2594000,0.0,0.0,-,5.684055109024047,6.20321475982666,6.190741753578186,6.115196180343628,5261872.0
12/28/2006,6.078500128921121,6.121552104377522,6.076449997611524,6.10720157623291,3824000,0.0,0.0,-,5.682336492538452,6.2061278438568115,6.207027006149292,6.142872285842896,5344024.0
12/27/2006,6.076449342451138,6.144102104283275,6.03954776490224,6.094900131225586,4604800,0.0,0.0,-,5.680512685775756,6.207604694366455,6.208980107307434,6.151072597503662,5383560.0
12/26/2006,6.037499330738164,6.062100127076861,5.984197083974175,6.002647876739502,2725200,0.0,0.0,-,5.6785671210289,6.211005344390869,6.205512452125549,6.164808225631714,5419008.0
12/22/2006,6.107200281559363,6.127700808264266,6.0436473975022205,6.078498840332031,4205200,0.0,0.0,-,5.676919906139374,6.21518705368042,6.207373476028442,6.185308933258057,5489792.0
12/21/2006,6.162552421541036,6.170752945267797,6.1010500576803,6.117450714111328,2836400,0.0,0.0,-,5.674883253574372,6.218997564315796,6.2100454568862915,6.196379518508911,5598392.0
12/20/2006,6.135901487035487,6.191253848993394,6.125650832401156,6.144101619720459,2544000,0.0,0.0,-,5.672397303581238,6.216218299865723,6.215271162986755,6.218725681304932,5624248.0
12/19/2006,6.137952483080628,6.230206041657396,6.027247743561452,6.154353141784668,5707600,0.0,0.0,-,5.670378816127777,6.213642597198486,6.219675731658936,6.238816499710083,5666064.0
12/18/2006,6.297859939559749,6.328611522301319,6.1379535862121495,6.170754909515381,3071600,0.0,0.0,-,5.66835997581482,6.208406629562378,6.222135615348816,6.25747241973877,5620936.0
12/15/2006,6.383961864113379,6.3860119951687855,6.246606211581304,6.275307655334473,8597600,0.0,0.0,-,5.666157310009003,6.201696853637696,6.224696111679077,6.273667716979981,5738784.0
12/14/2006,6.222004039515615,6.326558353992463,6.19945299393558,6.283506393432617,4995200,0.0,0.0,-,5.663655874729156,6.194369173049926,6.2275532484054565,6.266287326812744,5919360.0
12/13/2006,6.281458252944149,6.334760492370072,6.181004167841563,6.189204692840576,3907600,0.0,0.0,-,5.661184718608856,6.178979835510254,6.232046365737915,6.271181726455689,5932520.0
12/12/2006,6.222006147055407,6.254807465724711,6.1851045657968,6.232256412506104,4477200,0.0,0.0,-,5.659378514289856,6.162612104415894,6.232559084892273,6.266887617111206,5973528.0
12/11/2006,6.16255285140467,6.285557978728755,6.125651274105193,6.20765495300293,4202000,0.0,0.0,-,5.657051603794098,6.143337335586548,6.2398193836212155,6.246216678619385,6049096.0
12/08/2006,6.310159699418141,6.3183598333946,6.187154561590822,6.189204692840576,3574800,0.0,0.0,-,5.655000436306,6.123163270950317,6.250458097457885,6.229438018798828,6114880.0
12/07/2006,6.345012605512511,6.379864062715535,6.287610090406751,6.340912342071533,4693600,0.0,0.0,-,5.652664792537689,6.104995050430298,6.2581319332122805,6.223711395263672,6116048.0
12/06/2006,6.334759149695868,6.369610591509682,6.316308363381351,6.345009803771973,3629600,0.0,0.0,-,5.6493873476982115,6.082483215332031,6.261903190612793,6.211816644668579,6134896.0
12/05/2006,6.355262873092312,6.361413268253779,6.318361284168798,6.340912342071533,4197600,0.0,0.0,-,5.646364319324493,6.061935510635376,6.263321137428283,6.200534963607788,6159984.0
12/04/2006,6.2445542278121575,6.373709708825635,6.191252400275929,6.33270788192749,5196400,0.015,0.0,-,5.641793801784515,6.0409377002716065,6.266171717643738,6.186798810958862,6181696.0
12/01/2006,6.316081473217084,6.3631399704012175,6.144215284133052,6.201503753662109,5116800,0.0,0.0,-,5.637772247791291,6.018630867004394,6.264317464828491,6.175724506378174,6135248.0
11/30/2006,6.084881050168627,6.408153130498753,5.974395853219583,6.3324503898620605,13537200,0.0,0.0,-,5.634741961956024,5.999029970169067,6.266363620758057,6.188819169998169,6099024.0
11/29/2006,6.060330473497124,6.219920285702739,6.060330473497124,6.146263599395752,5381200,0.0,0.0,-,5.631056942939758,5.9787334537506105,6.241913557052612,6.192911005020141,5916056.0
11/28/2006,6.005086688514458,6.076697680147215,5.955982108887327,6.025547027587891,6745600,0.0,0.0,-,5.627805063724518,5.960319194793701,6.235672974586487,6.19823055267334,5907512.0
11/27/2006,6.111479337027212,6.146261791810368,6.023500163737552,6.039868354797363,4317600,0.0,0.0,-,5.62521772146225,5.9462015914916995,6.241811084747314,6.233422088623047,5862272.0
11/24/2006,6.19741160316064,6.217871546544093,6.115570268633208,6.131938457489014,1086000,0.0,0.0,-,5.622792420387268,5.9316339015960695,6.243038749694824,6.271478176116943,6020984.0
11/22/2006,6.2587933653844745,6.287437603590384,6.158538141415317,6.2219648361206055,2974400,0.0,0.0,-,5.620109961032868,5.914938364028931,6.246824026107788,6.292552471160889,6108616.0
11/21/2006,6.181042359706386,6.314034318895035,6.160582418522006,6.232192993164063,3958400,0.0,0.0,-,5.616692912578583,5.893250513076782,6.240583610534668,6.311989736557007,6163776.0
11/20/2006,6.17490657624929,6.260839684496738,6.162630529427796,6.203550815582275,4288400,0.0,0.0,-,5.613275525569915,5.8738132762908934,6.23659393787384,6.326107311248779,6180848.0
11/17/2006,6.322220060089763,6.348818615779659,6.172860260518271,6.2219648361206055,6560800,0.0,0.0,-,5.609838802814483,5.85331205368042,6.241299724578857,6.345544624328613,6191832.0
11/16/2006,6.410199203252241,6.44702773231808,6.246517285457927,6.3324503898620605,5631600,0.0,0.0,-,5.606340491771698,5.831051292419434,6.234752464294433,6.352910423278809,6131256.0
11/15/2006,6.234238957053627,6.506360306712227,6.209686871959455,6.373368740081787,11776800,0.0,0.0,-,5.602990701198578,5.803429946899414,6.22288556098938,6.343908071517944,6077784.0
11/14/2006,6.346773208428025,6.420429884429653,6.056237479633975,6.199459075927734,12768800,0.0,0.0,-,5.600106799602509,5.775767736434936,6.211837100982666,6.290916109085083,5908856.0
11/13/2006,6.420428741248213,6.424520886477604,6.3160817696379015,6.377462387084961,6532000,0.0,0.0,-,5.5980619621276855,5.752606716156006,6.210916352272034,6.273115396499634,5749496.0
11/10/2006,6.359048607619222,6.455211686335616,6.307897959105474,6.420429229736328,3963200,0.0,0.0,-,5.595452196598053,5.72699049949646,6.2052898645401005,6.250200080871582,5705224.0
11/09/2006,6.320174994182091,6.385647772082232,6.28130077620922,6.342681407928467,2647600,0.0,0.0,-,5.593115222454071,5.698796243667602,6.194855070114135,6.214599323272705,5738248.0
11/08/2006,6.320174020882548,6.447027801215138,6.2465173522122015,6.416337490081787,3952800,0.0,0.0,-,5.590821590423584,5.670151844024658,6.1911722183227536,6.2010955810546875,5763072.0
11/07/2006,6.36518484179985,6.406105113706254,6.311988137098002,6.373368740081787,5405600,0.0,0.0,-,5.588129196166992,5.638847608566284,6.169279718399048,6.169177484512329,5796256.0
11/06/2006,6.299714783586597,6.471580623351867,6.291530491562834,6.397923946380615,7514000,0.0,0.0,-,5.58585482597351,5.60840274810791,6.151377105712891,6.147080564498902,5803352.0
11/03/2006,6.2813007044017,6.32222099499722,6.123756590475187,6.295622825622559,7550800,0.0,0.0,-,5.582868468761444,5.577140321731568,6.126108646392822,6.137054824829102,5750312.0
11/02/2006,5.861865819963584,6.326313927183111,5.851635843605751,6.242426872253418,14054800,0.0,0.0,-,5.58091169834137,5.547760610580444,6.103090810775757,6.116594505310059,5749800.0
11/01/2006,6.06851201409435,6.091018421002993,5.843449115753174,5.843449115753174,6602400,0.0,0.0,-,5.580155518054962,5.519730529785156,6.086415648460388,6.101863050460816,5590168.0
10/31/2006,6.150351360056442,6.1667195452963455,6.011221590393103,6.021451950073242,4598800,0.0,0.0,-,5.581089475154877,5.499680004119873,6.069945168495178,6.132758092880249,5563792.0
10/30/2006,6.072606471867621,6.154447450548741,6.019409738162751,6.148309230804443,3699200,0.0,0.0,-,5.581458497047424,5.475742893218994,6.037413477897644,6.148717308044434,5549056.0
10/27/2006,6.166722965802672,6.176953331157304,6.056237751712388,6.064421653747559,3871200,0.0,0.0,-,5.581701171398163,5.450166597366333,5.993423914909362,6.160379648208618,5735416.0
10/26/2006,6.086928399710616,6.264932864117401,6.033731667706848,6.207643985748291,4950000,0.0,0.0,-,5.582332806587219,5.425288438796997,5.950150418281555,6.175110816955566,5868760.0
10/25/2006,6.1237550777107,6.232194191736985,6.037821981365253,6.097156524658203,5296000,0.0,0.0,-,5.582197535037994,5.39705605506897,5.903807902336121,6.1812488555908205,6197280.0
10/24/2006,6.264931193495085,6.293575429917017,6.129893131188305,6.15239953994751,4066800,0.0,0.0,-,5.582563910484314,5.371482429504394,5.85971610546112,6.169381952285766,6264688.0
10/23/2006,6.060327625910152,6.297666549682617,6.0419133654236346,6.297666549682617,4661600,0.0,0.0,-,5.582471210956573,5.341497707366943,5.817977356910705,6.15567364692688,6320056.0
10/20/2006,6.12580208881168,6.142170281563909,6.035776833550165,6.091019630432129,5909600,0.0,0.0,-,5.580859785079956,5.309383182525635,5.7676451206207275,6.115162467956543,6293760.0
10/19/2006,6.123756566088634,6.189229342979561,6.0562377161387975,6.095112323760986,4089200,0.0,0.0,-,5.579956505298615,5.283605766296387,5.723962450027466,6.089587116241455,6257216.0
10/18/2006,6.228102666524913,6.281299384343111,6.140123494373603,6.15239953994751,6701600,0.0,0.0,-,5.57964230298996,5.25566478729248,5.680279779434204,6.070968246459961,6275440.0
10/17/2006,6.213780875382726,6.266977205752515,6.121709553111028,6.181044101715088,5800800,0.0,0.0,-,5.578787703514099,5.226986255645752,5.638541030883789,6.007132244110108,6238656.0
10/16/2006,6.338589313055899,6.342681459269917,6.221965877696187,6.264932632446289,6377200,0.0,0.0,-,5.577241299152374,5.198224630355835,5.590766358375549,5.926109647750854,6237096.0
10/13/2006,6.226055456812334,6.342678844086441,6.174904820972928,6.211733341217041,6264400,0.0,0.0,-,5.575468454360962,5.1678260135650635,5.543503069877625,5.826468181610108,6404112.0
10/12/2006,5.984626845191763,6.277208664507572,5.984626845191763,6.26902437210083,9635200,0.0,0.0,-,5.5737787628173825,5.138654670715332,5.498490595817566,5.725190019607544,6536856.0
10/11/2006,5.972349663715661,6.039868502266984,5.941659353510236,5.978487491607666,4129200,0.0,0.0,-,5.571711187362671,5.112704925537109,5.449897456169128,5.6263669490814205,6435448.0
10/10/2006,5.943705496827891,6.025546850719319,5.933475522715711,6.015316486358643,4634800,0.0,0.0,-,5.571908993721008,5.092443494796753,5.407851696014404,5.550050258636475,6504304.0
10/09/2006,5.831174135702826,5.925291144959806,5.765701365741711,5.892554759979248,3451200,0.0,0.0,-,5.571729636192321,5.073731260299683,5.370102429389954,5.480281066894531,6491064.0
10/06/2006,5.8864167621208505,5.89869280857278,5.755470835722507,5.83526611328125,8964000,0.0,0.0,-,5.571290431022644,5.057555866241455,5.334399175643921,5.4201277732849125,6502280.0
10/05/2006,5.595881860109098,6.0173631574589725,5.595881860109098,5.908923625946045,17626400,0.0,0.0,-,5.571310367584228,5.040852775573731,5.2980822086334225,5.358337783813477,6397112.0
10/04/2006,5.348311150799109,5.522223416466502,5.321712987931596,5.514039516448975,5653200,0.0,0.0,-,5.570596306324005,5.025860290527344,5.250205183029175,5.289591312408447,6107256.0
10/03/2006,5.26647076746636,5.403554522220761,5.221458336893453,5.370818138122559,5958000,0.0,0.0,-,5.571734774112701,5.020194053649902,5.224016118049621,5.269949817657471,6057600.0
10/02/2006,5.223505530804864,5.41583173109877,5.121204210978867,5.268517971038818,8255600,0.0,0.0,-,5.573558857440949,5.014820747375488,5.207545614242553,5.255423069000244,6012616.0
09/29/2006,5.274654850334504,5.293069114443678,5.174399629211486,5.198951721191406,7491200,0.0,0.0,-,5.576199209690094,5.0092893409729005,5.198952293395996,5.260537958145141,5918560.0
09/28/2006,5.231689083438265,5.282839739929056,5.1662163055698205,5.2807936668396,3633200,0.0,0.0,-,5.578638825416565,5.00612886428833,5.189540529251099,5.271791172027588,5809648.0
09/27/2006,5.315575821248512,5.36058864611456,5.184630273089499,5.215320587158203,5636000,0.0,0.0,-,5.579907314777374,5.003862190246582,5.171023917198181,5.273427963256836,5811048.0
09/26/2006,5.266473889680176,5.338084918692564,5.266473889680176,5.317624568939209,4884000,0.0,0.0,-,5.581726670265198,5.001517219543457,5.152814173698426,5.265653133392334,5782152.0
09/25/2006,5.246009015199858,5.31352783797628,5.178490192423437,5.291021823883057,5283200,0.0,0.0,-,5.582993860244751,4.998595571517944,5.129489231109619,5.259923791885376,5752560.0
09/22/2006,5.241918701893012,5.26237864937488,5.153939522826441,5.217366218566895,2874000,0.0,0.0,-,5.58466835975647,4.992940635681152,5.1066782712936405,5.24867057800293,5738984.0
09/21/2006,5.336036268857051,5.352404462708666,5.221458911895752,5.221458911895752,3305600,0.0,0.0,-,5.586548593044281,4.991411924362183,5.087141823768616,5.237826633453369,5763080.0
09/20/2006,5.254197835927648,5.342177066692978,5.254197835927648,5.317624568939209,4388800,0.0,0.0,-,5.588895981311798,4.9916789340972905,5.068115019798279,5.210819053649902,5782736.0
09/19/2006,5.313529442755628,5.3503579736198805,5.186676047832638,5.225550651550293,4954000,0.0,0.0,-,5.5906914353370665,4.992390041351318,5.044279932975769,5.178082418441773,5812408.0
09/18/2006,5.313528644849332,5.342173270247049,5.252148029458462,5.319666862487793,4483600,0.0,0.0,-,5.592785077095032,4.99302417755127,5.024232220649719,5.1596681594848635,5772480.0
09/15/2006,5.354450613405057,5.430153754972423,5.297161738968983,5.311483860015869,12253200,0.0,0.0,-,5.594063470363617,4.9912862300872805,5.001723599433899,5.13736662864685,5769240.0
09/14/2006,5.100743255989757,5.29716157913208,5.090512891087437,5.29716157913208,5467600,0.0,0.0,-,5.595453729629517,4.991099681854248,4.977175092697143,5.107289886474609,5833672.0
09/13/2006,5.047547019864902,5.2030450692579135,5.033224897858062,5.137572288513184,5732400,0.0,0.0,-,5.596439170837402,4.994179277420044,4.952118253707885,5.068619871139527,5856928.0
09/12/2006,5.158029883134723,5.297159673773935,5.137569941186444,5.260331153869629,4812000,0.0,0.0,-,5.598111047744751,5.0046139907836915,4.936163401603698,5.039975214004516,5806112.0
09/11/2006,5.033222082809524,5.2501006452898045,5.025037794669574,5.178489685058594,4837600,0.0,0.0,-,5.598986666202546,5.013899660110473,4.905805015563965,4.999054670333862,5806984.0
09/08/2006,4.988211208050815,5.143709230623773,4.928876657078043,5.108926773071289,3532000,0.0,0.0,-,5.59991669178009,5.025883417129517,4.881477546691895,4.96468596458435,5790448.0
09/07/2006,4.957520942148861,5.012763738229808,4.92069241142823,4.951383113861084,2958000,0.0,0.0,-,5.601153988838195,5.0355441284179685,4.866138648986817,4.936457014083862,5780984.0
09/06/2006,4.99025821685791,5.025040680934247,4.951383996609728,4.99025821685791,3330400,0.0,0.0,-,5.602570776939392,5.047212734222412,4.853472661972046,4.925410985946655,5777704.0
09/05/2006,5.074144447559118,5.100743004746488,4.992303483614326,5.041408061981201,4800800,0.0,0.0,-,5.603975663185119,5.059940662384033,4.839883399009705,4.9104774475097654,5748008.0
09/01/2006,5.039362676408564,5.100743700425149,4.986166335275497,5.096651554107666,4318400,0.0,0.0,-,5.604151654243469,5.070257816314697,4.824961137771607,4.888796281814575,5688624.0
08/31/2006,4.92069120638388,5.09869559785868,4.916599451943569,5.010716438293457,5614400,0.0,0.0,-,5.604203469753266,5.0798782634735105,4.807378649711609,4.866080570220947,5663832.0
08/30/2006,4.887955019366928,4.920691397652263,4.830666552491797,4.91046142578125,3888800,0.015,0.0,-,5.605789904594421,5.09187047958374,4.79450113773346,4.847060298919677,5623544.0
08/29/2006,4.836839755311351,4.885820362772985,4.826635218800637,4.851125717163086,5612000,0.0,0.0,-,5.6076748657226565,5.103867807388306,4.797554922103882,4.835616636276245,5591048.0
08/28/2006,4.82255340419635,4.87561582626227,4.810308349646759,4.851125717163086,5760400,0.0,0.0,-,5.609714591503144,5.116888551712036,4.8032694339752195,4.832351589202881,5567080.0
08/25/2006,4.800107954831395,4.863374573602754,4.763372373201713,4.834802627563477,4862000,0.0,0.0,-,5.6113386988639835,5.131297082901001,4.814698386192322,4.812555360794067,5576760.0
08/24/2006,4.877658804492612,4.877658804492612,4.77969754797752,4.826637268066406,7525200,0.0,0.0,-,5.612811260223388,5.147052478790283,4.827147507667542,4.798269128799438,5563216.0
08/23/2006,4.863372431209651,4.869495155205297,4.800105840308234,4.840922832489014,6073200,0.0,0.0,-,5.614547674655914,5.160481281280518,4.835821223258972,4.79582028388977,5512008.0
08/22/2006,4.845004648486111,4.853168280480306,4.79194220831404,4.840922832489014,5283600,0.0,0.0,-,5.6164964890480045,5.172930526733398,4.851740050315857,4.781534337997437,5500248.0
08/21/2006,4.84704600583113,4.867454698445211,4.796024468927644,4.824596405029297,3862000,0.0,0.0,-,5.618566949367523,5.185583953857422,4.871230292320251,4.769289350509643,5560456.0
08/18/2006,4.869494438171387,4.9735783951906,4.773573722680931,4.869494438171387,13017200,0.0,0.0,-,5.622776849269867,5.199706707000733,4.885108113288879,4.761125993728638,5588624.0
08/17/2006,4.763369478663262,4.89194354697347,4.742960791352488,4.820513725280762,10538400,0.0,0.0,-,5.62606281042099,5.212319221496582,4.891230773925781,4.748676729202271,5490512.0
08/16/2006,4.622551484071045,4.796024799346924,4.514386067512262,4.796024799346924,21376000,0.0,0.0,-,5.629370658397675,5.225870552062989,4.902251482009888,4.741941976547241,5417928.0
08/15/2006,4.724595393184032,4.842965372136225,4.653165146222779,4.818475246429443,8666400,0.0,0.0,-,5.631625072956085,5.242599630355835,4.920823240280152,4.759493207931518,5076440.0
08/14/2006,4.702144444982313,4.736838712082999,4.64704109853407,4.653163433074951,6835200,0.0,0.0,-,5.632753536701203,5.258838939666748,4.934803080558777,4.774187278747559,4971632.0
08/11/2006,4.800106101853553,4.818473885577905,4.687858491397682,4.691940307617188,3346800,0.0,0.0,-,5.635641148090363,5.281357545852661,4.960722017288208,4.816841411590576,4894072.0
08/10/2006,4.698064801743616,4.818475700734789,4.66745194709207,4.802148818969727,4082400,0.0,0.0,-,5.638760628700257,5.3045260524749756,4.976538753509521,4.856025886535645,4952848.0
08/09/2006,4.749084912229254,4.824596571463822,4.687858832274889,4.698063373565674,5000400,0.0,0.0,-,5.641653451919556,5.323535490036011,4.993477845191956,4.8758221626281735,4992608.0
08/08/2006,4.775616842572994,4.820516054201377,4.716432048967656,4.718472957611084,4862400,0.0,0.0,-,5.644499044418335,5.341653633117676,5.020315146446228,4.9219457626342775,4962312.0
08/07/2006,4.74500374575699,4.812352170448808,4.708268170604454,4.742962837219238,5722800,0.0,0.0,-,5.64697901725769,5.360829696655274,5.052050495147705,4.973171234130859,4942032.0
08/04/2006,4.785819168336989,4.896025459174682,4.712348048269632,4.745001792907715,14728000,0.0,0.0,-,5.649924495220184,5.3797196197509765,5.077765226364136,5.009090232849121,4996328.0
08/03/2006,4.87969938251918,4.87969938251918,4.693981033633868,4.753166198730469,12901600,0.0,0.0,-,5.651987991333008,5.399016780853271,5.102153611183167,5.033784818649292,4891600.0
08/02/2006,4.965414390556598,5.006231762917304,4.916433777281738,4.971537113189697,4564800,0.0,0.0,-,5.6540917611122135,5.417743358612061,5.129603123664856,5.062560987472534,4768024.0
08/01/2006,5.051132152136023,5.065418120183147,4.875617940669219,4.965415954589844,7572000,0.0,0.0,-,5.65528614282608,5.432591247558594,5.153583335876465,5.082153272628784,4807544.0
07/31/2006,5.069500608479968,5.1817478488106605,5.0633778831067815,5.079704761505127,3972800,0.0,0.0,-,5.656308393478394,5.445647401809692,5.18827793598175,5.095418882369995,4783584.0
07/28/2006,5.047049494349055,5.1429702168400455,5.022559378712092,5.083785057067871,4012000,0.0,0.0,-,5.656617276668548,5.456214179992676,5.220523428916931,5.10460262298584,4812480.0
07/27/2006,5.206238675410476,5.218483737632763,5.00011157989502,5.00011157989502,3705600,0.0,0.0,-,5.657220005989075,5.467147293090821,5.255218052864075,5.097051620483398,4990960.0
07/26/2006,5.19807547208969,5.230729233565644,5.157258464876519,5.159299373626709,3133600,0.0,0.0,-,5.658535077571869,5.485211277008057,5.284810590744018,5.1111335277557375,5004064.0
07/25/2006,5.100112665652094,5.247054548442505,5.061336189497506,5.230727672576904,3170400,0.0,0.0,-,5.658912284374237,5.499562034606933,5.3035862922668455,5.118684530258179,5051680.0
07/24/2006,5.016436641381369,5.153174352645873,5.012354825698639,5.102152824401856,3708800,0.0,0.0,-,5.658080854415894,5.51105881690979,5.323382639884949,5.130929756164551,5122656.0
07/21/2006,5.012356346250902,5.067459706893849,4.969498436370935,4.991947650909424,3552800,0.0,0.0,-,5.656979968547821,5.528996133804322,5.346138286590576,5.146440219879151,5115736.0
07/20/2006,5.140930050304566,5.175624710179305,5.038886978821621,5.040927886962891,2045600,0.0,0.0,-,5.65638955116272,5.5497891330719,5.375424599647522,5.170522403717041,5144520.0
07/19/2006,5.106234290753336,5.210318247962074,5.098070659946372,5.167459964752197,3703200,0.0,0.0,-,5.65552383184433,5.570742874145508,5.403894567489624,5.196645259857178,5149208.0
07/18/2006,5.169502284013922,5.173584100531966,5.030723636508027,5.098072052001953,4191200,0.0,0.0,-,5.653711192607879,5.589573240280151,5.42103796005249,5.225013399124146,5154088.0
07/17/2006,5.034804455507795,5.189909949092214,5.024600305497827,5.171542167663574,3404400,0.0,0.0,-,5.651495361328125,5.608773202896118,5.441242504119873,5.281136989593506,5135608.0
07/14/2006,5.1205222750690425,5.149094215636247,5.008275032043457,5.008275032043457,4604400,0.0,0.0,-,5.648658752441406,5.625241298675537,5.46124300956726,5.336444234848022,5228552.0
07/13/2006,5.218483224755635,5.265422949714048,5.126644683219193,5.140930652618408,4078800,0.0,0.0,-,5.647510259151459,5.648273506164551,5.491957879066467,5.413384485244751,5209656.0
07/12/2006,5.332770652156628,5.353179343952797,5.218482523066872,5.234809398651123,4288400,0.0,0.0,-,5.6457289123535155,5.668204650878907,5.509815216064453,5.4584876537323,5193984.0
07/11/2006,5.2368508816739645,5.353179931640625,5.183788432883943,5.353179931640625,5872400,0.0,0.0,-,5.642809119224548,5.688172340393066,5.52124400138855,5.488488054275512,5199888.0
07/10/2006,5.2531756465292885,5.293993018188308,5.212358664133574,5.257257461547852,2957600,0.0,0.0,-,5.639784054756165,5.705894842147827,5.527264714241028,5.515835523605347,5186136.0
07/07/2006,5.2797096061576845,5.298077004090136,5.212361182860386,5.23276948928833,4321600,0.0,0.0,-,5.6370054459571834,5.724110307693482,5.540938544273376,5.545836353302002,5239552.0
07/06/2006,5.483793330545641,5.549100816122324,5.177664199957451,5.302156448364258,15474800,0.0,0.0,-,5.63432900428772,5.740534906387329,5.554306077957153,5.580326795578003,5220392.0
07/05/2006,5.651146097791616,5.689922189420492,5.424610326872462,5.451141357421875,6630400,0.0,0.0,-,5.631984801292419,5.755938243865967,5.564102268218994,5.61114387512207,5001592.0
07/03/2006,5.71849311774084,5.777677889522746,5.610327335104656,5.659307956695557,3191600,0.0,0.0,-,5.629341704845428,5.766651372909546,5.573169136047364,5.617062520980835,4954736.0
06/30/2006,5.82053533082317,5.867475037701586,5.72461462020874,5.72461462020874,4855600,0.0,0.0,-,5.625799701213837,5.773934297561645,5.57172577381134,5.60134801864624,5011808.0
06/29/2006,5.642980737561455,5.777677536010742,5.5878773956694685,5.777677536010742,4010800,0.0,0.0,-,5.621870338916779,5.782761936187744,5.574449729919434,5.586041784286499,4968088.0
06/28/2006,5.553185846787839,5.61033012839342,5.514409745345353,5.5919623374938965,3058800,0.0,0.0,-,5.617726347446442,5.790528316497802,5.578084135055542,5.570531272888184,4977216.0
06/27/2006,5.651142380986249,5.651142380986249,5.518486536961134,5.534813404083252,2794000,0.0,0.0,-,5.614673120975494,5.800665006637574,5.586117053031922,5.561142778396606,4984120.0
06/26/2006,5.555224400531064,5.663390191163794,5.551142973710955,5.626654624938965,1845600,0.0,0.0,-,5.612179338932037,5.8101527118682865,5.589574909210205,5.553999948501587,4986720.0
06/23/2006,5.53889797391485,5.610328204106068,5.524612005729294,5.557265758514404,1831600,0.0,0.0,-,5.60911484003067,5.818414487838745,5.592105984687805,5.538693904876709,5024952.0
06/22/2006,5.5899189708429935,5.626654536490356,5.540938346400978,5.57767391204834,3078800,0.0,0.0,-,5.6066405701637265,5.827168111801147,5.598615646362305,5.536040735244751,5052544.0
06/21/2006,5.528692875815241,5.651144622431462,5.504202370786648,5.610327243804932,3600000,0.0,0.0,-,5.603973040580749,5.836002168655395,5.60522494316101,5.528285360336303,5044128.0
06/20/2006,5.498082752078854,5.561349369861461,5.489919116616033,5.5103278160095215,2264000,0.0,0.0,-,5.600696215629577,5.844590492248535,5.609183335304261,5.517060661315918,5046240.0
06/19/2006,5.56951174286097,5.612369651535317,5.477672811039548,5.502162933349609,4413600,0.0,0.0,-,5.597757186889648,5.857296581268311,5.619363522529602,5.529275751113891,5066568.0
06/16/2006,5.632778361073993,5.683799903494476,5.553184490198876,5.571552276611328,6244400,0.0,0.0,-,5.595416514873505,5.870125236511231,5.625166559219361,5.54210352897644,5115808.0
06/15/2006,5.514407028099946,5.663389801527734,5.4899165225471815,5.622572422027588,4184800,0.0,0.0,-,5.592516028881073,5.877167615890503,5.626991128921508,5.562857675552368,5095640.0
06/14/2006,5.502158817067417,5.5144042583248485,5.434810447204282,5.498077392578125,4964800,0.0,0.0,-,5.589522631168365,5.883026723861694,5.627384543418884,5.585636997222901,5101496.0
06/13/2006,5.4572623818697,5.55114219225775,5.442976416851885,5.463385105133057,5485200,0.0,0.0,-,5.5870910215377805,5.890398302078247,5.64764621257782,5.6110913276672365,5129888.0
06/12/2006,5.526656670347871,5.624617995286504,5.465430939577151,5.4735941886901855,8294000,0.0,0.0,-,5.584964377880096,5.900011320114135,5.668318819999695,5.625149869918824,5085400.0
06/09/2006,5.518489003695565,5.585837409336576,5.49808031335454,5.530734062194824,5270400,0.0,0.0,-,5.5827361106872555,5.90929796218872,5.684917449951172,5.645518064498901,5003080.0
06/08/2006,5.477670568982224,5.520528460114471,5.347055598754446,5.500120162963867,8111600,0.015,0.0,-,5.580212018489838,5.916912393569946,5.708331680297851,5.661190557479858,4975336.0
06/07/2006,5.620259892471882,5.620259892471882,5.494007508345763,5.498080253601074,6909200,0.0,0.0,-,5.5779118156433105,5.9244060039520265,5.734905552864075,5.682164525985717,4918776.0
06/06/2006,5.626369595049704,5.6691326508297175,5.491972085566975,5.632478713989258,4301600,0.0,0.0,-,5.575540878772736,5.931940412521362,5.764432287216186,5.701306009292603,4918936.0
06/05/2006,5.754656709018054,5.768910927354462,5.628404339584423,5.630440711975098,3426000,0.0,0.0,-,5.572548530101776,5.937112693786621,5.788257265090943,5.709451293945312,4913272.0
06/02/2006,5.878874070683415,5.8809100551483695,5.703749888418169,5.7790937423706055,2957200,0.0,0.0,-,5.570497088432312,5.941429710388183,5.809638738632202,5.70822958946228,4960856.0
06/01/2006,5.7220772467626615,5.872765353362016,5.701713905136059,5.85036563873291,6285600,0.0,0.0,-,5.567429242134094,5.94057445526123,5.820431399345398,5.69112458229065,5000800.0
05/31/2006,5.585642034508313,5.791310998071572,5.569351442760646,5.752620697021484,6070400,0.0,0.0,-,5.564996457099914,5.9373163223266605,5.835907387733459,5.669132089614868,4985976.0
05/30/2006,5.677278016313997,5.685423508609254,5.553062365998914,5.603970527648926,3485600,0.0,0.0,-,5.563345785140991,5.9359316062927245,5.855150747299194,5.684201097488403,4974896.0
05/26/2006,5.6752401504904615,5.691530741282753,5.606005042523642,5.677276134490967,3848400,0.0,0.0,-,5.562397892475128,5.935687255859375,5.886611914634704,5.711487770080566,5039696.0
05/25/2006,5.546952379077985,5.693567721871811,5.496044225391442,5.6874589920043945,8437600,0.0,0.0,-,5.561265571117401,5.935402173995971,5.914713358879089,5.724316835403442,5069000.0
05/24/2006,5.658951684135236,5.728186429695272,5.561207714288928,5.709859848022461,9491600,0.0,0.0,-,5.559708023071289,5.93650179862976,5.938741946220398,5.755472803115845,5086640.0
05/23/2006,5.728185001933778,5.7750207962189455,5.685422341358452,5.689495086669922,6722800,0.0,0.0,-,5.557785549163818,5.936420345306397,5.95594892501831,5.7876465797424315,4999056.0
05/22/2006,5.595824649175053,5.7607673611849615,5.500117451701411,5.713931560516357,6540800,0.0,0.0,-,5.555701882839203,5.936094541549682,5.975090336799622,5.82755856513977,4956584.0
05/19/2006,5.603969446775825,5.685422412025805,5.591751210689547,5.618223667144775,6374000,0.0,0.0,-,5.5539816164970395,5.935239276885986,5.988733649253845,5.867063236236572,4896200.0
05/18/2006,5.6589518359068665,5.687460284160792,5.603970924218457,5.608043670654297,5417600,0.0,0.0,-,5.552689318656921,5.935280017852783,6.008995175361633,5.911047887802124,4830616.0
05/17/2006,5.728184256337594,5.805564853589978,5.597859530520933,5.630440711975098,12936000,0.0,0.0,-,5.5518323516845705,5.937927227020264,6.036892819404602,5.949738216400147,4786576.0
05/16/2006,5.838148386601638,5.903310775756836,5.80353081881313,5.903310775756836,4360800,0.0,0.0,-,5.550822923183441,5.940330114364624,6.06367061138153,6.002682685852051,4577368.0
05/15/2006,5.791311541766469,5.913491185543506,5.762802712232853,5.876837253570557,5514400,0.0,0.0,-,5.548115298748017,5.936868333816529,6.07344491481781,6.026100397109985,4536144.0
05/12/2006,5.954218526177606,5.986799718486225,5.789276191565417,5.805566787719727,6719200,0.0,0.0,-,5.545610859394073,5.934832000732422,6.080062985420227,6.061736059188843,4481880.0
05/11/2006,5.999018669128418,6.078435679799775,5.986800816870717,5.999018669128418,3362800,0.0,0.0,-,5.543654985427857,5.934506168365479,6.091771817207336,6.1051098823547365,4412056.0
05/10/2006,6.068251155009095,6.100832339026454,6.003088786974378,6.03159761428833,4992000,0.0,0.0,-,5.540630693435669,5.931085071563721,6.091568231582642,6.1220110893249515,4413384.0
05/09/2006,6.119159754359904,6.125268872462574,6.060106499627607,6.088614940643311,2280000,0.0,0.0,-,5.537443506717682,5.9257906055450436,6.090957188606263,6.12425127029419,4391784.0
05/08/2006,6.011234712356235,6.113051016880975,6.011234712356235,6.108978271484375,3947200,0.0,0.0,-,5.534042050838471,5.919966735839844,6.088513612747192,6.122622108459472,4408864.0
05/05/2006,6.051961064641279,6.082506267037969,6.001052911844638,6.058070182800293,3267200,0.0,0.0,-,5.530457825660705,5.912228689193726,6.090346312522888,6.110404062271118,4443200.0
05/04/2006,6.111017536586311,6.137489617396948,5.946075153938955,5.9949469566345215,8051600,0.0,0.0,-,5.527391185760498,5.90477575302124,6.0946225881576535,6.106942462921142,4467488.0
05/03/2006,6.129340597860609,6.237265614258974,6.098795789227078,6.159885406494141,3659600,0.0,0.0,-,5.524943659305572,5.899684896469116,6.0910588026046755,6.124047422409058,4449112.0
05/02/2006,6.233195481500878,6.27799452425133,6.131379157469297,6.137487888336182,3295200,0.0,0.0,-,5.521681563854218,5.885023365020752,6.078840923309326,6.124658536911011,4434936.0
05/01/2006,6.239302603650965,6.318719580029991,6.2128305371235255,6.233193874359131,4583600,0.0,0.0,-,5.518571918010712,5.872841548919678,6.065299344062805,6.120789432525635,4415656.0
04/28/2006,6.170069879010224,6.267813857905873,6.100834738641788,6.239305019378662,5184800,0.0,0.0,-,5.51483199596405,5.860086603164673,6.050841450691223,6.098389911651611,4389208.0
04/27/2006,6.062141709093096,6.229120354541559,6.037705629769716,6.168030738830566,5628400,0.0,0.0,-,5.510909757614136,5.847209434509278,6.035772514343262,6.0784337520599365,4351424.0
04/26/2006,6.090653368166026,6.098798861717656,6.00920037464228,6.053999423980713,3363600,0.0,0.0,-,5.507829496860504,5.833766574859619,6.022943758964539,6.061125373840332,4327208.0
04/25/2006,5.988833997646332,6.119158721314657,5.986797625289226,6.072323322296143,4534800,0.0,0.0,-,5.5055014777183535,5.8228481578826905,6.013983821868896,6.057663106918335,4348960.0
04/24/2006,5.992906926860228,6.0601056631203,5.927744563019955,5.98679780960083,4287600,0.0,0.0,-,5.5031020855903625,5.812497854232788,6.0041076898574826,6.0544051170349125,4381760.0
04/21/2006,6.198578404736103,6.198578404736103,5.990872994112313,6.023454189300537,6045200,0.0,0.0,-,5.500745890140533,5.804670829772949,5.999322438240052,6.070288562774659,4392712.0
04/20/2006,6.155814686354907,6.231158934936,6.108979271819914,6.165996551513672,2669600,0.0,0.0,-,5.500158915519714,5.794972848892212,5.990464305877685,6.082302713394165,4324144.0
04/19/2006,6.104906525756407,6.184323520401007,6.08454318383732,6.165996551513672,4467200,0.0,0.0,-,5.499243652820587,5.782627229690552,5.968981027603149,6.058070182800293,4347368.0
04/18/2006,6.037706828246835,6.139523133574432,6.023452607644712,6.098796844482422,3404000,0.0,0.0,-,5.4974381279945375,5.769631423950195,5.945054149627685,6.033023309707642,4376344.0
04/17/2006,6.031598378116863,6.074361041905635,5.960326883403842,6.0091986656188965,2924000,0.0,0.0,-,5.496191177368164,5.7581015396118165,5.9242835521698,6.009809255599976,4428496.0
04/13/2006,5.999016744471176,6.108978544707133,5.986798896133312,6.039743423461914,3757200,0.0,0.0,-,5.495918276309967,5.751167411804199,5.903411269187927,6.003292989730835,4686776.0
04/12/2006,6.009201183870908,6.058072986566473,5.986801461985979,5.9949469566345215,3211200,0.0,0.0,-,5.495158817768097,5.746304311752319,5.884575200080872,5.993111276626587,4736848.0
04/11/2006,6.0906482093764165,6.098793696028805,5.999013426527952,6.019376754760742,2658000,0.0,0.0,-,5.494228780269623,5.742215204238891,5.871949863433838,5.984762144088745,4856880.0
04/10/2006,6.12526913862375,6.161923072035736,6.009198608418058,6.039743423461914,3705600,0.0,0.0,-,5.492984368801117,5.738937854766846,5.856270384788513,5.970304536819458,4875568.0
04/07/2006,6.141559521559449,6.25355730233893,6.100832843967793,6.145632266998291,3280400,0.0,0.0,-,5.4921237254142765,5.737203674316406,5.837943458557129,5.9538102626800535,4915696.0
04/06/2006,6.007161834895933,6.155813543018427,5.99290761471958,6.1435956954956055,6875600,0.0,0.0,-,5.491027019023895,5.731970129013061,5.814220261573792,5.928356313705445,4952616.0
04/05/2006,5.897198795074818,5.929780362243817,5.838145554202261,5.923671245574951,5236000,0.0,0.0,-,5.489647114276886,5.726655387878418,5.788053512573242,5.898625898361206,4907112.0
04/04/2006,5.856474559111155,5.954218129525631,5.856474559111155,5.915527820587158,4477600,0.0,0.0,-,5.489538815021515,5.726551856994629,5.778890156745911,5.879891872406006,5007896.0
04/03/2006,5.950145655498916,5.994945085284422,5.8340751117790886,5.866656303405762,6384400,0.0,0.0,-,5.489966945648193,5.724254350662232,5.770643019676209,5.8570849895477295,5024440.0
03/31/2006,5.946072379639502,5.97865356623492,5.929781786341793,5.94403600692749,3260800,0.0,0.0,-,5.490841763019562,5.725006599426269,5.763821291923523,5.838757848739624,5030224.0
03/30/2006,5.954216884081007,6.0051250315732165,5.899235991573819,5.937926292419434,4178000,0.0,0.0,-,5.491127352714539,5.727949695587158,5.7553705215454105,5.803529548645019,5030112.0
03/29/2006,5.866656202243104,5.956254671870669,5.864619829251747,5.911455631256104,3883200,0.0,0.0,-,5.491494069099426,5.729795980453491,5.747937965393066,5.776039123535156,5070136.0
03/28/2006,5.891091274793671,5.915526969683188,5.848328226139466,5.874800682067871,5283600,0.0,0.0,-,5.492155017852784,5.733471994400024,5.743763375282287,5.759137582778931,5102784.0
03/27/2006,5.891091274793671,5.895164020074713,5.8544373440610284,5.874800682067871,6917200,0.0,0.0,-,5.492736206054688,5.73991286277771,5.738367056846618,5.742236232757568,5088280.0
03/24/2006,5.868693060892032,5.893129150412073,5.83407549397108,5.891092777252197,4018400,0.0,0.0,-,5.493236458301544,5.7462318229675295,5.73449809551239,5.722076654434204,5031048.0
03/23/2006,5.709858077991757,5.887018215897301,5.707821705459718,5.846291542053223,5805200,0.0,0.0,-,5.493139305114746,5.7520217609405515,5.726047253608703,5.700084209442139,5067512.0
03/22/2006,5.656914387609341,5.7587306987645945,5.640623793360436,5.736330986022949,4954400,0.0,0.0,-,5.4937913036346435,5.758504562377929,5.718003845214843,5.6774811267852785,5042912.0
03/21/2006,5.6874589920043945,5.777057451244261,5.603969651030334,5.6874589920043945,5544400,0.0,0.0,-,5.495073902606964,5.766455135345459,5.718207502365113,5.677888441085815,5094360.0
03/20/2006,5.616186163970245,5.697639112824396,5.601931946470557,5.683384895324707,5516400,0.0,0.0,-,5.496287796497345,5.772213582992554,5.705174994468689,5.684201049804687,5130224.0
03/17/2006,5.658952160835855,5.689496984061542,5.585644274375408,5.591753005981445,6725600,0.0,0.0,-,5.497693743705749,5.776753158569336,5.697425603866577,5.688884735107422,5177408.0
03/16/2006,5.775020195342891,5.779092551832273,5.646731450168284,5.663022041320801,5313600,0.0,0.0,-,5.4989014029502865,5.785563535690308,5.69761028289795,5.707211494445801,5264096.0
03/15/2006,5.724113256233673,5.7831665159621375,5.514371511077461,5.742440223693848,9319600,0.0,0.0,-,5.4990558695793155,5.7919326877594,5.6942315101623535,5.719836807250976,5343464.0
03/14/2006,5.671169614388667,5.709859928238075,5.579534762744932,5.705787181854248,5112400,0.0,0.0,-,5.499035422801971,5.794519147872925,5.681903886795044,5.728389167785645,5201088.0
03/13/2006,5.709858832457456,5.732258156472896,5.626369101205439,5.6732048988342285,4599200,0.0,0.0,-,5.498703391551971,5.798610677719116,5.672018456459045,5.734497880935669,5180968.0
03/10/2006,5.638587140452092,5.75262129453017,5.595824089923823,5.671168327331543,3521600,0.0,0.0,-,5.498372683525085,5.802622480392456,5.666098618507386,5.7469195365905765,5150144.0
03/09/2006,5.7587309672554445,5.766876070560446,5.61007885085534,5.620260715484619,3094800,0.0,0.0,-,5.498254146575928,5.806309299468994,5.662312531471253,5.752010297775269,5152368.0
03/08/2006,5.746512859545496,5.787239542186009,5.677277732095683,5.74040412902832,3215600,0.0,0.0,-,5.49854163646698,5.8142650604248045,5.658227252960205,5.758526563644409,5149200.0
03/07/2006,5.701713297536325,5.760766943120609,5.677277212508733,5.750585079193115,2475600,0.0,0.0,-,5.497814340591431,5.819045877456665,5.648642826080322,5.758526563644409,5201448.0
03/06/2006,5.764839308960791,5.809638733512335,5.69356781495475,5.730221748352051,2299600,0.0,0.0,-,5.497026047706604,5.8201284503936765,5.636923885345459,5.72614893913269,5209632.0
03/03/2006,5.732257551849205,5.866655035359542,5.69560362209214,5.775020599365234,2801200,0.0,0.0,-,5.496188080310821,5.822309083938599,5.626527929306031,5.705966472625732,5216016.0
03/02/2006,5.772984576094625,5.821856355928427,5.697640339435191,5.789275169372559,3228000,0.0,0.0,-,5.494318175315857,5.822130899429322,5.62090151309967,5.6880090713500975,5265712.0
03/01/2006,5.795382263282837,5.832036184911751,5.74651049724371,5.827963829040527,3429200,0.0,0.0,-,5.491609470844269,5.821180057525635,5.621267175674438,5.668626213073731,5372728.0
02/28/2006,5.768910685659852,5.8055646103597125,5.707821070092285,5.766874313354492,3912000,0.0,0.0,-,5.488141760826111,5.819333477020264,5.6193935632705685,5.6354186058044435,5359352.0
02/27/2006,5.7526224118226414,5.80149420163385,5.7139320992393445,5.797421455383301,3134000,0.0,0.0,-,5.485383467674255,5.8199277591705325,5.623825311660767,5.609539031982422,5407488.0
02/24/2006,5.703748974742368,5.722075939178467,5.534733938141504,5.722075939178467,5664000,0.0,0.0,-,5.482502737045288,5.817716827392578,5.631605958938598,5.585277700424195,5463496.0
02/23/2006,5.750585757403508,5.781130575991585,5.681350628124697,5.685423374176025,4481600,0.0,0.0,-,5.480362303256989,5.813965139389038,5.639699912071228,5.572614765167236,5439024.0
02/22/2006,5.5489893420554,5.795384645675053,5.526589627763274,5.74040412902832,7132800,0.015,0.0,-,5.478405132293701,5.811840505599975,5.649321675300598,5.557927942276001,5431080.0
02/21/2006,5.564968017519985,5.564968017519985,5.396332634792891,5.426808834075928,2950800,0.0,0.0,-,5.476253850460052,5.808453674316406,5.658226203918457,5.538759088516235,5357752.0
02/17/2006,5.621857878102675,5.632016483234332,5.520270276682335,5.528397083282471,2331200,0.0,0.0,-,5.475842225551605,5.812435932159424,5.676918387413025,5.547698831558227,5371672.0
02/16/2006,5.6035733951180005,5.61576380164469,5.53449377892337,5.595446586608887,3261200,0.0,0.0,-,5.475700297355652,5.813736248016357,5.695711970329285,5.547089385986328,5419176.0
02/15/2006,5.506049367852417,5.62389099767984,5.4755731577726765,5.595446586608887,3295600,0.0,0.0,-,5.474990847110749,5.815646047592163,5.720499181747437,5.553793954849243,5478776.0
02/14/2006,5.5283957499599055,5.562935541613652,5.44915756397078,5.495887756347656,4417600,0.0,0.0,-,5.474119803905487,5.817271423339844,5.742238879203796,5.573908138275146,5540088.0
02/13/2006,5.520268975924993,5.556840565822995,5.457284786392799,5.508078575134277,4451200,0.0,0.0,-,5.473625364303589,5.820239248275757,5.772207307815552,5.603368520736694,5602680.0
02/10/2006,5.508077952447902,5.579188938626216,5.497918963332564,5.554808139801025,6174800,0.0,0.0,-,5.473160858154297,5.821584587097168,5.8066455841064455,5.638111591339111,5623584.0
02/09/2006,5.56496998900311,5.656399006768368,5.520271573387893,5.595446586608887,4835200,0.0,0.0,-,5.473129260540008,5.822279138565063,5.838442611694336,5.677934217453003,5633664.0
02/08/2006,5.558872739638843,5.579189946488133,5.508078947463855,5.538555145263672,2616800,0.0,0.0,-,5.4726318883895875,5.82025520324707,5.867699766159058,5.706785058975219,5689024.0
02/07/2006,5.499953581251797,5.567001393688491,5.485731376723711,5.548715591430664,3830800,0.0,0.0,-,5.472540166378021,5.818923053741455,5.89929358959198,5.740715408325196,5685032.0
02/06/2006,5.512142667738616,5.562936464626287,5.473539661122646,5.51620626449585,5916000,0.0,0.0,-,5.472347137928009,5.816657838821411,5.928550791740418,5.7776933193206785,5682720.0
02/03/2006,5.603572639323318,5.664525051261702,5.497921430272532,5.522302627563477,6011600,0.0,0.0,-,5.473296282291412,5.813623609542847,5.951509547233582,5.806137943267823,5701280.0
02/02/2006,5.743762267409596,5.829095856071205,5.542618891462779,5.662492275238037,15838000,0.0,0.0,-,5.47312422990799,5.810305280685425,5.970912599563599,5.844334554672241,5706816.0
02/01/2006,5.747826420840149,5.827064622444536,5.739699227072557,5.79658842086792,6260800,0.0,0.0,-,5.472725896835327,5.801750249862671,5.989401578903198,5.88720440864563,5516552.0
01/31/2006,5.873793358669661,5.873793358669661,5.74782498690528,5.790491580963135,9212800,0.0,0.0,-,5.471677284240723,5.791243190765381,5.998646140098572,5.9105696201324465,5516424.0
01/30/2006,5.977414480311713,6.038366886125373,5.847382474562068,5.855509281158447,3592400,0.0,0.0,-,5.470548050403595,5.776965484619141,6.0027097225189205,5.941046094894409,5508712.0
01/27/2006,5.879891577763363,6.076971421846892,5.879891577763363,5.953034400939941,5712000,0.0,0.0,-,5.469497699737548,5.76199559211731,6.005452442169189,5.97517957687378,5624848.0
01/26/2006,5.940844210836151,5.989606223900792,5.818938984411534,5.883955001831055,5126400,0.0,0.0,-,5.46870706319809,5.749494972229004,6.001490473747253,5.998951005935669,5603176.0
01/25/2006,5.885985445306293,5.969287246881864,5.820969442859599,5.877858638763428,4600400,0.0,0.0,-,5.468473916053772,5.737564945220948,6.000068187713623,6.028614473342896,5573680.0
01/24/2006,5.792526266818332,5.94897129807932,5.792526266818332,5.918494701385498,10275200,0.0,0.0,-,5.467534008026123,5.725189189910889,6.007077693939209,6.057871770858765,5606688.0
01/23/2006,5.898176906238674,5.963192916068942,5.786430300257663,5.800652503967285,5304800,0.0,0.0,-,5.466673693656921,5.7103382396698,6.010125207901001,6.079408264160156,5472672.0
01/20/2006,6.09322166082469,6.170428421646546,5.859570355754755,5.904268741607666,6673600,0.0,0.0,-,5.4669378471374515,5.696911487579346,6.010328269004821,6.096881151199341,5438088.0
01/19/2006,6.024143031952852,6.154175389570021,5.993666837403425,6.091190814971924,3255200,0.0,0.0,-,5.466259753704071,5.682304515838623,6.0070775032043455,6.097490644454956,5441368.0
01/18/2006,6.068843935685711,6.27811416233027,5.518238893073366,6.030240535736084,6179200,0.0,0.0,-,5.464838924407959,5.665094413757324,5.990823531150818,6.091598749160767,5515776.0
01/17/2006,6.150113728546239,6.217161532659611,6.016018120319495,6.095256328582764,5515600,0.0,0.0,-,5.463318886756897,5.649589900970459,5.976398158073425,6.086722660064697,5792696.0
01/13/2006,6.223256708575927,6.284209506018908,6.174494703137125,6.196844100952148,4558400,0.0,0.0,-,5.4612212967872615,5.641016302108764,5.958417081832886,6.064373350143432,5817792.0
01/12/2006,6.176526488444031,6.306558890192201,6.168399681318129,6.190748691558838,4055600,0.0,0.0,-,5.459666082859039,5.6276131534576415,5.938404297828674,6.0357253074646,5925016.0
01/11/2006,6.160272078146973,6.231383476531216,6.032271871076093,6.18058967590332,5841600,0.0,0.0,-,5.458252437114716,5.613439846038818,5.913210606575012,6.004029941558838,6052552.0
01/10/2006,6.081034408440835,6.170431613922119,6.081034408440835,6.170431613922119,4575200,0.0,0.0,-,5.4565765047073365,5.594766206741333,5.88090569972992,5.97152190208435,6071728.0
01/09/2006,5.928652627937669,6.1541772326925885,5.928652627937669,6.133859634399414,7526800,0.0,0.0,-,5.4547695899009705,5.572240934371949,5.851343703269959,5.956283617019653,6127760.0
01/06/2006,5.989603573435417,5.99366716960746,5.867698400955178,5.975381374359131,7337600,0.0,0.0,-,5.4526607704162595,5.554177455902099,5.82320384979248,5.940842151641846,6073176.0
01/05/2006,6.081030788708535,6.099316578661593,5.84737950183981,5.910363674163818,7875600,0.0,0.0,-,5.451061568260193,5.5409865570068355,5.805730867385864,5.923775386810303,6009688.0
01/04/2006,5.999763860679002,6.129795866083113,5.942874664551731,6.032271862030029,11060000,0.0,0.0,-,5.4495147657394405,5.5303935527801515,5.789883327484131,5.916664361953735,5952088.0
01/03/2006,5.8412886096368135,6.026178061583234,5.735637383517132,5.981479644775391,9282000,0.0,0.0,-,5.447307932376861,5.515091753005981,5.772816562652588,5.890048313140869,5946056.0
12/30/2005,5.8737950278825295,5.955065030749318,5.857541027309172,5.871763229370117,2200800,0.0,0.0,-,5.445637838840485,5.499751510620118,5.757578349113464,5.866073656082153,5899088.0
12/29/2005,5.861601696797578,5.965221044022995,5.822998319393815,5.910363674163818,4106400,0.0,0.0,-,5.445172760486603,5.488957414627075,5.746204137802124,5.852460813522339,5960528.0
12/28/2005,5.853477434887062,5.951001825929835,5.847382426870974,5.873795032501221,3058000,0.0,0.0,-,5.444898455142975,5.473904161453247,5.729453229904175,5.841083288192749,6009248.0
12/27/2005,5.997732078091581,6.042430483186536,5.849414273092648,5.855509281158447,3632800,0.0,0.0,-,5.4456856203079225,5.459906663894653,5.715240263938904,5.8223912715911865,6057064.0
12/23/2005,6.009921570385255,6.040397768670576,5.981477170322406,6.0180487632751465,2936400,0.0,0.0,-,5.446564214229584,5.447004747390747,5.697177290916443,5.790289497375488,6120680.0
12/22/2005,5.825031813555915,6.001794372079424,5.806746018276729,5.979444980621338,5828000,0.0,0.0,-,5.446205952167511,5.4300410938262935,5.669872236251831,5.746403789520263,6190544.0
12/21/2005,5.829094913515715,5.908333094629559,5.755951738625503,5.804713726043701,2884800,0.0,0.0,-,5.446474978923797,5.41328182220459,5.642672729492188,5.705565547943115,6204688.0
12/20/2005,5.802681838716553,5.853475623268581,5.717348265168111,5.8392534255981445,2618800,0.0,0.0,-,5.447759046554565,5.401274166107178,5.620661783218384,5.687686347961426,6285784.0
12/19/2005,5.790492565742203,5.8656675520193735,5.72954016742896,5.766111373901367,5286000,0.0,0.0,-,5.4489916014671325,5.389751615524292,5.596518421173096,5.663102293014527,6405000.0
12/16/2005,5.788463292447638,5.829098500732552,5.729542666713185,5.741733074188232,8578800,0.0,0.0,-,5.45081205368042,5.3791242027282715,5.569949889183045,5.655584812164307,6620392.0
12/15/2005,5.841285982372396,5.85144458559226,5.660460209882886,5.735634803771973,2760400,0.0,0.0,-,5.45281498670578,5.365578374862671,5.546425008773804,5.649083042144776,6854152.0
12/14/2005,5.68687363016099,5.896144219365359,5.68687363016099,5.79658842086792,6318800,0.0,0.0,-,5.454424254894256,5.348505191802978,5.513473582267761,5.639947462081909,6997392.0
12/13/2005,5.548715642608181,5.719382873571339,5.4979218330959565,5.686874866485596,5934400,0.0,0.0,-,5.4544966554641725,5.330050706863403,5.47899489402771,5.6178231716156,6979536.0
12/12/2005,5.599507530865219,5.599507530865219,5.522301137408481,5.534491539001465,4440400,0.0,0.0,-,5.454582352638244,5.31366888999939,5.461051321029663,5.608089256286621,7043136.0
12/09/2005,5.52433466660251,5.6096682795437856,5.4877630628382486,5.5791916847229,4084400,0.0,0.0,-,5.4551875996589665,5.299077701568604,5.448699426651001,5.604065084457398,7097184.0
12/08/2005,5.597475163536709,5.692967730962216,5.518236979950301,5.5710625648498535,3466400,0.0,0.0,-,5.455539042949677,5.280591983795166,5.432693386077881,5.593340682983398,7164592.0
12/07/2005,5.562937131516779,5.660461527752125,5.562937131516779,5.625921726226807,3646800,0.0,0.0,-,5.455708944797516,5.2612551403045655,5.412937617301941,5.57977991104126,7253664.0
12/06/2005,5.692968668381717,5.719381271417743,5.585285682871356,5.59341287612915,4706400,0.0,0.0,-,5.455049099922181,5.244308233261108,5.388107275962829,5.553637218475342,7253480.0
12/05/2005,5.632015580012242,5.709222361724363,5.615761581892724,5.69093656539917,6241200,0.015,0.0,-,5.45443060874939,5.228133201599121,5.367132639884948,5.529934549331665,7366112.0
12/02/2005,5.551016506279893,5.747674393506941,5.534797334964878,5.67671537399292,6361200,0.0,0.0,-,5.453697483539582,5.207331485748291,5.3441200971603395,5.484314966201782,7395352.0
12/01/2005,5.595621472200175,5.668607575267037,5.514525587294948,5.644279003143311,7547200,0.0,0.0,-,5.453347954750061,5.18876051902771,5.323035073280335,5.443766975402832,7499328.0
11/30/2005,5.571290626658843,5.65846881841988,5.551016565624443,5.575345516204834,5496400,0.0,0.0,-,5.453059797286987,5.169905652999878,5.324149942398071,5.386999702453613,7530664.0
11/29/2005,5.518576712342984,5.6402206585627495,5.494248155116298,5.589535713195801,6678800,0.0,0.0,-,5.453086063861847,5.152348365783691,5.321717000007629,5.340166616439819,7580656.0
11/28/2005,5.461811476776268,5.565208843073417,5.423290798345041,5.4942498207092285,7603200,0.0,0.0,-,5.453111941814423,5.137223968505859,5.316344380378723,5.314013385772705,7640584.0
11/25/2005,5.411125878943595,5.486139395445716,5.34016686493405,5.47194766998291,2417200,0.0,0.0,-,5.453644502162933,5.125789413452148,5.303977274894715,5.2933337688446045,7646192.0
11/23/2005,5.325975536066296,5.447619513898577,5.325975536066296,5.435454845428467,3715200,0.0,0.0,-,5.454328889846802,5.115368604660034,5.282588291168213,5.272046089172363,7722648.0
11/22/2005,5.305700460984396,5.372604577997298,5.263124902869565,5.364494800567627,6844000,0.0,0.0,-,5.4550042152404785,5.105434350967407,5.272349834442139,5.246095323562622,7764968.0
11/21/2005,5.1982489821967865,5.362468518644512,5.165810641176489,5.356386184692383,6288400,0.0,0.0,-,5.456377084255219,5.097122039794922,5.269916915893555,5.222577333450317,7728632.0
11/18/2005,5.332055729677111,5.350302339684683,5.167836626304385,5.234740734100342,6324800,0.0,0.0,-,5.45851630449295,5.089620656967163,5.271133279800415,5.204330730438232,7664304.0
11/17/2005,5.076605419026376,5.271235466003418,5.076605419026376,5.271235466003418,6254400,0.0,0.0,-,5.461576242446899,5.085646982192993,5.272755336761475,5.203925228118896,7605936.0
11/16/2005,5.104989730272958,5.139455521897585,5.068496493647403,5.076606273651123,8827200,0.0,0.0,-,5.464443624019623,5.080497369766236,5.269916939735412,5.202303171157837,7555432.0
11/15/2005,5.21041197993656,5.293535250493377,5.072548881443672,5.107014656066895,9399200,0.0,0.0,-,5.468838586807251,5.080213479995727,5.282689547538757,5.261300182342529,7473136.0
11/14/2005,5.287455281775543,5.338140244364149,5.271236109215012,5.328003406524658,4628400,0.0,0.0,-,5.472718608379364,5.078956546783448,5.285223865509034,5.30326738357544,7365768.0
11/11/2005,5.26717959530502,5.321919430829029,5.246905539181818,5.287453651428223,3651600,0.0,0.0,-,5.474929170608521,5.071495723724365,5.277519702911377,5.318675374984741,7378992.0
11/10/2005,5.190139305698214,5.273262598341762,5.129317129598577,5.259070873260498,6250800,0.0,0.0,-,5.476596519947052,5.064197092056275,5.273667693138123,5.314620780944824,7565752.0
11/09/2005,5.135399074996611,5.202303192961609,5.046193455478121,5.175947189331055,3574400,0.0,0.0,-,5.479333190917969,5.059696245193481,5.269207453727722,5.293130493164062,7576960.0
11/08/2005,5.145534062013518,5.220547930579444,5.100931461622773,5.12931489944458,3575600,0.0,0.0,-,5.482525799274445,5.05600640296936,5.267484164237976,5.298604345321655,7627320.0
11/07/2005,5.2306870550995,5.277317506284553,5.169865265477962,5.173920154571533,6837600,0.0,0.0,-,5.486385033130646,5.053897962570191,5.2712349653244015,5.317256498336792,7602224.0
11/04/2005,5.271233818031543,5.289480427568053,5.180000770348987,5.230685710906982,6975600,0.0,0.0,-,5.489396262168884,5.050654668807983,5.275695252418518,5.337935829162598,7598032.0
11/03/2005,5.338138171829844,5.5854805540210535,5.240823174249247,5.255014896392822,20025200,0.0,0.0,-,5.4920732569694515,5.046802082061768,5.275898003578186,5.341585445404053,7576928.0
11/02/2005,5.46383662768696,5.688877495904395,5.46383662768696,5.666576385498047,6770400,0.0,0.0,-,5.495344321727753,5.042260599136353,5.266369342803955,5.337530708312988,7365016.0
11/01/2005,5.484111111825787,5.553042670695301,5.417206997240138,5.526686668395996,9919600,0.0,0.0,-,5.496728937625885,5.0294473838806155,5.227139306068421,5.304078912734985,7321552.0
10/31/2005,5.232713120809982,5.510466763402532,5.232713120809982,5.482083320617676,10432400,0.0,0.0,-,5.499236385822297,5.019715242385864,5.194498181343079,5.267180347442627,7233504.0
10/28/2005,5.098907697450459,5.259072381755559,5.098907697450459,5.246907711029053,6800400,0.0,0.0,-,5.500888233184814,5.010551433563233,5.163783216476441,5.236364030838013,7168464.0
10/27/2005,5.240825924635471,5.240825924635471,5.044167995452881,5.044167995452881,7376800,0.0,0.0,-,5.503393378257751,5.006293458938599,5.141684436798096,5.232714605331421,7304600.0
10/26/2005,5.317863870538,5.354357089611022,5.216493989422009,5.230685710906982,4797600,0.0,0.0,-,5.506992874145507,5.009813146591187,5.122221326828003,5.2452844142913815,7612632.0
10/25/2005,5.388822867784331,5.394905199865166,5.230685713941303,5.315836429595947,4163200,0.0,0.0,-,5.509810981750488,5.008509922027588,5.090898060798645,5.2363639831542965,7669608.0
10/24/2005,5.267178917821073,5.38071346282959,5.230685698832293,5.38071346282959,4995600,0.0,0.0,-,5.512112629413605,5.009469366073608,5.064035058021545,5.225213432312012,7657856.0
10/21/2005,5.212442014122948,5.313811951885236,5.169866825876687,5.267181873321533,10758400,0.0,0.0,-,5.51403948545456,5.010304822921753,5.034232449531555,5.213454675674439,7619376.0
10/20/2005,5.321919758871674,5.394906210735897,5.208385578957146,5.214467525482178,6933600,0.0,0.0,-,5.516402938365936,5.013249025344849,5.003415894508362,5.210210561752319,7448520.0
10/19/2005,5.16783924318819,5.344223100346608,5.1333734497984125,5.332058429718018,5272800,0.0,0.0,-,5.518142874240875,5.0179759120941165,4.980100870132446,5.195207977294922,7401392.0
10/18/2005,5.175947629806157,5.20635852479723,5.119180342246114,5.157701015472412,6542400,0.0,0.0,-,5.519536793231964,5.018853731155396,4.948574733734131,5.150199699401855,7375992.0
10/17/2005,5.2306870550995,5.2306870550995,5.141481815213979,5.173920154571533,5448800,0.0,0.0,-,5.521691615581513,5.022207012176514,4.9255637407302855,5.12181601524353,7366032.0
10/14/2005,5.153646167944976,5.2347420174741215,5.139454442614315,5.210413455963135,6813600,0.0,0.0,-,5.524924602508545,5.024183845520019,4.908533525466919,5.0912024021148685,7352016.0
10/13/2005,5.141482630288902,5.200276984684273,5.104989396052535,5.16986608505249,6429600,0.0,0.0,-,5.527844071388245,5.027373142242432,4.894138956069947,5.05065426826477,7446696.0
10/12/2005,5.200275739857488,5.240823854123955,5.027946834268213,5.141481399536133,6535200,0.0,0.0,-,5.530623545646668,5.031171102523803,4.883191013336182,4.999158239364624,7400384.0
10/11/2005,5.269207598289961,5.283399323072339,5.18608430739704,5.204330921173096,6939600,0.0,0.0,-,5.533544943332672,5.037074480056763,4.873054051399231,4.945432138442993,7357520.0
10/10/2005,5.234742443482662,5.315838299611468,5.202304101031139,5.263125896453857,8579600,0.0,0.0,-,5.535627906322479,5.041558961868287,4.860281467437744,4.902856683731079,7343496.0
10/07/2005,5.050247576641933,5.271233954115485,5.040110742946801,5.234740734100342,16055600,0.0,0.0,-,5.537487463951111,5.043532161712647,4.846191024780273,4.855010223388672,7316880.0
10/06/2005,5.038085668885214,5.226633803196665,4.987400703175494,5.064441680908203,20266800,0.0,0.0,-,5.539811522960663,5.046356334686279,4.836256837844848,4.796621227264405,7090304.0
10/05/2005,4.865756477995193,4.9529346767639,4.839400467218775,4.8819756507873535,9922400,0.0,0.0,-,5.542120146751404,5.0533553409576415,4.833722496032715,4.76499376296997,6790144.0
10/04/2005,4.8657543976126725,4.985370890822951,4.8657543976126725,4.87386417388916,5426000,0.0,0.0,-,5.545099167823792,5.063599033355713,4.842744302749634,4.746949768066406,6692384.0
10/03/2005,4.920496432620044,4.969153951999644,4.853592295136144,4.867784023284912,9114400,0.0,0.0,-,5.548421161174774,5.074004955291748,4.85125949382782,4.729311466217041,6652520.0
09/30/2005,4.638685201520621,4.813041506191169,4.638685201520621,4.804932117462158,7142800,0.0,0.0,-,5.552086050510407,5.08481575012207,4.855618405342102,4.72586464881897,6545872.0
09/29/2005,4.581919728280994,4.654905796051025,4.529207331910946,4.654905796051025,7454800,0.0,0.0,-,5.556186165809631,5.096559772491455,4.861497902870179,4.737623643875122,6514248.0
09/28/2005,4.766412452400811,4.784659064218615,4.579891832359723,4.604220390319824,7920000,0.0,0.0,-,5.560784397125244,5.11235650062561,4.880454039573669,4.767223787307739,6470008.0
09/27/2005,4.778576374053955,4.8170970390883605,4.752220373785422,4.778576374053955,3637600,0.0,0.0,-,5.5650614690780635,5.130380926132202,4.899815773963928,4.800675964355468,6450200.0
09/26/2005,4.69140074621849,4.8312913730876135,4.69140074621849,4.784661293029785,10338000,0.0,0.0,-,5.568507080078125,5.144958724975586,4.912081599235535,4.8177062511444095,6426560.0
09/23/2005,4.729919165208729,4.750193221033359,4.642740995849634,4.650850772857666,7703200,0.0,0.0,-,5.5720634007453915,5.15957667350769,4.923436307907105,4.837371826171875,6394792.0
09/22/2005,4.671126069401606,4.8191260588501015,4.6528794529824165,4.748167037963867,11560000,0.0,0.0,-,5.576298840045929,5.176263847351074,4.942796587944031,4.875892448425293,6421432.0
09/21/2005,4.648823311480036,4.774521761077876,4.610302644224687,4.701535701751709,9114000,0.0,0.0,-,5.579533588886261,5.190397653579712,4.956785273551941,4.902451229095459,6307328.0
09/20/2005,4.813042778882832,4.855618337728176,4.6447687612846185,4.697481155395508,7996000,0.0,0.0,-,5.583112390041351,5.207406511306763,4.973004269599914,4.938538837432861,6208888.0
09/19/2005,4.906302285740212,4.924548894849215,4.808986908260395,4.833315849304199,9675200,0.0,0.0,-,5.5868495655059816,5.225224800109864,4.990134191513062,4.9732075214385985,6162168.0
09/16/2005,4.926576569793142,4.967124681051332,4.910357402628955,4.922522068023682,7883600,0.0,0.0,-,5.590300085544587,5.240407381057739,4.999663043022156,4.985372161865234,6109856.0
09/15/2005,4.956989565183319,4.965098958229232,4.932660612654416,4.950907230377197,6240000,0.0,0.0,-,5.593485732078552,5.252268114089966,5.00523738861084,4.985372161865234,6280632.0
09/14/2005,4.946851552551334,4.967125611980153,4.936714716184685,4.938742160797119,5831200,0.0,0.0,-,5.595804812908173,5.2713711547851565,5.018699645996094,4.9936842918396,6243544.0
09/13/2005,4.983345028668429,4.991454807519288,4.942796907805215,4.948879241943359,5027200,0.0,0.0,-,5.598838901519775,5.292255191802979,5.03003876209259,4.998955583572387,6198744.0
09/12/2005,5.005645990520917,5.023892604259399,4.975235096521947,4.981317043304443,3072000,0.0,0.0,-,5.6022450280189515,5.309375438690186,5.050785231590271,5.00645694732666,6163016.0
09/09/2005,5.015782936714354,5.0502487204574384,5.011728047639754,5.036056995391846,3406400,0.0,0.0,-,5.605348062515259,5.326737232208252,5.07284369468689,5.009500789642334,6196088.0
09/08/2005,5.032001456449224,5.068494680016617,5.007672898534599,5.013754844665527,3729200,0.0,0.0,-,5.608288094997406,5.345108461380005,5.091760444641113,5.009700727462769,6182048.0
09/07/2005,5.068494117276813,5.068494117276813,5.001590010396575,5.062411785125732,4712400,0.0,0.0,-,5.611007511615753,5.362590398788452,5.113613295555115,5.011119318008423,6160568.0
09/06/2005,4.9772638511679865,5.078633790187259,4.961044676392729,5.044167995452881,4030800,0.0,0.0,-,5.613111262321472,5.377520952224732,5.129290175437927,5.007469701766968,6111440.0
09/02/2005,4.944825028620927,5.011729166506115,4.8921126189696285,4.954962253570557,5289600,0.0,0.0,-,5.615970494747162,5.392047481536865,5.1433500289917,5.007060861587524,6099288.0
09/01/2005,5.058357738034536,5.147562964089837,4.8840014009979456,4.922522068023682,12989600,0.0,0.0,-,5.6194267129898074,5.410300531387329,5.159240007400513,5.013953924179077,6068872.0
08/31/2005,4.99956275336628,5.052275140561235,4.944822922045122,5.03402853012085,6811200,0.0,0.0,-,5.622400999069214,5.4303759098052975,5.181607818603515,5.025102615356445,5865744.0
08/30/2005,5.038085148958811,5.042140038604072,4.946852065418259,4.991455078125,6092400,0.0125,0.0,-,5.625713500976563,5.447047634124756,5.197894597053528,5.043715000152588,5823288.0
08/29/2005,5.001636283240317,5.031986327545215,4.949030028606497,5.023892879486084,2320800,0.0,0.0,-,5.628926877975464,5.46525876045227,5.220154356956482,5.061121940612793,5746680.0
08/26/2005,5.031988710272932,5.058291657086289,5.001638651596793,5.011755466461182,6628000,0.0,0.0,-,5.631655993461609,5.484803981781006,5.2403874635696415,5.095113515853882,5822384.0
08/25/2005,5.019846500129662,5.066383057831276,5.011753437431689,5.038056373596191,5920400,0.0,0.0,-,5.634435739517212,5.505401268005371,5.257888984680176,5.136186599731445,5725520.0
08/24/2005,5.03805717658616,5.102803232156971,5.0036607863245495,5.02794075012207,9429600,0.0,0.0,-,5.636419718265533,5.524663219451904,5.274783635139466,5.173820161819458,5659800.0
08/23/2005,5.050195192065591,5.06435872442526,5.023892260945515,5.025915622711182,4597200,0.0,0.0,-,5.638645505905151,5.5443297958374025,5.294106197357178,5.216107273101807,5547816.0
08/22/2005,5.0279398069953,5.068405891178077,5.013776658235486,5.040079593658447,5517200,0.0,0.0,-,5.640941796302795,5.5646843910217285,5.312518429756165,5.251110649108886,5507168.0
08/19/2005,5.04614947573185,5.096732368350887,4.995566583112813,5.023892879486084,7180400,0.0,0.0,-,5.6438717889785766,5.583703565597534,5.330222463607788,5.279639196395874,5476944.0
08/18/2005,5.191827733546091,5.193851095430708,4.971286305041523,5.034008979797363,13607200,0.0,0.0,-,5.645534069538116,5.6027227306365965,5.349444007873535,5.304526090621948,5410312.0
08/17/2005,5.058287337644336,5.511509836787265,5.001634380532708,5.220152378082275,22778400,0.0,0.0,-,5.6472665476799015,5.619475793838501,5.367350220680237,5.338113021850586,5233512.0
08/16/2005,5.349646157801819,5.349646157801819,5.068405047831282,5.165524482727051,7646400,0.0,0.0,-,5.647665722370148,5.6346065711975095,5.378579711914062,5.352074193954468,4867736.0
08/15/2005,5.392134921152847,5.4224845719151045,5.305132305962093,5.363808631896973,3575600,0.0,0.0,-,5.648277654647827,5.65115309715271,5.3955755710601805,5.379186773300171,4779352.0
08/12/2005,5.377973495617906,5.466999500772598,5.353693535696855,5.422486305236816,3071600,0.0,0.0,-,5.647002408504486,5.6624816799163815,5.402758455276489,5.3856614112854,4781776.0
08/11/2005,5.462951517208155,5.475091301411919,5.365832471744482,5.414391994476318,2215600,0.0,0.0,-,5.644880237579346,5.673323440551758,5.407412075996399,5.379591369628907,4980432.0
08/10/2005,5.377972384153001,5.52162798000312,5.377972384153001,5.450811862945557,4577200,0.0,0.0,-,5.64178201675415,5.68170129776001,5.410952949523926,5.375747108459473,5036192.0
08/09/2005,5.3273898556374695,5.414392486490194,5.325366493766846,5.375949382781982,4002800,0.0,0.0,-,5.637696526050568,5.686563367843628,5.4111552238464355,5.372105121612549,5035520.0
08/08/2005,5.317272007131645,5.434624262758788,5.305131839161562,5.32536506652832,6044400,0.0,0.0,-,5.634136328697204,5.693811397552491,5.419956684112549,5.373926210403442,5016272.0
08/05/2005,5.361787841127955,5.361787841127955,5.260622032804787,5.272761821746826,4748000,0.0,0.0,-,5.630818982124328,5.700091714859009,5.43310821056366,5.380805730819702,4949704.0
08/04/2005,5.163500065741777,5.418437806649488,5.064357675263786,5.36987829208374,11547600,0.0,0.0,-,5.627724390029908,5.706777744293213,5.449092364311218,5.394361925125122,4985016.0
08/03/2005,5.41237036203407,5.424510150116479,5.337507499372591,5.359764099121094,4114000,0.0,0.0,-,5.624295182228089,5.712329397201538,5.456376385688782,5.3965874195098875,4818056.0
08/02/2005,5.418440401262563,5.4487900641594615,5.390113714764143,5.436650276184082,4392000,0.0,0.0,-,5.621087639331818,5.718689289093017,5.483691143989563,5.405085229873658,4801160.0
08/01/2005,5.363808982974166,5.444741518943043,5.321319160392522,5.428555011749268,6238400,0.0,0.0,-,5.617113213539124,5.721855182647705,5.511005830764771,5.411964368820191,4813568.0
07/29/2005,5.351669465890154,5.402252351632342,5.341552657191642,5.361785888671875,7248800,0.0,0.0,-,5.61332017660141,5.725142612457275,5.529822659492493,5.4198554992675785,4768640.0
07/28/2005,5.406299039007701,5.432602357408989,5.357739511863188,5.375949382781982,4726800,0.0,0.0,-,5.610152850151062,5.729159460067749,5.554203701019287,5.435232782363892,4746400.0
07/27/2005,5.392135401838767,5.43664858711387,5.3415525174201735,5.414391994476318,5258800,0.0,0.0,-,5.606532263755798,5.729661264419556,5.583137154579163,5.446158790588379,4731640.0
07/26/2005,5.4022537196993135,5.432603381647017,5.341554009887016,5.394160270690918,5034400,0.0,0.0,-,5.602830164432525,5.726324110031128,5.606810140609741,5.450205326080322,4708096.0
07/25/2005,5.4022537196993135,5.460929681342623,5.357740521986917,5.394160270690918,3432800,0.0,0.0,-,5.5994305157661435,5.721129341125488,5.62754909992218,5.4659871578216555,4724360.0
07/22/2005,5.400230701194363,5.444743515823294,5.382020825683227,5.408323764801025,3782000,0.0,0.0,-,5.596061069965362,5.717550449371338,5.646365809440613,5.485410690307617,4763408.0
07/21/2005,5.432599681578458,5.46294932285544,5.382016817477945,5.3921332359313965,5561600,0.0,0.0,-,5.593295123577118,5.7138094806671145,5.669330358505249,5.5038228034973145,4798592.0
07/20/2005,5.503418539903483,5.523651386999205,5.432602417317991,5.444742202758789,5242800,0.0,0.0,-,5.590378642082214,5.711846599578857,5.696038246154785,5.516165351867675,4760648.0
07/19/2005,5.533768347004301,5.549954856671309,5.473068646315399,5.505441665649414,6929600,0.0,0.0,-,5.587229309082031,5.708831539154053,5.717181873321533,5.562297058105469,4749952.0
07/18/2005,5.5074663162231445,5.574235732461727,5.489256440347447,5.5074663162231445,2455600,0.0,0.0,-,5.5833537793159485,5.704925661087036,5.737010359764099,5.610047292709351,4770280.0
07/15/2005,5.539838292252279,5.539838292252279,5.477115612754677,5.51555871963501,8749600,0.0,0.0,-,5.579407725334168,5.701666011810302,5.761694741249085,5.639789819717407,4966760.0
07/14/2005,5.517582488179524,5.517582488179524,5.444742993127582,5.485209465026856,9035200,0.0,0.0,-,5.575411148071289,5.701355066299438,5.787997794151306,5.673174619674683,4871232.0
07/13/2005,5.529720178242705,5.620769512527279,5.43260114561698,5.454857349395752,5854800,0.0,0.0,-,5.570831611156463,5.700722007751465,5.813795018196106,5.720115518569946,4885904.0
07/12/2005,5.604584844502185,5.634934503907995,5.539838415608439,5.551978588104248,4192000,0.0,0.0,-,5.566484355926514,5.700049619674683,5.841615629196167,5.76341495513916,4833232.0
07/11/2005,5.588395595550537,5.612675156811919,5.505439334476922,5.588395595550537,5660000,0.0,0.0,-,5.562194972038269,5.696950044631958,5.866198968887329,5.789111042022705,4840376.0
07/08/2005,5.493302466166713,5.594468258861927,5.487232765591799,5.592444896697998,7059600,0.0,0.0,-,5.557642984390259,5.693485679626465,5.886331105232239,5.807320928573608,4784672.0
07/07/2005,5.768473185579846,5.768473185579846,5.440695867911925,5.51555871963501,16422400,0.0,0.0,-,5.553100943565369,5.692606554031372,5.905451416969299,5.834837913513184,4695224.0
07/06/2005,5.968781950457682,5.991038549020589,5.879755942122942,5.906059265136719,4385600,0.0,0.0,-,5.549114427566528,5.692214822769165,5.923256587982178,5.875911140441895,4435272.0
07/05/2005,5.766449309871332,6.005200606202169,5.766449309871332,5.982944011688232,3591200,0.0,0.0,-,5.542853348255157,5.684497852325439,5.926788187026977,5.872066688537598,4464080.0
07/01/2005,5.847381021503955,5.855474467780245,5.760378403617636,5.804891586303711,3240800,0.0,0.0,-,5.536278300285339,5.675041170120239,5.927283525466919,5.8639734268188475,4470008.0
06/30/2005,5.954619247318732,6.011271850211628,5.837266930861703,5.849406719207764,4725600,0.0,0.0,-,5.530945785045624,5.673064041137695,5.933550834655762,5.883599662780762,4514232.0
06/29/2005,5.877732237558592,5.976875051246099,5.8676158129375136,5.954618453979492,2704400,0.0,0.0,-,5.525350430011749,5.665833749771118,5.939309215545654,5.90282096862793,4520896.0
06/28/2005,5.8069191237090365,5.918201388615331,5.798825671612633,5.887851715087891,2655200,0.0,0.0,-,5.519500753879547,5.65839789390564,5.933242535591125,5.907474517822266,4536176.0
06/27/2005,5.780613159328769,5.841312864673867,5.758356562110546,5.808939456939697,2256000,0.0,0.0,-,5.514156000614166,5.652378177642822,5.923545718193054,5.919816303253174,4570408.0
06/24/2005,5.869636849550947,5.914149640531755,5.762401015835764,5.77049446105957,3423200,0.0,0.0,-,5.508924009799958,5.64749228477478,5.920016288757324,5.943286895751953,4681552.0
06/23/2005,5.968780517578125,6.009246980538592,5.865591384354048,5.86761474609375,3768800,0.0,0.0,-,5.503320620059967,5.644991178512573,5.913460612297058,5.965341281890869,4728232.0
06/22/2005,5.930337326423369,5.968780427061141,5.8635679336929165,5.926290988922119,2833200,0.0,0.0,-,5.497875764369964,5.643537025451661,5.900433039665222,5.976064920425415,4740232.0
06/21/2005,5.871661469573155,5.96473379409872,5.829171644872986,5.86761474609375,4688400,0.0,0.0,-,5.492157657146453,5.641757717132569,5.886491537094116,5.970602035522461,4785528.0
06/20/2005,5.944500835232671,5.974850876803266,5.87368510067944,5.902011394500732,2262000,0.0,0.0,-,5.48641086101532,5.638202962875366,5.876998734474182,5.981509685516357,4760208.0
06/17/2005,6.0395970497850655,6.173135846446632,5.936407909470797,6.001153945922852,6106000,0.0,0.0,-,5.480582661628723,5.635091371536255,5.8616454124450685,5.99059362411499,4760664.0
06/16/2005,5.970803663022373,6.041619777679443,5.93236056319423,6.041619777679443,1784800,0.0,0.0,-,5.472135136127472,5.632137956619263,5.841234040260315,5.983502006530761,4727944.0
06/15/2005,6.055783558898079,6.055783558898079,5.922244762236512,6.001153945922852,2634400,0.0,0.0,-,5.4632135367393495,5.626678562164306,5.817284464836121,5.975797462463379,4744544.0
06/14/2005,6.035549522793634,6.071969259930241,6.003176508875931,6.011269569396973,3830400,0.0,0.0,-,5.454652273654938,5.62279598236084,5.787278747558593,5.9590105533599855,4732384.0
06/13/2005,5.991039116830976,6.069948321517286,5.966759153741462,6.04364538192749,2564800,0.0,0.0,-,5.445940001010895,5.617095251083374,5.749091982841492,5.927275133132935,4731224.0
06/10/2005,5.989014960299816,6.005201471574266,5.914152104457437,5.9910383224487305,4006000,0.0,0.0,-,5.4375981831550595,5.60973711013794,5.703630805015564,5.896745681762695,4820312.0
06/09/2005,5.90808173178858,6.025434021656862,5.869638627166453,5.974851131439209,3848800,0.0125,0.0,-,5.4297805547714235,5.607632369995117,5.664839673042297,5.861579942703247,4801944.0
06/08/2005,5.97063403995568,6.051427388450756,5.863582997669607,5.871662139892578,4767200,0.0,0.0,-,5.422084052562713,5.606295738220215,5.627160882949829,5.8248011589050295,4793736.0
06/07/2005,5.960532582929246,6.073643224653528,5.958512701884698,5.976691246032715,4489600,0.0,0.0,-,5.414572024345398,5.605770559310913,5.598277235031128,5.8023810386657715,4778136.0
06/06/2005,5.91811671198423,6.009009445939974,5.91811671198423,5.9928507804870605,3227200,0.0,0.0,-,5.407197771072387,5.602417707443237,5.56414213180542,5.772487783432007,4739744.0
06/03/2005,5.950435818985723,5.998912215066748,5.908019453981187,5.930237770080566,3696800,0.0,0.0,-,5.400204775333404,5.596802606582641,5.530006980895996,5.732697200775147,4748656.0
06/02/2005,5.788848479971971,6.105962590067136,5.786828598252844,5.964574337005615,13004400,0.0,0.0,-,5.392922186851502,5.591308670043945,5.500719285011291,5.698966073989868,4768360.0
06/01/2005,5.695936362137487,5.857523050817435,5.657559379106104,5.833284854888916,5003600,0.0,0.0,-,5.387326090335846,5.584037246704102,5.477491140365601,5.6587714672088625,4593856.0
05/31/2005,5.72017305443329,5.750470504480542,5.6474588661175,5.693915367126465,4543600,0.0,0.0,-,5.382085115909576,5.5791896533966066,5.458504724502563,5.615546941757202,4564696.0
05/27/2005,5.6555376688936745,5.76056917520526,5.617160698269648,5.738350868225098,3040400,0.0,0.0,-,5.37698855638504,5.5782605648040775,5.444870853424073,5.570908832550049,4676008.0
05/26/2005,5.607063593525816,5.661599246424943,5.59494468796592,5.639380931854248,2716000,0.0,0.0,-,5.3714488506317135,5.57906849861145,5.427803301811219,5.510515928268433,4681064.0
05/25/2005,5.635340866667835,5.675737730043019,5.598983766680778,5.607063293457031,6513600,0.0,0.0,-,5.366855998039245,5.58339093208313,5.4165931224823,5.4680994033813475,4744544.0
05/24/2005,5.693917455548343,5.695937337659411,5.607064451037985,5.6474609375,3199600,0.0,0.0,-,5.3620832157135006,5.591874227523804,5.413664388656616,5.429520606994629,4695792.0
05/23/2005,5.550508819491537,5.7019965081365225,5.550508819491537,5.677758693695068,3269200,0.0,0.0,-,5.356515834331512,5.599549570083618,5.406089949607849,5.394173431396484,4678728.0
05/20/2005,5.560607732155665,5.617162884292207,5.534349652732487,5.594944953918457,5012400,0.0,0.0,-,5.350626194477082,5.604922323226929,5.398212552070618,5.355796480178833,4700400.0
05/19/2005,5.518192393896881,5.627263732771195,5.514152629067496,5.592926502227783,3992000,0.0,0.0,-,5.3456528377532955,5.613688430786133,5.393970799446106,5.327316761016846,4663808.0
05/18/2005,5.570707412486698,5.584846202186037,5.401041165588372,5.562628269195557,6136800,0.0,0.0,-,5.340267722606659,5.623060445785523,5.399626231193542,5.302472496032715,4642232.0
05/17/2005,5.201075949888516,5.403059481923021,5.192996423685689,5.4010396003723145,3988800,0.0,0.0,-,5.334863357543945,5.633523168563843,5.39588942527771,5.296210813522339,4570280.0
05/16/2005,5.134423557452042,5.28995103493925,5.0778680060240085,5.247534275054932,4081600,0.0,0.0,-,5.330739006996155,5.648106412887573,5.404978728294372,5.3014625072479244,4604744.0
05/13/2005,5.235413599799156,5.24551262313696,5.0495887195110285,5.134421825408936,5847600,0.0,0.0,-,5.327753818035125,5.6660021209716795,5.421945309638977,5.318832874298096,4700232.0
05/12/2005,5.215215682983398,5.302068679178047,5.148561120712427,5.215215682983398,5385200,0.0,0.0,-,5.325454726219177,5.684463453292847,5.44345645904541,5.345090675354004,4963720.0
05/11/2005,5.27783048228168,5.350544690317565,5.116243781372028,5.221275329589844,5541200,0.0,0.0,-,5.322269537448883,5.6963805103302,5.4649676322937015,5.365086841583252,4983832.0
05/10/2005,5.245513170978776,5.293989181518555,5.188958017975577,5.293989181518555,3664400,0.0,0.0,-,5.319616541862488,5.706035289764404,5.493649220466613,5.397808170318603,4982816.0
05/09/2005,5.32226714327324,5.336405931524039,5.231374382727976,5.293989181518555,4708000,0.0,0.0,-,5.315957133769989,5.713266324996948,5.520816040039063,5.418006467819214,4975080.0
05/06/2005,5.425278325196131,5.49597226013108,5.25561211084615,5.310147762298584,7946000,0.0,0.0,-,5.312157111167908,5.720376148223877,5.540610432624817,5.440628623962402,4956744.0
05/05/2005,5.251571616402334,5.439416355091051,5.156639498950756,5.344483852386475,12279600,0.0,0.0,-,5.308477170467377,5.72627405166626,5.562424635887146,5.460624837875367,4870512.0
05/04/2005,5.4535553245287565,5.55656697133355,5.429317131352859,5.500011444091797,3973200,0.0,0.0,-,5.30446485042572,5.7292634296417235,5.5878746032714846,5.49677996635437,4671584.0
05/03/2005,5.3970009978061,5.5404095367197845,5.3970009978061,5.453556537628174,9768800,0.0,0.0,-,5.300307676792145,5.728657493591308,5.601306533813476,5.495568037033081,4670808.0
05/02/2005,5.427297590113673,5.510110806128079,5.340444611061245,5.421237945556641,3221200,0.0,0.0,-,5.295920741558075,5.730472593307495,5.618979954719544,5.50849494934082,4535112.0
04/29/2005,5.394979954417798,5.453555363615111,5.267730498778105,5.396999835968018,4549200,0.0,0.0,-,5.291705441474915,5.73418402671814,5.634229707717895,5.525057744979859,4574768.0
04/28/2005,5.493951169602492,5.546466538816315,5.401038562391162,5.415177345275879,2874800,0.0,0.0,-,5.288655936717987,5.737976980209351,5.648166632652282,5.541822242736816,4566264.0
04/27/2005,5.50607225149414,5.617163062649509,5.473754910603375,5.548488616943359,2587200,0.0,0.0,-,5.28569634437561,5.741285409927368,5.671697831153869,5.56484842300415,4622136.0
04/26/2005,5.473754228215248,5.631301149103796,5.453555796363294,5.495972156524658,3424800,0.0,0.0,-,5.283044490814209,5.74220986366272,5.689674377441406,5.589490270614624,4614968.0
04/25/2005,5.522230624804065,5.613123381951845,5.459615828353967,5.52021074295044,5826000,0.0,0.0,-,5.280032467842102,5.744305658340454,5.707145929336548,5.623625612258911,4632536.0
04/22/2005,5.639379215396246,5.665636900326147,5.455574265128108,5.510109901428223,3887600,0.0,0.0,-,5.276939430236816,5.746077947616577,5.721587824821472,5.640592241287232,4625672.0
04/21/2005,5.502031710820546,5.732292828473423,5.502031710820546,5.706035137176514,5452000,0.0,0.0,-,5.273896896839142,5.747286148071289,5.731687116622925,5.664224433898926,4660456.0
04/20/2005,5.548487051641189,5.596963049301611,5.453554937712817,5.487892150878906,5058800,0.0,0.0,-,5.271110193729401,5.745946817398071,5.729162406921387,5.678969240188598,4698328.0
04/19/2005,5.601004212530111,5.633321552384171,5.5242506266899865,5.582825660705566,3468400,0.0,0.0,-,5.269534735679627,5.751873579025268,5.734817957878112,5.707045030593872,4682224.0
04/18/2005,5.554548559331162,5.66563937641654,5.554548559331162,5.5868659019470215,4366800,0.0,0.0,-,5.267715628147125,5.75715163230896,5.735221934318543,5.729464960098267,4670288.0
04/15/2005,5.601001902189862,5.762588920060707,5.534347368078352,5.564644813537598,7813200,0.0,0.0,-,5.266639678478241,5.762308549880982,5.738251686096191,5.743401670455933,4705544.0
04/14/2005,5.811065561262426,5.916097076864496,5.631299978913854,5.645439147949219,5757200,0.0,0.0,-,5.26569491147995,5.770127630233764,5.748956823348999,5.754511022567749,4629704.0
04/13/2005,5.853482111458319,5.877720302517948,5.782787804891793,5.794907093048096,4368800,0.0,0.0,-,5.264727864265442,5.77487922668457,5.75945999622345,5.778547239303589,4627240.0
04/12/2005,5.6595801863537805,5.85348424447787,5.655540422162916,5.837325572967529,5098000,0.0,0.0,-,5.263666360378266,5.774383401870727,5.771276044845581,5.789858484268189,4667304.0
04/11/2005,5.73229339690084,5.766630618311318,5.627262236045033,5.689877033233643,3422400,0.0,0.0,-,5.262583591938019,5.770055360794068,5.780971169471741,5.790666246414185,4798864.0
04/08/2005,5.887820073420091,5.887820073420091,5.7383523010793285,5.746431827545166,2284800,0.0,0.0,-,5.262017102241516,5.772385921478271,5.793797135353088,5.802583408355713,4806104.0
04/07/2005,5.758551070044844,5.887820419062756,5.661599058281412,5.853483200073242,4470000,0.0,0.0,-,5.2607861471176145,5.773746662139892,5.808138060569763,5.799149799346924,4868120.0
04/06/2005,5.841364255895,5.865602451300468,5.712094907740624,5.768650054931641,2614800,0.0,0.0,-,5.258728671073913,5.774700231552124,5.818540263175964,5.779355573654175,4901840.0
04/05/2005,5.716132237123573,5.835302519209622,5.699973574395952,5.807024955749512,2026400,0.0,0.0,-,5.257195799350739,5.774850549697876,5.834395980834961,5.7625908851623535,4937512.0
04/04/2005,5.66967747988472,5.752490694238164,5.62322136163825,5.726233005523682,3772400,0.0,0.0,-,5.255199840068817,5.774031744003296,5.850554823875427,5.7409789085388185,4974616.0
04/01/2005,5.924178030695177,5.946396346443656,5.649480255088816,5.675738334655762,7019200,0.0,0.0,-,5.253748469352722,5.777691640853882,5.871359157562256,5.73310170173645,4972192.0
03/31/2005,5.930237948845905,5.930237948845905,5.849444209777418,5.885801315307617,3087600,0.0,0.0,-,5.252137756347656,5.783046865463257,5.890446662902832,5.743402624130249,4936800.0
03/30/2005,5.877722083628331,5.936297119788391,5.762591508026582,5.908019542694092,3438400,0.0,0.0,-,5.24944659948349,5.785894365310669,5.8867100238800045,5.74037275314331,4980840.0
03/29/2005,5.80500633620358,5.871660882595937,5.774708885162143,5.84540319442749,3987200,0.0,0.0,-,5.246132090091705,5.783983030319214,5.876509761810302,5.752693605422974,5012496.0
03/28/2005,5.71209661259644,5.857524672675169,5.70401708329882,5.809048652648926,2570000,0.0,0.0,-,5.243251204490662,5.782033700942993,5.8670166492462155,5.7712760925292965,5008808.0
03/24/2005,5.645441171976564,5.764611514086488,5.639381525931735,5.712095737457275,3672800,0.0,0.0,-,5.239795751571656,5.781134071350098,5.859038233757019,5.785010862350464,5006024.0
03/23/2005,5.580806839742795,5.6757393807076175,5.57070781358844,5.655540943145752,4682000,0.0,0.0,-,5.236825063228607,5.782778301239014,5.853685593605041,5.817126321792602,4981728.0
03/22/2005,5.548487406212086,5.693915793739802,5.548487406212086,5.601003170013428,4279200,0.0,0.0,-,5.234107060432434,5.785190801620484,5.845606184005737,5.857724952697754,5045008.0
03/21/2005,5.647460341644552,5.663619396828184,5.552528203959193,5.59090518951416,3545600,0.0,0.0,-,5.23110021352768,5.788492431640625,5.839041757583618,5.9062010765075685,5138360.0
03/18/2005,5.7666312852812185,5.786829721138787,5.554548671909557,5.6474609375,10109200,0.0,0.0,-,5.228183972835541,5.79147177696228,5.836712074279785,5.960130739212036,5372200.0
03/17/2005,5.847421973475723,5.86762001352684,5.756529252234018,5.77874755859375,3293200,0.0,0.0,-,5.22536600112915,5.789771652221679,5.834679508209229,6.0096166133880615,5223408.0
03/16/2005,5.952454609314208,6.063545784185154,5.821165389242197,5.855502605438232,5890000,0.0,0.0,-,5.222112185955048,5.786413545608521,5.825074505805969,6.037490701675415,5264880.0
03/15/2005,6.009009754880793,6.158477514318058,5.966593400356013,6.031228065490723,4076000,0.0,0.0,-,5.219096293449402,5.781076803207397,5.811329317092896,6.033047294616699,5267600.0
03/14/2005,5.958513874587678,6.035267443121897,5.910037875736646,6.031228065490723,2346400,0.0,0.0,-,5.214730484485626,5.776862592697143,5.789503479003907,6.000325918197632,5225528.0
03/11/2005,6.039308607235831,6.0554672772686144,5.936296941306929,5.946396350860596,4352800,0.0,0.0,-,5.210144069194794,5.7721241760253905,5.767980170249939,5.962757205963134,5213600.0
03/10/2005,6.061527912739987,6.089805493601311,5.938317792838824,6.033250331878662,3182800,0.0,0.0,-,5.206031959056855,5.76771146774292,5.751101613044739,5.933065605163574,5150976.0
03/09/2005,6.087784947956666,6.107983382907877,6.031229792397002,6.061527252197266,2913200,0.0,0.0,-,5.201124594211579,5.761561679840088,5.727965092658996,5.890244865417481,5125856.0
03/08/2005,6.116062249889974,6.204934737663896,6.071625620749951,6.085764408111572,2539200,0.0,0.0,-,5.195744936466217,5.752749605178833,5.706842160224914,5.833487415313721,5105024.0
03/07/2005,6.136261077482358,6.20897529058948,6.118082909458687,6.130201816558838,5712000,0.0,0.0,-,5.189923231601715,5.743735065460205,5.691765451431275,5.771882438659668,5102264.0
03/04/2005,6.140299797544824,6.336224086158008,6.120101365643572,6.142319679260254,8856000,0.0,0.0,-,5.183839221000671,5.735122079849243,5.677591776847839,5.713293409347534,5097184.0
03/03/2005,5.867623739450491,6.0877859060356805,5.85752471301208,6.057488441467285,19022000,0.0,0.0,-,5.178847773075104,5.722799015045166,5.6627113819122314,5.659742403030395,4986984.0
03/02/2005,5.70805684782754,5.845405763858919,5.649481416180503,5.811068534851074,6390800,0.0,0.0,-,5.174691593647003,5.711204843521118,5.657616901397705,5.612658309936523,4672080.0
03/01/2005,5.645439283473528,5.7888473912839205,5.645439283473528,5.704014301300049,5490400,0.0,0.0,-,5.172308995723724,5.70574872970581,5.661214423179627,5.589611339569092,4612216.0
02/28/2005,5.66765985158161,5.756532745701926,5.544450114435222,5.655540943145752,3277600,0.0,0.0,-,5.170932948589325,5.703683681488037,5.664519500732422,5.5786810398101805,4561560.0
02/25/2005,5.6050440959307055,5.691897093111748,5.526270626512127,5.64948034286499,3791200,0.0,0.0,-,5.169879484176636,5.703071966171264,5.66278862953186,5.573203134536743,4554176.0
02/24/2005,5.463654309898777,5.627261245907191,5.44143638366232,5.605042934417725,3634400,0.0,0.0,-,5.168956594467163,5.701573400497437,5.670634865760803,5.569137620925903,4551992.0
02/23/2005,5.502031892882579,5.5767659763980255,5.483853342439716,5.493952751159668,2333200,0.0125,0.0,-,5.1684163331985475,5.6986652374267575,5.681106162071228,5.5656853199005125,4528064.0
02/22/2005,5.518101694107702,5.61890734856347,5.443505340611489,5.469714641571045,3934400,0.0,0.0,-,5.168852670192718,5.6981401538848875,5.701466608047485,5.580196905136108,4514168.0
02/18/2005,5.624955977778882,5.685439606942236,5.5443115234375,5.5443115234375,2984000,0.0,0.0,-,5.1699115800857545,5.69866436958313,5.716789174079895,5.611648464202881,4485288.0
02/17/2005,5.604793457134012,5.665277072150654,5.562455272711065,5.606809616088867,5204000,0.0,0.0,-,5.173264763355255,5.697736911773681,5.727877831459045,5.641890144348144,4460856.0
02/16/2005,5.5926959864181285,5.614873346803591,5.512051563938638,5.5866475105285645,4124000,0.0,0.0,-,5.17616507768631,5.69350305557251,5.742998743057251,5.665680360794068,4414704.0
02/15/2005,5.584631148011598,5.671323652703276,5.564469948380295,5.580598831176758,5668400,0.0,0.0,-,5.179065933227539,5.690116024017334,5.760841345787048,5.7025754928588865,4411216.0
02/14/2005,5.592695145384274,5.645114108248873,5.554388906263435,5.5947113037109375,2228800,0.0,0.0,-,5.181696207523346,5.687402372360229,5.783220219612121,5.732817506790161,4351328.0
02/11/2005,5.588664935890342,5.655196647583929,5.4939077660670605,5.600761890411377,4303200,0.0,0.0,-,5.184255919456482,5.685976543426514,5.794107294082641,5.750357961654663,4369032.0
02/10/2005,5.610841365507169,5.635034885971134,5.532213096949467,5.608825206756592,5482800,0.0,0.0,-,5.187366962432861,5.685154333114624,5.801466035842895,5.752374124526978,4397976.0
02/09/2005,5.614874655270988,5.645116272680312,5.530197895799062,5.570519924163818,5626800,0.0,0.0,-,5.190918998718262,5.681272296905518,5.809228134155274,5.772132110595703,4382288.0
02/08/2005,5.786245162540779,5.786245162540779,5.618907778715515,5.639068603515625,7345600,0.0,0.0,-,5.194281525611878,5.680773096084595,5.820417499542236,5.796527004241943,4337240.0
02/07/2005,5.828584594584153,5.876971276563616,5.758020539160415,5.7842302322387695,4253600,0.0,0.0,-,5.197632210254669,5.680593814849853,5.827272367477417,5.822736310958862,4207344.0
02/04/2005,5.868905693314195,5.907211567537287,5.780196604161041,5.846728324890137,2871600,0.0,0.0,-,5.200036480426788,5.676947689056396,5.8263650894165036,5.821929883956909,4169352.0
02/03/2005,5.931404704630283,5.93342086385813,5.786244701112723,5.844711780548096,6129600,0.0,0.0,-,5.201616876125335,5.67249439239502,5.821022295951844,5.813865518569946,4196416.0
02/02/2005,5.88301862982999,6.003985503893572,5.88301862982999,5.955598831176758,4021200,0.0,0.0,-,5.203026864528656,5.666752920150757,5.806909441947937,5.820317125320434,4122416.0
02/01/2005,5.7963260326482136,5.929389486460341,5.7660844085169325,5.883018970489502,5634000,0.0,0.0,-,5.2044138646125795,5.657304182052612,5.789671611785889,5.81910719871521,4109928.0
01/31/2005,5.673342131454898,5.782212423264944,5.657213242061898,5.770115852355957,6372000,0.0,0.0,-,5.20607351064682,5.651964092254639,5.774953937530517,5.833622932434082,4062760.0
01/28/2005,5.770116236634541,5.790277061311172,5.564472594771026,5.6209235191345215,11676000,0.0,0.0,-,5.208067045211792,5.649485893249512,5.777474021911621,5.83785662651062,4045624.0
01/27/2005,5.782211927699353,5.8386628434651895,5.751970310747223,5.806405067443848,3784400,0.0,0.0,-,5.210736346244812,5.647415008544922,5.786143207550049,5.850557947158814,3916688.0
01/26/2005,5.927371060330167,5.983822352453623,5.790275339846749,5.814468860626221,5385600,0.0,0.0,-,5.211996927261352,5.645217485427857,5.78211100101471,5.846324157714844,3957048.0
01/25/2005,5.842694220722081,5.949548326924854,5.780194837813233,5.901161670684815,6156000,0.0,0.0,-,5.213919112682342,5.641610717773437,5.777675604820251,5.844307994842529,3944536.0
01/24/2005,5.756004747303173,5.86084275723216,5.751972811954512,5.776165962219238,4398400,0.0,0.0,-,5.214986672401428,5.634981803894043,5.763663697242737,5.831808423995971,3864600.0
01/21/2005,5.915277023464241,5.941486329693044,5.764068511380887,5.766084671020508,3881600,0.0,0.0,-,5.217591707706451,5.630812578201294,5.756607270240783,5.830800294876099,3868720.0
01/20/2005,5.9757595701461526,5.98584036715608,5.903179754390108,5.9092278480529785,3651200,0.0,0.0,-,5.220176959037781,5.624187927246094,5.753280663490296,5.82817907333374,3877480.0
01/19/2005,5.9172902717907085,6.022128214211805,5.903177545799973,5.943499565124512,5249600,0.0,0.0,-,5.221855981349945,5.615465335845947,5.7341275930404665,5.79350175857544,3906392.0
01/18/2005,5.78825881212465,6.032208624974941,5.766081836078581,6.028176307678223,5289600,0.0,0.0,-,5.222922425270081,5.6062988185882565,5.7108416080474855,5.760236024856567,3935016.0
01/14/2005,5.756001500111436,5.820517428355455,5.745921090611763,5.812452793121338,5021200,0.0,0.0,-,5.223304786682129,5.598256855010987,5.686345934867859,5.716284942626953,4081448.0
01/13/2005,5.764065610071907,5.818500739312659,5.673340394670653,5.747936725616455,3802800,0.0,0.0,-,5.22495628118515,5.58913477897644,5.675761389732361,5.717091417312622,4165464.0
01/12/2005,5.762051013832668,5.794308791490299,5.695519299345924,5.76406717300415,2430800,0.0,0.0,-,5.226739840507507,5.581786136627198,5.669612312316895,5.7217284679412845,4224720.0
01/11/2005,5.745920578440311,5.810436116390664,5.709630492207501,5.794307231903076,2458000,0.0,0.0,-,5.22795140504837,5.572504539489746,5.660136556625366,5.717897844314575,4314584.0
01/10/2005,5.72576311720067,5.856810437340309,5.651167121917377,5.776165962219238,7846000,0.0,0.0,-,5.228660814762115,5.5623766136169435,5.643402934074402,5.711043214797973,4462912.0
01/07/2005,5.764068511380887,5.862858026463503,5.72374608767474,5.766084671020508,8946800,0.0,0.0,-,5.229811885356903,5.549028482437134,5.627979564666748,5.695518970489502,4463552.0
01/06/2005,5.52818078560891,5.768098293593498,5.5140680588821045,5.739872455596924,15237600,0.0,0.0,-,5.230161035060883,5.533667831420899,5.61447160243988,5.682414245605469,4480904.0
01/05/2005,5.582615903401421,5.6531799213900165,5.562454700469971,5.562454700469971,2669600,0.0,0.0,-,5.23003960609436,5.514765338897705,5.602374911308289,5.67838225364685,4312160.0
01/04/2005,5.645116162877842,5.6814062568803685,5.558423245992477,5.610842227935791,5366800,0.0,0.0,-,5.230975725650787,5.4961905193328855,5.5940080165863035,5.674753427505493,4355376.0
01/03/2005,5.812454166965352,5.840679627870247,5.570520436359487,5.58866548538208,6026000,0.0,0.0,-,5.23204092502594,5.477251873016358,5.584330701828003,5.661447191238404,4381208.0
12/31/2004,5.796324018354679,5.848742994752783,5.7721304967313305,5.820517539978027,1972400,0.0,0.0,-,5.23320698261261,5.458716478347778,5.577143239974975,5.6564069271087645,4428312.0
12/30/2004,5.745920578440311,5.816484592277113,5.721727059437458,5.794307231903076,1750000,0.0,0.0,-,5.2336048412322995,5.435382995605469,5.562288355827332,5.6344313621521,4522800.0
12/29/2004,5.701567795685479,5.764067192035616,5.675358110912715,5.7257609367370605,1221600,0.0,0.0,-,5.233612337112427,5.413177585601806,5.550555562973023,5.617496156692505,4580064.0
12/28/2004,5.628987603444648,5.7257609367370605,5.612858714562578,5.7257609367370605,1926800,0.0,0.0,-,5.2334110546112065,5.393027477264404,5.535003685951233,5.602375268936157,4604352.0
12/27/2004,5.635036634768477,5.705600290222846,5.586649578823936,5.6209235191345215,1871600,0.0,0.0,-,5.233841488361358,5.371347560882568,5.5259936332702635,5.57576265335083,4718328.0
12/23/2004,5.70963340681077,5.711649566468778,5.614876210143238,5.635037422180176,2401200,0.0,0.0,-,5.2339738798141475,5.352328042984009,5.526452684402466,5.560440158843994,4770888.0
12/22/2004,5.695520217018084,5.745923050797005,5.600763027949229,5.699552536010742,5458000,0.0,0.0,-,5.2343766260147095,5.334193706512451,5.524797010421753,5.546528959274292,4815488.0
12/21/2004,5.45963471656725,5.528182598470382,5.441489666384475,5.5261664390563965,3346000,0.0,0.0,-,5.234998273849487,5.313239297866821,5.52102255821228,5.526367568969727,4815408.0
12/20/2004,5.554392001658702,5.594714421577399,5.429393192088313,5.477779865264893,3276800,0.0,0.0,-,5.236827790737152,5.296195411682129,5.522596144676209,5.513262605667114,4846528.0
12/17/2004,5.637052345135114,5.64310082319478,5.534230909922326,5.538262844085693,3397600,0.0,0.0,-,5.2393504643440245,5.280924425125122,5.522865247726441,5.507214212417603,4902688.0
12/16/2004,5.582616843172851,5.63503582580159,5.572536047738655,5.600761890411377,2957600,0.0,0.0,-,5.241480486392975,5.264564590454102,5.526752829551697,5.497879552841186,5031496.0
12/15/2004,5.588665081882077,5.635035973004663,5.49390790958347,5.624955177307129,2908400,0.0,0.0,-,5.245283417701721,5.249652042388916,5.529025030136109,5.490145349502564,5055480.0
12/14/2004,5.425359751586347,5.586648628831194,5.425359751586347,5.574552059173584,3682000,0.0,0.0,-,5.2494466948509215,5.2333296775817875,5.523646235466003,5.48361496925354,5053784.0
12/13/2004,5.532214982469912,5.540279235677763,5.423344680090727,5.459634780883789,2438000,0.0,0.0,-,5.254513754844665,5.218136148452759,5.529745078086853,5.467632102966308,5074192.0
12/10/2004,5.443505049093478,5.495924032748431,5.419311524120794,5.467698574066162,1638400,0.0,0.0,-,5.259353232383728,5.2035501670837405,5.538469862937927,5.476224613189697,5092136.0
12/09/2004,5.51810279795358,5.536247465605683,5.415280963694965,5.495925426483154,2490400,0.0,0.0,-,5.2642727065086365,5.188561305999756,5.543570733070373,5.492465209960938,5136744.0
12/08/2004,5.419309987505852,5.514067516859278,5.383020287151119,5.497938632965088,1762400,0.0,0.0,-,5.268950779438018,5.1729676628112795,5.5471596956253055,5.503065061569214,5167896.0
12/07/2004,5.4031810556343,5.443503457283196,5.3527782458446405,5.395116806030273,2896400,0.0,0.0,-,5.273034174442291,5.154394931793213,5.544005370140075,5.515677547454834,5194888.0
12/06/2004,5.5422947264846165,5.54431088567912,5.374957358771296,5.417295932769775,3949600,0.01075,0.0,-,5.276900701522827,5.138200721740723,5.547904443740845,5.531929683685303,5200552.0
12/03/2004,5.487187517999233,5.509329629922398,5.394593545901069,5.444916248321533,2674000,0.0,0.0,-,5.280526151657105,5.123736839294434,5.551298332214356,5.538516283035278,5196024.0
12/02/2004,5.485174496156561,5.607962011405747,5.404658250063547,5.5234198570251465,3114000,0.0,0.0,-,5.283743126392364,5.108398475646973,5.5603564262390135,5.555626106262207,5192536.0
12/01/2004,5.396605570624734,5.611986638460655,5.396605570624734,5.559651374816895,5750400,0.0,0.0,-,5.287368676662445,5.0916108131408695,5.552002882957458,5.567904710769653,5209232.0
11/30/2004,5.547575316971032,5.547575316971032,5.302000635960944,5.4147233963012695,4698400,0.0,0.0,-,5.290672876834869,5.07478289604187,5.543045544624329,5.563677501678467,5175816.0
11/29/2004,5.686463558493711,5.68847651201984,5.475108429361286,5.545559883117676,3374400,0.0,0.0,-,5.293740401268005,5.059565296173096,5.5373087406158445,5.591858053207398,5167936.0
11/26/2004,5.616014244694975,5.638156359501645,5.585820696097027,5.6301045417785645,850800,0.0,0.0,-,5.296874732971191,5.042012786865234,5.524426293373108,5.600715112686157,5205352.0
11/24/2004,5.656272560352355,5.704582314851921,5.5516012336373946,5.601923942565918,2354000,0.0,0.0,-,5.299616379737854,5.024178466796875,5.498359036445618,5.59467625617981,5261504.0
11/23/2004,5.593869957023933,5.700553805570034,5.555624608183748,5.624063491821289,4224800,0.0,0.0,-,5.302218546867371,5.006746702194214,5.468165445327759,5.591254329681396,5275792.0
11/22/2004,5.450953924212183,5.579779891506354,5.450953924212183,5.557638168334961,2429600,0.0,0.0,-,5.304569828510284,4.989959096908569,5.4266996622085575,5.572333192825317,5287248.0
11/19/2004,5.585820291206766,5.585820291206766,5.446929517005593,5.483161926269531,3396800,0.0,0.0,-,5.307032933235169,4.975184354782105,5.38050343990326,5.563879203796387,5336512.0
11/18/2004,5.650233939487667,5.694518170961127,5.585820930724618,5.61601448059082,3275600,0.0,0.0,-,5.308706827163697,4.960771942138672,5.3395408391952515,5.564080381393433,5343528.0
11/17/2004,5.748864240092724,5.752890147605789,5.59789616373785,5.646205902099609,5515200,0.0,0.0,-,5.308775179386139,4.941447982788086,5.291834902763367,5.565086746215821,5390328.0
11/16/2004,5.662308481936491,5.684450586721213,5.456992214041494,5.517379283905029,5229200,0.0,0.0,-,5.308842780590058,4.924096736907959,5.242216777801514,5.536101055145264,5417352.0
11/15/2004,5.736787221100803,5.766980761267626,5.6180256303704965,5.696528911590576,5802400,0.0,0.0,-,5.3096145820617675,4.9094025421142575,5.200549650192261,5.52241358757019,5389032.0
11/12/2004,5.51738180787824,5.636143432345785,5.49725264740493,5.634130477905273,4760000,0.0,0.0,-,5.30902001619339,4.889837074279785,5.151635980606079,5.482759428024292,5361608.0
11/11/2004,5.601922471255964,5.609974286857033,5.511341465402438,5.569715976715088,2159200,0.0,0.0,-,5.308587231636047,4.871881895065307,5.102017712593079,5.448137474060059,5534384.0
11/10/2004,5.465046301747456,5.634130640306141,5.428813888637478,5.567704677581787,4604400,0.0,0.0,-,5.307585299015045,4.846720552444458,5.057029294967651,5.402041816711426,5643712.0
11/09/2004,5.416735918801755,5.469071577912372,5.3744650310192,5.434852123260498,4319600,0.0,0.0,-,5.307204256057739,4.820512456893921,5.015060091018677,5.345076560974121,5635040.0
11/08/2004,5.483162666897611,5.523420990169089,5.44491729818289,5.473098278045654,5096800,0.0,0.0,-,5.308068280220032,4.797593441009521,4.975909090042114,5.281066131591797,5658600.0
11/05/2004,5.632115878082997,5.676400094973326,5.434851007724027,5.48517370223999,6680800,0.0,0.0,-,5.308761098384857,4.773507776260376,4.93595278263092,5.1971276760101315,5718048.0
11/04/2004,5.4348517113250105,5.662310151054203,5.36238689898252,5.626078128814697,12611200,0.0,0.0,-,5.309754028320312,4.751309938430786,4.897405624389648,5.11500129699707,5678336.0
11/03/2004,5.422774948476337,5.434852290509904,5.251677669951706,5.356348991394043,9222000,0.0,0.0,-,5.31012255191803,4.727338628768921,4.852115273475647,5.018583059310913,5504168.0
11/02/2004,5.31810454891027,5.406672635016915,5.297975386077145,5.380504608154297,6765600,0.0,0.0,-,5.31149924993515,4.708922662734985,4.82705454826355,4.948332500457764,5433376.0
11/01/2004,5.263754906822979,5.336219725440205,5.199341905355123,5.299987316131592,6924000,0.0,0.0,-,5.313185749053955,4.688697700500488,4.798471164703369,4.878685712814331,5507872.0
10/29/2004,5.259729957034862,5.297975327602496,5.052400618757985,5.28791093826294,9874400,0.0,0.0,-,5.315515167713166,4.67273476600647,4.774215579032898,4.820512533187866,5502752.0
10/28/2004,5.042333466702166,5.167133908868441,5.034282035815253,5.10875940322876,7878000,0.0,0.0,-,5.3175845313072205,4.65886157989502,4.746336817741394,4.755897951126099,5550984.0
10/27/2004,4.800787166325212,5.034284537030582,4.728322332681527,4.99805212020874,9814400,0.0,0.0,-,5.3201290798187255,4.6461607933044435,4.726811623573303,4.712016773223877,6010824.0
10/26/2004,4.661895903477922,4.822928424661413,4.635728262760036,4.794747829437256,6800400,0.0,0.0,-,5.323107004165649,4.643106851577759,4.712721180915833,4.685043621063232,5946464.0
10/25/2004,4.680010508231344,4.688062323500456,4.613584567987909,4.633713722229004,4830400,0.0,0.0,-,5.3272816896438595,4.642913694381714,4.701448893547058,4.670752048492432,5901808.0
10/22/2004,4.678000212906108,4.714232634344508,4.643780746428941,4.663909912109375,6658400,0.0,0.0,-,5.332201466560364,4.643731489181518,4.699033522605896,4.674777889251709,5882032.0
10/21/2004,4.651831363680708,4.706179597856281,4.601508654455021,4.661895751953125,8381200,0.0,0.0,-,5.336619784832001,4.643061485290527,4.7005431175231935,4.679809951782227,5822344.0
10/20/2004,4.680011037583594,4.7041661021914045,4.615598043871735,4.653843402862549,6696800,0.0,0.0,-,5.340727732181549,4.644239778518677,4.701348233222961,4.685647487640381,5773080.0
10/19/2004,4.684036731719971,4.750462676442642,4.6437784205230805,4.684036731719971,4613200,0.0,0.0,-,5.344555509090424,4.644213047027588,4.702857899665832,4.705776596069336,5739288.0
10/18/2004,4.647803677110982,4.742410196054803,4.629687478004259,4.718255519866943,2436000,0.0,0.0,-,5.347301030158997,4.641212005615234,4.704568839073181,4.718256616592408,5723856.0
10/15/2004,4.653842840455465,4.692087810892728,4.589429470596099,4.641765117645264,7625600,0.0,0.0,-,5.350205931663513,4.6368435096740725,4.701348233222961,4.72791862487793,5787440.0
10/14/2004,4.752476837585096,4.770593043832272,4.655856942956223,4.669947624206543,4499600,0.0,0.0,-,5.353723590373993,4.636013679504394,4.702656698226929,4.736775684356689,5874800.0
10/13/2004,4.690075241101924,4.764553002136152,4.63975254373417,4.728320598602295,4631200,0.0,0.0,-,5.357070322036743,4.632932796478271,4.706078743934631,4.7416064739227295,5931800.0
10/12/2004,4.635728849572473,4.712219210834188,4.599496431736763,4.651832103729248,5454000,0.0,0.0,-,5.3601151466369625,4.628001489639282,4.70617949962616,4.740398740768432,5970120.0
10/11/2004,4.696114240168477,4.75650132520092,4.643778587305556,4.673972129821777,4902000,0.0,0.0,-,5.363161897659301,4.626488237380982,4.71282205581665,4.732145738601685,6005944.0
10/08/2004,4.869224545099759,4.8792889314973,4.702153196951155,4.714230537414551,6084800,0.0,0.0,-,5.3663783407211305,4.626018724441528,4.720068502426147,4.723289155960083,6014448.0
10/07/2004,4.6015094651247015,5.006104164650405,4.547160837442472,4.720271110534668,9838000,0.0,0.0,-,5.369493615627289,4.625226182937622,4.722484040260315,4.72127628326416,6022304.0
10/06/2004,4.800785876520918,4.885328031747728,4.780656718813249,4.8551344871521,4156800,0.0,0.0,-,5.372388439178467,4.62238431930542,4.718961310386658,4.717048978805542,6018040.0
10/05/2004,4.820914660999292,4.841043433216867,4.768579008583815,4.808836936950684,2823600,0.0,0.0,-,5.3751646995544435,4.619095153808594,4.715136766433716,4.699939203262329,6081024.0
10/04/2004,4.760526998513821,4.8994177479579175,4.704165824311125,4.814875602722168,4702400,0.0,0.0,-,5.378012223243713,4.614160566329956,4.71382839679718,4.690881061553955,6095928.0
10/01/2004,4.694103292355337,4.81286494308416,4.665922691820325,4.730335712432861,3335200,0.0,0.0,-,5.380183682441712,4.608542747497559,4.708997392654419,4.674777841567993,6089552.0
09/30/2004,4.720268473537874,4.754487918080389,4.6256615706623965,4.718255519866943,3868800,0.0,0.0,-,5.382722761631012,4.605419225692749,4.709299182891845,4.668537712097168,6121248.0
09/29/2004,4.5189783851731615,4.732346514888161,4.5189783851731615,4.716243267059326,4048000,0.0,0.0,-,5.385983150005341,4.601894512176513,4.688968849182129,4.670551013946533,6139096.0
09/28/2004,4.601508584763887,4.605534109652804,4.492811350195387,4.569302082061768,3112000,0.0,0.0,-,5.389428818225861,4.600941181182861,4.666021680831909,4.671960258483887,6213576.0
09/27/2004,4.730335596223517,4.732348551059692,4.559238274467354,4.585406303405762,3179600,0.0,0.0,-,5.392898244857788,4.60107852935791,4.6520016431808475,4.693498373031616,6225888.0
09/24/2004,4.702153627455922,4.702153627455922,4.659882356066304,4.694101810455322,3723200,0.0,0.0,-,5.396332206726075,4.600933961868286,4.636172080039978,4.716847848892212,6459384.0
09/23/2004,4.680011019985878,4.734359627200297,4.655855955468895,4.677998065948486,2499600,0.0,0.0,-,5.399523093700409,4.60279390335083,4.620231080055237,4.723691797256469,6484128.0
09/22/2004,4.663907576121526,4.696114071506353,4.615597833044284,4.684036731719971,3948800,0.0,0.0,-,5.402619268894195,4.605699119567871,4.607706809043885,4.720873641967773,6654512.0
09/21/2004,4.667932829888636,4.750462010738527,4.6337133853461205,4.718255519866943,4079600,0.0,0.0,-,5.406125855445862,4.612380743026733,4.595282506942749,4.730334329605102,6699976.0
09/20/2004,4.700140194101482,4.700140194101482,4.577352684880921,4.653843402862549,4304400,0.0,0.0,-,5.409326167106628,4.61588698387146,4.577832555770874,4.736775732040405,6694712.0
09/17/2004,4.776631265407412,4.790721561965202,4.64377934938855,4.667934417724609,5245200,0.0,0.0,-,5.4130588102340695,4.620842180252075,4.57023241519928,4.743216943740845,6728848.0
09/16/2004,4.752478841620738,4.782672403454183,4.718259369160976,4.738388538360596,3658400,0.0,0.0,-,5.417732374668121,4.62551555633545,4.566548275947571,4.750060653686523,6933288.0
09/15/2004,4.756503358082247,4.786697297434775,4.678000037202204,4.730335712432861,3068400,0.0,0.0,-,5.421467876434326,4.6337216758728035,4.553314852714538,4.707386684417725,7003616.0
09/14/2004,4.804812387772605,4.806824958257342,4.702154016120156,4.784683227539063,4797600,0.0,0.0,-,5.4252796912193295,4.642570972442628,4.559065818786621,4.6600831031799315,7056664.0
09/13/2004,4.768578370339718,4.8833140459228135,4.716242724929036,4.818901062011719,4892800,0.0,0.0,-,5.428854773044586,4.651257390975953,4.559086155891419,4.610504913330078,7105224.0
09/10/2004,4.649818530005614,4.792734843631144,4.609560208006748,4.7625412940979,3747600,0.0,0.0,-,5.432203750610352,4.6623128890991214,4.551871275901794,4.555496311187744,7137816.0
09/09/2004,4.802797532794323,4.804810486414292,4.629687360793484,4.649816513061523,5615600,0.0,0.0,-,5.435114307403564,4.674575891494752,4.54526469707489,4.516770362854004,7256768.0
09/08/2004,4.750463018584817,4.871237576942312,4.740398248094845,4.778643608093262,6866400,0.0,0.0,-,5.438168361186981,4.690620155334473,4.548814392089843,4.494539976119995,7279280.0
09/07/2004,4.718256548434932,4.794746884946731,4.706178823776433,4.782669544219971,3813200,0.0,0.0,-,5.440083129405975,4.706699409484864,4.542507553100586,4.460230684280395,7234240.0
09/03/2004,4.70013932076022,4.758513441490595,4.667932829888636,4.718255519866943,4431200,0.0,0.0,-,5.442262854576111,4.723461456298828,4.5300733089447025,4.418889379501342,7235648.0
09/02/2004,4.466641879674921,4.768578006680829,4.42839652941998,4.7363715171813965,13398800,0.0,0.0,-,5.444979712963105,4.740627927780152,4.519152069091797,4.3972478866577145,7224744.0
09/01/2004,4.265352054951023,4.311648845672607,4.219054880297716,4.311648845672607,7625600,0.0,0.0,-,5.447676010131836,4.755905313491822,4.512347173690796,4.383035898208618,7008296.0
08/31/2004,4.305609640954377,4.3881388296490575,4.217041974604573,4.257299900054932,4170800,0.01075,0.0,-,5.4530460953712465,4.77851209640503,4.522559905052185,4.399243021011353,6947192.0
08/30/2004,4.268812721952617,4.341131554205768,4.254750811938574,4.288901329040527,5497600,0.0,0.0,-,5.458882989883423,4.802607612609864,4.53378267288208,4.458048534393311,6946168.0
08/27/2004,4.357204729889653,4.385328565193392,4.258770923168049,4.268815040588379,8069200,0.0,0.0,-,5.464221773147583,4.824986248016358,4.548146080970764,4.507667398452758,6956456.0
08/26/2004,4.413449740480491,4.44960915445378,4.359211002678846,4.375281810760498,4695200,0.0,0.0,-,5.469425909519195,4.848329124450684,4.567230153083801,4.548246240615844,6923160.0
08/25/2004,4.425503746538348,4.463671681541976,4.39938844031656,4.427512645721436,3902800,0.0,0.0,-,5.4741477251052855,4.867895402908326,4.582196235656738,4.573759031295777,6892864.0
08/24/2004,4.423497670065845,4.445594808863685,4.379302626152991,4.435550689697266,5682400,0.0,0.0,-,5.478893477916717,4.886296548843385,4.589729499816895,4.603088808059693,6946952.0
08/23/2004,4.481752188593387,4.515902714466528,4.353185683263166,4.369256496429443,10490400,0.0,0.0,-,5.482783794403076,4.902487888336182,4.602485775947571,4.6247844219207765,6956760.0
08/20/2004,4.568132740552677,4.59424805020709,4.475725664934643,4.501840591430664,6668000,0.0,0.0,-,5.486835513114929,4.920487279891969,4.612128329277039,4.641257238388062,6894320.0
08/19/2004,4.393366129231723,4.660543833505455,4.339126951339788,4.59425163269043,12286000,0.0,0.0,-,5.49045939207077,4.9328096294403085,4.61373553276062,4.641056251525879,6842632.0
08/18/2004,4.660543645693258,4.94981848314224,4.391357051253671,4.473720073699951,30870000,0.0,0.0,-,5.49254588842392,4.943283758163453,4.612730932235718,4.641658449172974,6703688.0
08/17/2004,4.785089196202288,4.96789484247371,4.785089196202288,4.845355033874512,6596400,0.0,0.0,-,5.495295045375824,4.956048164367676,4.616145920753479,4.645876789093018,6255288.0
08/16/2004,4.734868621703225,4.83932911735937,4.690673973460307,4.78508996963501,4567600,0.0,0.0,-,5.496466131210327,4.9591337394714365,4.607307004928589,4.60951681137085,6249432.0
08/13/2004,4.638444028045506,4.71076289639297,4.622373210985903,4.674603462219238,3841600,0.0,0.0,-,5.4983986735343935,4.963585081100464,4.5968609809875485,4.588624763488769,6296304.0
08/12/2004,4.680631082753125,4.750941070655482,4.618356697197831,4.630409717559815,3674000,0.0,0.0,-,5.500823640823365,4.971770343780518,4.592039704322815,4.586214065551758,6317824.0
08/11/2004,4.592243784288392,4.740899044942822,4.55005761964984,4.720810413360596,5918000,0.0,0.0,-,5.503374547958374,4.981721839904786,4.5998741626739506,4.5906334400177,6438520.0
08/10/2004,4.525949167832883,4.654515728716738,4.519922466606987,4.6525068283081055,5007200,0.0,0.0,-,5.505533456802368,4.992352113723755,4.604996585845948,4.576370191574097,6551440.0
08/09/2004,4.455639456210211,4.612329865994378,4.41948001298045,4.533984661102295,3841600,0.0,0.0,-,5.507773816585541,5.0024633026123055,4.6232771396636965,4.580187129974365,6568952.0
08/06/2004,4.580184767595756,4.59625557655314,4.423494476050842,4.499830722808838,5615200,0.0,0.0,-,5.511036915779114,5.0140625095367435,4.641256284713745,4.582999420166016,6579840.0
08/05/2004,4.469698231829485,4.809194519419068,4.469698231829485,4.600273609161377,11993600,0.0,0.0,-,5.515135986804962,5.026545381546021,4.661344909667969,4.586414813995361,6576496.0
08/04/2004,4.43554939357375,4.62438176736021,4.415460777952472,4.515903472900391,7349600,0.0,0.0,-,5.518102645874023,5.035575456619263,4.676411390304565,4.583803415298462,6474616.0
08/03/2004,4.578180584818456,4.578180584818456,4.459658112896242,4.481755256652832,6547200,0.0,0.0,-,5.522011313438416,5.044969301223755,4.708050942420959,4.58641505241394,6448320.0
08/02/2004,4.628399740118428,4.654514673191293,4.558089774395114,4.576169490814209,7245200,0.0,0.0,-,5.525940673351288,5.053762664794922,4.742603206634522,4.6050971984863285,6668512.0
07/30/2004,4.666567297965913,4.704735627552715,4.620363752399944,4.650496482849121,5327200,0.0,0.0,-,5.529718065261841,5.06050726890564,4.774744939804077,4.6050971984863285,7378832.0
07/29/2004,4.618355410931376,4.718798113343521,4.590231576866697,4.674603462219238,6477600,0.0,0.0,-,5.5329387712478635,5.070377941131593,4.81080391407013,4.597865343093872,7456536.0
07/28/2004,4.722815262527937,4.728841961779162,4.558089314578924,4.5781779289245605,9624800,0.0,0.0,-,5.535573801994324,5.081410923004151,4.845858311653137,4.6091148853302,7489688.0
07/27/2004,4.582197865085568,4.730853079937472,4.564118140548031,4.690676212310791,7306000,0.0,0.0,-,5.539051060676575,5.096538343429566,4.889550900459289,4.6336229801177975,7558528.0
07/26/2004,4.542019328167654,4.61433781658052,4.523939610274807,4.562107563018799,3568800,0.0,0.0,-,5.540930511951447,5.111300916671754,4.9341474056243895,4.666367149353027,7514736.0
07/23/2004,4.56813520380167,4.600276845970657,4.52394054160896,4.533984661102295,4383600,0.0,0.0,-,5.543252739906311,5.128955726623535,4.98708062171936,4.699513149261475,7626472.0
07/22/2004,4.554071010074384,4.602283449262536,4.483761059240594,4.574159622192383,4920000,0.0,0.0,-,5.545590555667877,5.147574081420898,5.039210343360901,4.736275005340576,7756272.0
07/21/2004,4.6404536620083805,4.6766131019011015,4.540010943710184,4.542019844055176,4761200,0.0,0.0,-,5.5477625226974485,5.166030702590942,5.085514402389526,4.769019365310669,7910152.0
07/20/2004,4.618355366652143,4.720806968109279,4.568134015927575,4.668576717376709,7772000,0.0,0.0,-,5.549409964084625,5.186814708709717,5.130512809753418,4.829686832427979,8048592.0
07/19/2004,4.660541373050487,4.660541373050487,4.54001005797602,4.576169490814209,3727600,0.0,0.0,-,5.55019454240799,5.207073106765747,5.170187759399414,4.880109214782715,8449760.0
07/16/2004,4.7609835914688015,4.769018807311987,4.503850170793239,4.5781779289245605,14854400,0.0,0.0,-,5.550515871047974,5.239848680496216,5.211770939826965,4.944392681121826,8424664.0
07/15/2004,4.785089984679915,4.877497464407345,4.728842320040893,4.78709888458252,4960400,0.0,0.0,-,5.550947191715241,5.272022571563721,5.254659986495971,5.0237424850463865,8182504.0
07/14/2004,5.000037874021821,5.0261531926308605,4.732860286474667,4.823258876800537,11018800,0.0,0.0,-,5.550669004917145,5.299616966247559,5.282984828948974,5.082601737976074,8187408.0
07/13/2004,4.947807928158783,5.048250642262489,4.89758657110693,5.018117904663086,6222000,0.0,0.0,-,5.550490112304687,5.325284862518311,5.309200382232666,5.145478820800781,8035632.0
07/12/2004,4.92370028990196,4.931735505174347,4.819239809251979,4.893567562103272,3816400,0.0,0.0,-,5.54952198266983,5.347055578231812,5.3205503702163695,5.201927661895752,8087032.0
07/09/2004,4.871470491361938,4.917674037053939,4.779063399977937,4.901603221893311,6011200,0.0,0.0,-,5.549536709785461,5.373643636703491,5.3393332958221436,5.2746480941772464,8078992.0
07/08/2004,4.847364077041767,4.91164772084274,4.714779756176964,4.901603221893311,15467200,0.0,0.0,-,5.549176170825958,5.401996221542358,5.3501510381698605,5.342145681381226,8026400.0
07/07/2004,5.190880663889481,5.227040110410908,5.122579572273148,5.148694515228272,7174800,0.0,0.0,-,5.549395802021027,5.4288246631622314,5.360968780517578,5.402009439468384,7780272.0
07/06/2004,5.255163548010369,5.311411614159456,5.172800540924072,5.172800540924072,5720800,0.0,0.0,-,5.548540029525757,5.452034883499145,5.359131073951721,5.431338787078857,7690520.0
07/02/2004,5.391765772262594,5.399800991412979,5.18284471013207,5.219004154205322,7225600,0.0,0.0,-,5.547163598537445,5.473880558013916,5.350472736358642,5.4602663040161135,7644816.0
07/01/2004,5.441985940275028,5.441985940275028,5.285295178140639,5.371675968170166,6522400,0.0,0.0,-,5.546006281375885,5.492756624221801,5.339905381202698,5.479149198532104,7579840.0
06/30/2004,5.429930544302763,5.441983556677393,5.373682514623898,5.3756914138793945,9695200,0.0,0.0,-,5.543460416793823,5.507857294082641,5.325514912605286,5.485577487945557,7538816.0
06/29/2004,5.568543223252654,5.5725610232635,5.351587003727446,5.452029705047607,6741200,0.0,0.0,-,5.5408544564247135,5.525003442764282,5.313129568099976,5.483367919921875,7414624.0
06/28/2004,5.660951511151092,5.662960411441633,5.564526596156486,5.582606315612793,4614400,0.0,0.0,-,5.537876825332642,5.540261812210083,5.3031442880630495,5.47292194366455,7360680.0
06/25/2004,5.594656958547436,5.668984321943149,5.566532749580765,5.620771884918213,3883600,0.0,0.0,-,5.533641114234924,5.551986141204834,5.28191728591919,5.439173078536987,7320216.0
06/24/2004,5.514304723376504,5.594658811700912,5.492207205402848,5.5765790939331055,3886000,0.0,0.0,-,5.529239592552185,5.56266637802124,5.25657594203949,5.404018497467041,7339296.0
06/23/2004,5.419886738105783,5.5022497022761705,5.413860422730353,5.500240802764893,2576400,0.0,0.0,-,5.525829272270203,5.572305221557617,5.233945703506469,5.358156394958496,7350984.0
06/22/2004,5.488191562385502,5.524351012133948,5.383731014925253,5.441987991333008,4570400,0.0,0.0,-,5.522735610008239,5.586278524398804,5.2115225315094,5.319928121566773,7371456.0
06/21/2004,5.387747922246951,5.504261472560441,5.359624080737745,5.462075710296631,4119600,0.0,0.0,-,5.520613431930542,5.599732236862183,5.188702917098999,5.286923360824585,7405520.0
06/18/2004,5.381718175052794,5.562514895435795,5.333505358669524,5.407833099365234,6012000,0.0,0.0,-,5.519081029891968,5.616434183120727,5.161670303344726,5.240679168701172,7409968.0
06/17/2004,5.333507261466451,5.470109395917434,5.325472044641479,5.435958862304688,6404400,0.0,0.0,-,5.517794823646545,5.63394021987915,5.1369486331939695,5.200661563873291,7348968.0
06/16/2004,5.291321368086991,5.377702149783266,5.275250551712695,5.353595733642578,3180400,0.0,0.0,-,5.51572879076004,5.650121688842773,5.122352194786072,5.165452337265014,7294040.0
06/15/2004,5.295339688335688,5.363640760427918,5.295339688335688,5.347569942474365,6607200,0.0,0.0,-,5.514114553928375,5.666185541152954,5.115985035896301,5.142891216278076,7322112.0
06/14/2004,5.2531528807082735,5.277259296138568,5.184851817340659,5.245117664337158,6172800,0.0,0.0,-,5.511656174659729,5.681327114105224,5.115333986282349,5.133366632461548,7332320.0
06/10/2004,5.172801135305119,5.297350302104212,5.172801135305119,5.26922607421875,7368400,0.01075,0.0,-,5.509480249881745,5.699279794692993,5.124518346786499,5.124661493301391,7400784.0
06/09/2004,5.115952553519362,5.162078258531314,5.073837496651062,5.117958068847656,4083600,0.0,0.0,-,5.5070788860321045,5.715988245010376,5.133299446105957,5.109133386611939,7335056.0
06/08/2004,5.097903298077653,5.150045549074487,5.061804787194235,5.117958068847656,5338800,0.0,0.0,-,5.505169079303742,5.733756685256958,5.150646662712097,5.109735012054443,7317792.0
06/07/2004,5.013672449796661,5.146033371870264,5.013672449796661,5.111940383911133,8450000,0.0,0.0,-,5.503758842945099,5.750121307373047,5.1695982933044435,5.1031169414520265,7279040.0
06/04/2004,5.097901714546907,5.156060110950292,4.9996337890625,4.9996337890625,6303600,0.0,0.0,-,5.5019240784645085,5.768010101318359,5.193062281608581,5.090482473373413,7195024.0
06/03/2004,5.071832394440272,5.097903328839538,4.975569570665972,5.007657051086426,6911200,0.0,0.0,-,5.500900635719299,5.7847357177734375,5.227155423164367,5.082661437988281,7150768.0
06/02/2004,5.174112517951714,5.184140097597058,5.047768074524787,5.083866596221924,4917600,0.0,0.0,-,5.499927000999451,5.798894309997559,5.2875199794769285,5.073235702514649,7086056.0
06/01/2004,5.214219757894275,5.264356486335566,5.037738642086598,5.127984523773193,9708800,0.0,0.0,-,5.498197634220123,5.812210550308228,5.342670273780823,5.079252052307129,7088088.0
05/28/2004,5.218231111554387,5.252324104309082,5.117957648453863,5.252324104309082,11564000,0.0,0.0,-,5.495937941074371,5.826128501892089,5.394611978530884,5.0890788555145265,6994872.0
05/27/2004,5.162077302649446,5.1901537470206645,5.055787305009615,5.158066272735596,5882800,0.0,0.0,-,5.492921674251557,5.83751955986023,5.437328457832336,5.097301340103149,6850064.0
05/26/2004,5.117956036387934,5.146032474808368,5.063808291566138,5.113945007324219,4386000,0.0,0.0,-,5.490456628799438,5.852360019683838,5.484757828712463,5.124375200271606,6813408.0
05/25/2004,5.069826938499372,5.123974323272705,5.00364646154268,5.123974323272705,5448000,0.0,0.0,-,5.487367887496948,5.865997247695923,5.540209102630615,5.157465505599975,6930624.0
05/24/2004,5.029717077730619,5.083864841587882,4.945487350345848,5.051777362823486,6899600,0.0,0.0,-,5.48432392835617,5.877227849960327,5.5999720096588135,5.191558313369751,6921992.0
05/21/2004,4.895349451514704,5.0257048507751545,4.893343936755272,4.985595703125,6034800,0.0,0.0,-,5.481975672245025,5.892429256439209,5.6595344066619875,5.2360796451568605,6869184.0
05/20/2004,4.91540688766345,4.969554668053919,4.7910675826016,4.921423435211182,17556800,0.0,0.0,-,5.479678554534912,5.905665378570557,5.725714898109436,5.29564208984375,6905888.0
05/19/2004,4.754967440902409,5.113946622731734,4.664721553538417,4.913399696350098,42761200,0.0,0.0,-,5.47753744840622,5.921548643112183,5.792897939682007,5.3716494083404545,6681696.0
05/18/2004,5.236281906250328,5.306473045063588,5.129991866384076,5.1440300941467285,9212400,0.0,0.0,-,5.475990986824035,5.939758291244507,5.855368328094483,5.501804256439209,5929144.0
05/17/2004,5.264356577224017,5.32050985175238,5.184137886835562,5.226252555847168,8135200,0.0,0.0,-,5.4730016183853145,5.954719085693359,5.904502296447754,5.606088495254516,5843336.0
05/14/2004,5.434822425264724,5.474931585784719,5.31449417867884,5.3345489501953125,13066800,0.0,0.0,-,5.469571161270141,5.969840326309204,5.954839611053467,5.700145101547241,5823944.0
05/13/2004,5.398722913968795,5.478941602676744,5.3445751556486005,5.428804874420166,5116400,0.0,0.0,-,5.464714968204499,5.982434692382813,5.998859572410583,5.777355575561524,6219816.0
05/12/2004,5.452870119922524,5.484957592155297,5.314492656848165,5.44484806060791,9155600,0.0,0.0,-,5.459732215404511,6.001085557937622,6.035860466957092,5.84514045715332,6202544.0
05/11/2004,5.569186868865447,5.569186868865447,5.434820445908046,5.464902400970459,10873600,0.0,0.0,-,5.454953999519348,6.021340808868408,6.071357250213623,5.922952699661255,6105736.0
05/10/2004,5.549132922325306,5.611302356283419,5.450864983968009,5.49699068069458,12614000,0.0,0.0,-,5.449705817699432,6.043802042007446,6.101038193702697,6.008385705947876,6019368.0
05/07/2004,5.647400610961696,5.693526305648648,5.5812201499938965,5.5812201499938965,11683200,0.0,0.0,-,5.444092376232147,6.06241283416748,6.1361339569091795,6.082989168167114,5900856.0
05/06/2004,5.711578594339989,5.896081853715359,5.565179372909819,5.681496620178223,27830400,0.0,0.0,-,5.438562345504761,6.07982029914856,6.1628066301345825,6.155787706375122,5752280.0
05/05/2004,6.1668169688481775,6.273106959999615,6.110663701020709,6.214948177337647,2472800,0.0,0.0,-,5.432266175746918,6.094821166992188,6.193590450286865,6.214146471023559,5296240.0
05/04/2004,6.134730237840485,6.281129395834214,6.120692014815456,6.186872482299805,2746400,0.0,0.0,-,5.423117904663086,6.096814556121826,6.196999788284302,6.208932399749756,5363768.0
05/03/2004,6.138742168605275,6.186873389972205,6.040474210500341,6.166818618774414,5205600,0.0,0.0,-,5.414544627666474,6.096445550918579,6.1999077796936035,6.202916097640991,5423920.0
04/30/2004,6.126708075747642,6.220965370229006,6.092615085033445,6.106653690338135,3430000,0.0,0.0,-,5.405661971569061,6.095956897735595,6.199406266212463,6.209534120559693,5428936.0
04/29/2004,6.218959855185479,6.283134806526818,5.994347142977908,6.106653690338135,8792000,0.0,0.0,-,5.397444829940796,6.095590047836303,6.199306011199951,6.220363569259645,5426808.0
04/28/2004,6.317227391603376,6.325249451262378,6.166817215612819,6.222970485687256,3414400,0.0,0.0,-,5.389167749881745,6.098427572250366,6.201110911369324,6.226580476760864,5340440.0
04/27/2004,6.2911560220227205,6.387418436110116,6.245029947240449,6.31923246383667,3381600,0.0,0.0,-,5.380009326934815,6.098377990722656,6.195194816589355,6.219761800765991,5326640.0
04/26/2004,6.311211284667097,6.323244374990334,6.210937827050769,6.243025302886963,3160800,0.0,0.0,-,5.369880011081696,6.092557907104492,6.17955219745636,6.19369068145752,5361712.0
04/23/2004,6.230992360482058,6.311211047052341,6.166817411225833,6.309205532073975,2687200,0.0,0.0,-,5.360096774101257,6.09114592552185,6.164210391044617,6.1892787456512455,5374616.0
04/22/2004,6.108657568016886,6.2851390304653,6.108657568016886,6.265084266662598,3435600,0.0,0.0,-,5.350612092018127,6.088530492782593,6.149069118499756,6.169825553894043,5421480.0
04/21/2004,6.160801949268704,6.18286223539573,6.104649050055091,6.162807464599609,3976800,0.0,0.0,-,5.341897542476654,6.085675954818726,6.1276106357574465,6.173034429550171,5420456.0
04/20/2004,6.247037713444062,6.281130711867885,6.1186877817369485,6.126709461212158,4471200,0.0,0.0,-,5.333064913749695,6.084306201934814,6.10524959564209,6.185067176818848,5443200.0
04/19/2004,6.216955108144151,6.241020909126528,6.144758087709953,6.232998847961426,3485600,0.0,0.0,-,5.323718376159668,6.082777194976806,6.08639805316925,6.196899461746216,5494784.0
04/16/2004,6.1868717346803335,6.293161343318928,6.1407460410253645,6.214948177337647,4044000,0.0,0.0,-,5.313970282077789,6.07447603225708,6.0659422159194945,6.189278411865234,5537320.0
04/15/2004,6.130718746780705,6.20893191633319,6.110663980032851,6.168822765350342,2591200,0.0,0.0,-,5.30438236951828,6.062770767211914,6.046288657188415,6.178248453140259,5551440.0
04/14/2004,6.070554022597457,6.154783725738525,6.04648822919452,6.154783725738525,4837600,0.0,0.0,-,5.2950001192092895,6.052588834762573,6.032851982116699,6.175641345977783,5558448.0
04/13/2004,6.216953495038116,6.230991715921633,6.052505108952063,6.058521270751953,4470400,0.0,0.0,-,5.285703041553497,6.042927951812744,6.014903116226196,6.17062783241272,5577648.0
04/12/2004,6.150774724659707,6.237009970896809,6.120692759871004,6.198905944824219,3600000,0.0,0.0,-,5.276807358264923,6.033309841156006,5.996252274513244,6.1654137134552,5540832.0
04/08/2004,6.313214956721098,6.317225985657915,6.09862988126746,6.114673614501953,6273600,0.0,0.0,-,5.267224721908569,6.020283193588257,5.976899361610412,6.139142036437988,5549648.0
04/07/2004,6.315222276085271,6.357337326932814,6.220965364208015,6.297173023223877,4342000,0.0,0.0,-,5.258068253993988,6.0053763103485105,5.953535771369934,6.128312683105468,5519088.0
04/06/2004,6.2089324091831575,6.323244473965882,6.184866993185766,6.283134937286377,2962000,0.0,0.0,-,5.248054234981537,5.9892627716064455,5.924456453323364,6.082186841964722,5507280.0
04/05/2004,6.176846312409445,6.289152887189963,6.1447588289044335,6.24503231048584,3658000,0.0,0.0,-,5.237800660133362,5.975753211975098,5.901493811607361,6.025432014465332,5542784.0
04/02/2004,6.194891974630632,6.220963278919176,6.074564172572825,6.156788349151611,4584000,0.0,0.0,-,5.227253012657165,5.963085803985596,5.883845686912537,5.975896644592285,5530248.0
04/01/2004,6.066544566697581,6.126708492039832,6.000364095815942,6.104648590087891,7117600,0.0,0.0,-,5.217351422309876,5.953625230789185,5.875121998786926,5.942606019973755,5500152.0
03/31/2004,6.064538521118534,6.178850198778956,6.060527491109743,6.142751693725586,9596000,0.0,0.0,-,5.2076205945014955,5.94552791595459,5.868102931976319,5.914328861236572,5433688.0
03/30/2004,6.004375126175535,6.104648590087891,5.968276617965021,6.104648590087891,4082000,0.0,0.0,-,5.197599339485168,5.935306653976441,5.879032754898072,5.890062618255615,5332896.0
03/29/2004,5.922150364045455,6.016407273627655,5.900090081638035,6.006380081176758,3220400,0.0,0.0,-,5.187638704776764,5.927569770812989,5.896680855751038,5.8591784000396725,5340752.0
03/26/2004,5.976298330942661,6.014402354554668,5.934183659460635,5.9361891746521,3401200,0.0,0.0,-,5.178419198989868,5.922759590148925,5.925760054588318,5.827090835571289,5366816.0
03/25/2004,5.861986061801455,6.014401758634901,5.8419312943867885,6.006380081176758,4249200,0.0,0.0,-,5.169701521396637,5.918071479797363,5.9503271102905275,5.814656686782837,5402216.0
03/24/2004,5.769734153005113,5.841930773745626,5.70555920900784,5.835914611816406,4090800,0.0,0.0,-,5.160822472572327,5.910297260284424,5.972587776184082,5.778758859634399,5450616.0
03/23/2004,5.815860112508138,5.837920393959696,5.7155866622924805,5.7155866622924805,3675600,0.0,0.0,-,5.152431554794312,5.9054517078399655,6.002369046211243,5.766726064682007,5444264.0
03/22/2004,5.705558439337195,5.779760564881981,5.701547410250237,5.749678611755371,5019200,0.0,0.0,-,5.1451810836792,5.9037336730957035,6.032320594787597,5.77755560874939,5451096.0
03/19/2004,5.845942001643024,5.884046019376045,5.805832851540817,5.823882102966309,5048000,0.0,0.0,-,5.138393745422364,5.901093482971191,6.053257775306702,5.791794729232788,5460208.0
03/18/2004,5.914128398782816,5.914128398782816,5.751685506897126,5.8218770027160645,4323600,0.0,0.0,-,5.130576856136322,5.8955673122406,6.069182968139648,5.8076379776000975,5441928.0
03/17/2004,5.966269719453134,5.986324484088314,5.845941514154877,5.900089263916016,4050000,0.0,0.0,-,5.122375848293305,5.888799476623535,6.082504677772522,5.8218770027160645,5412840.0
03/16/2004,5.7777571529814535,5.994347829832685,5.685505745485988,5.795806407928467,10246800,0.0,0.0,-,5.114023261070252,5.879185667037964,6.099926710128784,5.868002891540527,5423992.0
03/15/2004,5.74366283597768,5.81184880952039,5.649405934909974,5.68550443649292,5016400,0.0,0.0,-,5.106107289791108,5.867932357788086,6.121160960197448,5.9341833114624025,5275736.0
03/12/2004,5.647399329114275,5.821875258888368,5.62734456738546,5.811847686767578,4259200,0.0,0.0,-,5.097824864387513,5.860206985473633,6.138297152519226,6.024429273605347,5271080.0
03/11/2004,5.701549575390346,5.829899494811057,5.625341523849598,5.647401809692383,7870000,0.0,0.0,-,5.089185106754304,5.850875968933106,6.156326079368592,6.085997533798218,5250152.0
03/10/2004,5.863991322710111,5.884046089255813,5.7155866622924805,5.7155866622924805,6347200,0.0,0.0,-,5.081083216667176,5.8447138118743895,6.182877683639527,6.1664166927337645,5171856.0
03/09/2004,5.876023959847893,5.996352175180218,5.7958052771306265,5.823882102966309,5133600,0.0,0.0,-,5.072495733499528,5.837147789001465,6.203216218948365,6.238012027740479,5068448.0
03/08/2004,5.904102910211564,6.036463879951939,5.876026074272734,5.892069816589356,4922000,0.0,0.0,-,5.063436616659165,5.825893793106079,6.2167381048202515,6.2870855808258055,4987112.0
03/05/2004,5.853964680708245,6.030445801363589,5.833909912278278,5.982314586639404,7165600,0.0,0.0,-,5.053732247352601,5.814397611618042,6.224647569656372,6.314720821380615,4965264.0
03/04/2004,5.865999277689504,6.1387432981332495,5.79580775683848,5.964267253875732,32860400,0.0,0.0,-,5.043581632375718,5.8014970302581785,6.216428875923157,6.3307279586792,4913288.0
03/03/2004,6.389424981014089,6.473654320035741,6.297173199089161,6.3613481521606445,4252800,0.0,0.0,-,5.033386554718018,5.788196401596069,6.199699759483337,6.343132352828979,4410592.0
03/02/2004,6.54585097148399,6.589971536165248,6.427528264859861,6.457610607147217,4315200,0.0,0.0,-,5.021280899047852,5.769177169799804,6.16461865901947,6.331850528717041,4426208.0
03/01/2004,6.48568549573283,6.589969954940614,6.421510561608895,6.587964057922363,6555200,0.0,0.0,-,5.009103026390076,5.747591791152954,6.125325107574463,6.308138608932495,4456624.0
02/27/2004,6.421514124354805,6.517776578948465,6.329262318484471,6.427530288696289,6688400,0.0,0.0,-,4.996592674255371,5.720815858840942,6.0748076915740965,6.252165031433106,4457216.0
02/26/2004,6.431539015079086,6.475659577841222,6.3914298646287,6.451593399047852,4254400,0.0,0.0,-,4.985358433723451,5.697028284072876,6.03080985546112,6.2266546249389645,4457864.0
02/25/2004,6.289151875035703,6.481676745081491,6.271102620654796,6.431540012359619,5028400,0.01075,0.0,-,4.974427928924561,5.675403079986572,5.97669665813446,6.199338674545288,4460072.0
02/24/2004,6.208472641464863,6.390721323929227,6.174426163312672,6.31461763381958,5849200,0.0,0.0,-,4.962270650863648,5.654879817962646,5.92969446182251,6.16842041015625,4463952.0
02/23/2004,6.1143486799433,6.2525370879843845,6.1143486799433,6.168422222137451,5754000,0.0,0.0,-,4.95062814116478,5.6338512134552,5.894346427917481,6.146390628814697,4496280.0
02/20/2004,6.0863092631120885,6.208476174591244,5.9621399535353605,6.142385959625244,5456400,0.0,0.0,-,4.938668940067291,5.615926742553711,5.866508412361145,6.134574317932129,4479568.0
02/19/2004,6.288584592471291,6.348666840795331,6.088311195373535,6.088311195373535,3323600,0.0,0.0,-,4.927204113006592,5.599724607467651,5.843577098846436,6.102129793167114,4497032.0
02/18/2004,6.152398393678046,6.282576402567753,6.152398393678046,6.24852991104126,4473600,0.0,0.0,-,4.915904889106751,5.583903045654297,5.8241506814956665,6.056267166137696,4509184.0
02/17/2004,6.076294705488682,6.242521604519892,6.052261730524247,6.220491409301758,2724400,0.0,0.0,-,4.903595044612885,5.5666395282745365,5.793308615684509,5.997386789321899,4629920.0
02/13/2004,6.154400333128586,6.208474232639119,5.96614364755959,6.028228282928467,5135200,0.0,0.0,-,4.890951451063157,5.549396057128906,5.768174266815185,5.9425116062164305,4738120.0
02/12/2004,6.130368992450587,6.208475497439252,6.108338795867651,6.172426223754883,3806000,0.0,0.0,-,4.87971316933632,5.5368389320373534,5.755056405067444,5.897450351715088,4801128.0
02/11/2004,6.122357210779368,6.190450191042466,5.998187928175716,6.178433895111084,5030400,0.0,0.0,-,4.867539383172989,5.525443353652954,5.731524276733398,5.834965085983276,4844176.0
02/10/2004,6.082302920335921,6.146390342942165,6.00820159920297,6.122357368469238,3384400,0.0,0.0,-,4.855170922279359,5.511584453582763,5.703486037254334,5.7540546417236325,4768688.0
02/09/2004,6.066281665733583,6.134374272505979,5.958133842876846,6.094319820404053,5114000,0.0,0.0,-,4.842818439006806,5.498991279602051,5.677050018310547,5.6909685134887695,4784328.0
02/06/2004,5.872015913005614,6.08831116553136,5.8179420043763805,6.050259113311768,7050400,0.0,0.0,-,4.830755816698075,5.487098875045777,5.653818273544312,5.642302227020264,4792512.0
02/05/2004,5.735828668367215,5.906061093648595,5.735828668367215,5.817940711975098,5612400,0.0,0.0,-,4.819053176641464,5.475867624282837,5.632188773155212,5.598442506790161,4775600.0
02/04/2004,5.601646391671925,5.699780303619989,5.565597503561522,5.629684925079346,4750000,0.0,0.0,-,4.808871335983277,5.466401863098144,5.618670415878296,5.585024404525757,4775192.0
02/03/2004,5.645707066464979,5.751851720484377,5.607655014764404,5.659726142883301,2941600,0.0,0.0,-,4.798837540149689,5.459020709991455,5.611360430717468,5.592034196853637,4837616.0
02/02/2004,5.757857155076336,5.853988243726729,5.647706997079967,5.67173957824707,5797600,0.0,0.0,-,4.788967829942703,5.449058132171631,5.599344062805176,5.5892304420471195,4912656.0
01/30/2004,5.571607396813056,5.619672979655034,5.477479011496425,5.577615737915039,2629600,0.0,0.0,-,4.779013113975526,5.439995632171631,5.57741413116455,5.593836927413941,5022752.0
01/29/2004,5.415393147429184,5.573608941457142,5.393362950264184,5.547573566436768,4040800,0.0,0.0,-,4.769818361997605,5.433675861358642,5.563495135307312,5.6126624584198,5082784.0
01/28/2004,5.56760006179982,5.57360840098707,5.34729963947708,5.369329452514648,4745600,0.0,0.0,-,4.760738902091981,5.428237009048462,5.553381299972534,5.6280834674835205,5096624.0
01/27/2004,5.549575167592566,5.629684825057716,5.477477010661551,5.4914960861206055,3751600,0.0,0.0,-,4.752535691261292,5.428563737869263,5.551879525184631,5.652917432785034,5146224.0
01/26/2004,5.589632313516306,5.667738841733743,5.487492801698181,5.607656955718994,4737200,0.0,0.0,-,4.744090828895569,5.427227392196655,5.544168996810913,5.663131523132324,5159400.0
01/23/2004,5.631689331517965,5.755858651078453,5.517533149224177,5.611661911010742,3031200,0.0,0.0,-,4.734306851625443,5.422207412719726,5.526845264434814,5.665334320068359,5161408.0
01/22/2004,5.679754511105004,5.767874543938084,5.647710793349111,5.683759689331055,3079200,0.0,0.0,-,4.724961836338044,5.4161670207977295,5.5121252059936525,5.665935039520264,5214528.0
01/21/2004,5.569605167531751,5.739837695685356,5.549577743868151,5.699782848358154,3794400,0.0,0.0,-,4.715396023988724,5.408884725570679,5.494801497459411,5.652316427230835,5259408.0
01/20/2004,5.705789544412792,5.737833260236095,5.549576143280776,5.631688594818115,4556400,0.0,0.0,-,4.70575507760048,5.402422332763672,5.4747741460800174,5.630686664581299,5555472.0
01/16/2004,5.6997797984619805,5.793908524716146,5.663730913546504,5.717804431915283,4474800,0.0,0.0,-,4.696539407968522,5.39406084060669,5.463709044456482,5.609457683563233,5600072.0
01/15/2004,5.655720454918566,5.789903640719018,5.653717675191255,5.765871047973633,4523600,0.0,0.0,-,4.686738502979279,5.383296756744385,5.446735906600952,5.560991334915161,5624160.0
01/14/2004,5.6877645799550764,5.747846830167615,5.6276827117337405,5.701783657073975,5171200,0.0,0.0,-,4.676118562221528,5.37251166343689,5.42090072631836,5.514327812194824,5717096.0
01/13/2004,5.539562596367787,5.659726721072476,5.527546298494685,5.617669105529785,6669200,0.0,0.0,-,4.66562449336052,5.358707008361816,5.397719120979309,5.478679132461548,5721912.0
01/12/2004,5.633691446603371,5.649713305805569,5.525543992486355,5.593636989593506,3773200,0.0,0.0,-,4.655725601911545,5.346824655532837,5.385352325439453,5.450841617584229,5742016.0
01/09/2004,5.513526378080499,5.727818837027409,5.513526378080499,5.629684925079346,4017200,0.0,0.0,-,4.646505630016327,5.33654335975647,5.3759393215179445,5.425206470489502,5940568.0
01/08/2004,5.799917881568595,5.799917881568595,5.575611871978316,5.617669105529785,5474800,0.0,0.0,-,4.637120372056962,5.327381629943847,5.35761444568634,5.3883562088012695,6017248.0
01/07/2004,5.469466677393224,5.559589863985309,5.421401105207849,5.547573566436768,4134000,0.0,0.0,-,4.628289104700089,5.31822018623352,5.340340924263001,5.358315372467041,5985432.0
01/06/2004,5.353307595431945,5.50150985742919,5.343294078780024,5.483485221862793,2869200,0.0,0.0,-,4.619419180154801,5.31008053779602,5.329576206207276,5.337286567687988,6031248.0
01/05/2004,5.263185757292036,5.453445282236804,5.2271364795996345,5.419398784637451,4607600,0.0,0.0,-,4.611508278846741,5.303462677001953,5.320263600349426,5.318861627578736,6203112.0
01/02/2004,5.353304996884676,5.391357029275257,5.221124654886856,5.23314094543457,2834000,0.0,0.0,-,4.603388986587525,5.297086277008057,5.318561363220215,5.317960405349732,6329424.0
12/31/2003,5.473473907349461,5.473473907349461,5.283213958486421,5.299235820770264,4783600,0.0,0.0,-,4.595273050069809,5.296155548095703,5.324820208549499,5.332480478286743,6460120.0
12/30/2003,5.311250368329183,5.371332232236914,5.299233689954698,5.345296859741211,3212800,0.0,0.0,-,4.587410333156586,5.2965637302398685,5.329877018928528,5.3274736404418945,6565232.0
12/29/2003,5.335288393220164,5.377346046369519,5.301241867143664,5.339293956756592,3955200,0.0,0.0,-,4.579107784032822,5.293529901504517,5.342744541168213,5.31675910949707,6568352.0
12/26/2003,5.261181802065056,5.367326449349572,5.253170683482216,5.33728551864624,1176800,0.0,0.0,-,4.570431150197983,5.292696762084961,5.350054287910462,5.319863033294678,6539776.0
12/24/2003,5.287217682113568,5.337286032099475,5.231141374603716,5.2611823081970215,1066800,0.0,0.0,-,4.561614899635315,5.291303596496582,5.3578249454498295,5.326672172546386,6620544.0
12/23/2003,5.333282605310811,5.433419345329343,5.189085837201011,5.3172607421875,3829600,0.0,0.0,-,4.551986812353134,5.292712907791138,5.369750809669495,5.326872682571411,6675160.0
12/22/2003,5.287217173476968,5.34529663722908,5.227135312070304,5.33728551864624,4566800,0.0,0.0,-,4.5423227882385255,5.292260446548462,5.378322601318359,5.32236647605896,6679736.0
12/19/2003,5.437424621712983,5.477479468418253,5.23114319255743,5.299235820770264,7725600,0.0,2.0,-,4.532488794326783,5.289546928405762,5.378690958023071,5.321865844726562,6662192.0
12/18/2003,5.3683293256120495,5.412389342476418,5.334282827401458,5.410386562347412,5033600,0.0,0.0,-,4.523019666671754,5.2890348052978515,5.376760530471802,5.321665573120117,6767040.0
12/17/2003,5.25617516942912,5.390358352965826,5.217121538392171,5.378341674804688,5836000,0.0,0.0,-,4.512416075468064,5.282158403396607,5.364321064949036,5.319162321090698,6778128.0
12/16/2003,5.226136039211751,5.305244151192708,5.107974661870689,5.249167442321777,6584800,0.0,0.0,-,4.502217164039612,5.275122632980347,5.356334710121155,5.317159938812256,6789536.0
12/15/2003,5.436422194518954,5.476476650185812,5.2111145921724376,5.238151550292969,6720800,0.0,0.0,-,4.492589288949967,5.270170240402222,5.3569576978683475,5.332280397415161,6743392.0
12/12/2003,5.408384878926106,5.45144370545303,5.332281128547898,5.370333194732666,4364800,0.0,0.0,-,4.483530346155167,5.265578269958496,5.358831667900086,5.368729972839356,6696688.0
12/11/2003,5.271193770237467,5.431412656920121,5.239150069299146,5.40537691116333,5222400,0.0,0.0,-,4.473745639324189,5.255601768493652,5.359598302841187,5.380245542526245,6709248.0
12/10/2003,5.286218813755828,5.311252999785748,5.206109494858357,5.263187408447266,7465600,0.0,0.0,-,4.463541263341904,5.244004077911377,5.360563397407533,5.388977718353272,6710944.0
12/09/2003,5.332280558731048,5.357314739757955,5.266190336099667,5.272198677062988,4918400,0.0,0.0,-,4.454072774648667,5.231549034118652,5.365236926078797,5.412628936767578,6728416.0
12/08/2003,5.307245030649392,5.357313379995141,5.272197338903844,5.332279205322266,6329600,0.0,0.0,-,4.445014219284058,5.219393901824951,5.367109107971192,5.434278726577759,6767232.0
12/05/2003,5.340291928636022,5.377342411323191,5.284215223008204,5.2972331047058105,3931200,0.0,0.0,-,4.435391285419465,5.2073775482177735,5.366477394104004,5.43551607131958,6731808.0
12/04/2003,5.427411673730795,5.459455401679722,5.257179130257516,5.385354042053223,10510400,0.0,0.0,-,4.426347007751465,5.197182493209839,5.370448899269105,5.431855487823486,6781744.0
12/03/2003,5.4674669355470735,5.491499925989646,5.358317852020264,5.358317852020264,8134400,0.0,0.0,-,4.416747572422028,5.185965251922608,5.361861896514894,5.409479808807373,6714320.0
12/02/2003,5.565597729012239,5.575611245783339,5.39035851157973,5.40037202835083,8285600,0.0,0.0,-,4.407626978158952,5.176729154586792,5.352926015853883,5.395509481430054,6643072.0
12/01/2003,5.508518581160713,5.622674716869281,5.5005078454216365,5.602647304534912,5958400,0.0,0.0,-,4.398898756504059,5.165311622619629,5.344238233566285,5.381634998321533,6553840.0
11/28/2003,5.530550487828715,5.536558827989414,5.465461855048371,5.4854888916015625,1256000,0.00725,0.0,-,4.388954956531525,5.15216926574707,5.314683413505555,5.348933362960816,6605232.0
11/26/2003,5.50470227488485,5.50470227488485,5.401670533120443,5.492698669433594,4166400,0.0,0.0,-,4.379427613019944,5.1420102882385255,5.291586542129517,5.338951063156128,6672464.0
11/25/2003,5.467689730714982,5.524707321029678,5.447683471645975,5.499699592590332,5523200,0.0,0.0,-,4.370108263492585,5.130106601715088,5.270930218696595,5.332149076461792,6692816.0
11/24/2003,5.388665653312976,5.488696575164795,5.375661908215371,5.488696575164795,6204800,0.0,0.0,-,4.3608684682846075,5.119863424301148,5.25452516078949,5.3178449153900145,6674000.0
11/21/2003,5.269629454786893,5.359657444966283,5.263627461579027,5.344652652740479,5592000,0.0,0.0,-,4.351758397817612,5.1073395538330075,5.238070178031922,5.299939489364624,6622896.0
11/20/2003,5.176601262966543,5.292637140747307,5.139589921167684,5.260627269744873,7871200,0.0,0.0,-,4.343348624706269,5.097536487579346,5.2278671026229855,5.297438716888427,6606128.0
11/19/2003,5.211612730618129,5.217614725436869,5.143591649023691,5.16159725189209,6693600,0.0,0.0,-,4.336315236091615,5.089454011917114,5.222465348243714,5.309042310714721,6552464.0
11/18/2003,5.147592693968442,5.406672874691986,5.139590416240892,5.21861457824707,11302400,0.0,0.0,-,4.329518005847931,5.080931348800659,5.21941442489624,5.314243984222412,6512128.0
11/17/2003,5.28063331974188,5.321645989144897,5.181602523014342,5.261627197265625,5631200,0.0,0.0,-,4.322774373292924,5.071368408203125,5.217813920974732,5.31034255027771,6409872.0
11/14/2003,5.396668273974398,5.505701993324021,5.236618571133912,5.275630950927734,4732800,0.0,0.0,-,4.316134431362153,5.064026165008545,5.220714807510376,5.306841468811035,6363456.0
11/13/2003,5.421677093468031,5.425678422700126,5.30364055223552,5.385665893554688,7225600,0.0,0.0,-,4.309185404777527,5.056143712997437,5.216613531112671,5.280433464050293,6337600.0
11/12/2003,5.3586583855231495,5.438683075545704,5.350656107314805,5.424678802490234,4410400,0.0,0.0,-,4.301491962671281,5.048781442642212,5.212212085723877,5.244222021102905,6451456.0
11/11/2003,5.307643023787461,5.406673463274895,5.29363836846102,5.356657981872559,4837600,0.0,0.0,-,4.2938425314426425,5.043399772644043,5.20435950756073,5.209711360931396,6557632.0
11/10/2003,5.3216459204968,5.364659253899704,5.271630452036469,5.309642314910889,5687200,0.0,0.0,-,4.2865132808685305,5.039278450012207,5.203109002113342,5.191205406188965,6655872.0
11/07/2003,5.384665185603137,5.476693458733913,5.312642793352814,5.319644927978516,5323200,0.0,0.0,-,4.279234817028046,5.033540649414062,5.202358770370483,5.176200866699219,6730512.0
11/06/2003,5.205610386366675,5.511704828969181,5.200608915513988,5.3766632080078125,18597600,0.0,0.0,-,4.2734752202034,5.027762718200684,5.196457004547119,5.158295488357544,6778512.0
11/05/2003,5.181604107480283,5.240622394335318,5.11158235300328,5.213613986968994,6786400,0.0,0.0,-,4.2681676554679875,5.01734733581543,5.191305327415466,5.135888385772705,6453232.0
11/04/2003,5.201607160432999,5.252622755069458,5.168596777983574,5.179600238800049,5679200,0.0,0.0,-,4.263565757274629,5.009273710250855,5.183952951431275,5.1245848655700685,6419984.0
11/03/2003,5.019552376532984,5.261627057407028,5.012550241571353,5.226616382598877,9170400,0.0,0.0,-,4.259656894207001,5.001460771560669,5.176300597190857,5.125285291671753,6372288.0
10/31/2003,5.039559831376233,5.07957198610382,4.958534617052043,5.0115509033203125,5412000,0.0,0.0,-,4.255781891345978,4.991648378372193,5.1650471687316895,5.134588146209717,6339600.0
10/30/2003,5.130584486837575,5.173597800459926,5.002544686981184,5.0235514640808105,7674400,0.0,0.0,-,4.253535063266755,4.988135576248169,5.1648972749710085,5.152793598175049,6468336.0
10/29/2003,5.1816038292624365,5.241622636272053,5.0665684502727295,5.0795722007751465,13700800,0.0,0.0,-,4.251382632255555,4.982564296722412,5.157295107841492,5.180202150344849,6555312.0
10/28/2003,5.112580178734114,5.204608438308599,5.1015767169181085,5.171598434448242,7851200,0.0,0.0,-,4.249308683872224,4.9768717575073245,5.144591116905213,5.199007654190064,6364208.0
10/27/2003,5.141591317314374,5.2176146763643,5.127586662869031,5.159596920013428,3884000,0.0,0.0,-,4.246799504756928,4.969698390960693,5.118032956123352,5.2150125980377195,6347536.0
10/24/2003,5.121585398900368,5.147593281467959,5.043560988021913,5.140591144561768,6424800,0.0,0.0,-,4.244340386390687,4.961266317367554,5.0932752132415775,5.228516674041748,6312016.0
10/23/2003,5.111579522922371,5.1906040361020445,5.046559658154564,5.152592182159424,11462400,0.0,0.0,-,4.241552946567536,4.951975412368775,5.072818732261657,5.234618520736694,6249040.0
10/22/2003,5.160597207914996,5.171600674497089,5.0875746533830775,5.100578784942627,10923200,0.0,0.0,-,4.2378886866569525,4.941904983520508,5.05456314086914,5.246722269058227,6094032.0
10/21/2003,5.305641572122139,5.330649309115639,5.1786022224046215,5.186604499816895,9368800,0.0,0.0,-,4.234285278320313,4.933194551467896,5.040758800506592,5.24332103729248,5963824.0
10/20/2003,5.190604935725925,5.340651331855621,5.1766006664745206,5.319644927978516,10039200,0.0,0.0,-,4.229758660793305,4.919386396408081,5.0262542247772215,5.227315902709961,5878928.0
10/17/2003,5.313642608832059,5.357656459879842,5.191605140278456,5.193605422973633,3368800,0.0,0.0,-,4.224502093791962,4.9032971477508545,5.001746749877929,5.195506191253662,5859408.0
10/16/2003,5.271629116666165,5.323645236479098,5.238618732682178,5.297636985778809,2526400,0.0,0.0,-,4.220064990520478,4.891067562103271,4.9893429517745975,5.177000951766968,6027376.0
10/15/2003,5.380662264369861,5.380662264369861,5.217611788652943,5.267627239227295,5215200,0.0,0.0,-,4.214689366817475,4.875638265609741,4.973338103294372,5.134388065338134,6139504.0
10/14/2003,5.24562122207062,5.346652663315714,5.220613492477551,5.331647872924805,3797600,0.0,0.0,-,4.209219746589661,4.860149765014649,4.954832458496094,5.090174579620362,6296112.0
10/13/2003,5.201608875408803,5.30163981532051,5.186604081786945,5.294637680053711,4058400,0.0,0.0,-,4.202976796627045,4.8455989551544185,4.937627100944519,5.021053314208984,6362112.0
10/10/2003,5.262628554546469,5.271631355676059,5.1946074752535285,5.201609611511231,3689600,0.0,0.0,-,4.197157948017121,4.830629329681397,4.916020369529724,4.958033752441406,6394832.0
10/09/2003,5.144589700675096,5.31664298694131,5.144589700675096,5.273629665374756,12968000,0.0,0.0,-,4.1916946721076975,4.817400360107422,4.898664855957032,4.911018943786621,6498624.0
10/08/2003,5.072568078525676,5.08657234687048,4.99654474397344,5.066566467285156,5588000,0.0,0.0,-,4.185970904827118,4.79919397354126,4.877808547019958,4.862404012680054,6362336.0
10/07/2003,4.966534761504463,5.0905728744014525,4.927522386641364,5.026553153991699,6406400,0.0,0.0,-,4.181780512332917,4.786507730484009,4.861253428459167,4.838196563720703,6341408.0
10/06/2003,5.005549143247335,5.0355583538102655,4.9695379379366935,5.001547813415527,4277600,0.0,0.0,-,4.178592064380647,4.775760765075684,4.8469491481781,4.825192546844482,6283808.0
10/03/2003,4.926527624080515,5.021557167258561,4.916524674940952,5.0085530281066895,4385600,0.0,0.0,-,4.175583431720734,4.7640351295471195,4.8415975093841555,4.807987308502197,6280416.0
10/02/2003,4.81148931292578,4.901517334978901,4.763474495026733,4.871508121490479,4992800,0.0,0.0,-,4.172719066143037,4.7513501167297365,4.835245275497437,4.801684951782226,6250608.0
10/01/2003,4.653439054959322,4.843497598952101,4.638434262354857,4.8254923820495605,5307200,0.0,0.0,-,4.170948326587678,4.743424234390258,4.842547488212586,4.81228814125061,6199904.0
09/30/2003,4.677446559553231,4.781478828134931,4.633433083578397,4.640435218811035,8339200,0.0,0.0,-,4.168994286060334,4.73535964012146,4.859052634239196,4.8194903373718265,6154496.0
09/29/2003,4.739465254885973,4.744466724735637,4.582416735762818,4.66444206237793,6859200,0.0,0.0,-,4.168000395298005,4.730256814956665,4.884560465812683,4.854200887680054,6043952.0
09/26/2003,4.768472851363542,4.808485364263115,4.704453135994307,4.731461524963379,4558400,0.0,0.0,-,4.166826696395875,4.726412315368652,4.90247597694397,4.874006986618042,6005072.0
09/25/2003,4.823491550038667,4.901515553060956,4.780478219760298,4.787480354309082,6428000,0.0,0.0,-,4.164934401512147,4.719588832855225,4.91744031906128,4.886310768127442,5996256.0
09/24/2003,4.908517978850351,4.917520778316916,4.821491171732041,4.82449197769165,7139200,0.0,0.0,-,4.162786912918091,4.713103733062744,4.920861005783081,4.893213081359863,6016624.0
09/23/2003,4.835494070765129,4.927522322254732,4.818488618110449,4.896512985229492,4572000,0.0,0.0,-,4.160848832130433,4.705638647079468,4.92013304233551,4.884310293197632,5984320.0
09/22/2003,4.905519185927061,4.920523603470082,4.81749181964068,4.829495429992676,3824000,0.0,0.0,-,4.158689939975739,4.695534105300903,4.914755058288574,4.868705749511719,6031152.0
09/19/2003,5.026554658444543,5.026554658444543,4.902516126835064,4.945529460906982,8528000,0.0,0.0,-,4.156607429981232,4.684811582565308,4.910080122947693,4.875207710266113,6116240.0
09/18/2003,4.921522927129237,4.981541345845479,4.876508922298156,4.977540016174316,4617600,0.0,0.0,-,4.154571623802186,4.671628551483154,4.904599189758301,4.868805599212647,6085584.0
09/17/2003,4.981540341475961,5.041559129679119,4.879508744959543,4.897514343261719,5184000,0.0,0.0,-,4.152649397850038,4.660323133468628,4.892971563339233,4.87280683517456,6134160.0
09/16/2003,4.846497168528988,4.991542049463777,4.844496504743756,4.987540721893311,4582400,0.0,0.0,-,4.15117208480835,4.652816333770752,4.887843108177185,4.898614931106567,6134240.0
09/15/2003,4.846498119921698,4.897513720903165,4.818489203017742,4.8625030517578125,3649600,0.0,0.0,-,4.1494287228584295,4.640991153717041,4.879112577438354,4.914920043945313,6174048.0
09/12/2003,4.846497066672221,4.871504791080656,4.721458444630046,4.854499340057373,4753600,0.0,0.0,-,4.147454817295075,4.62888913154602,4.872887086868286,4.930944967269897,6241008.0
09/11/2003,4.741468100809635,4.890514031482877,4.731464774919838,4.856503486633301,5188000,0.0,0.0,-,4.145829391479492,4.6174667453765865,4.863964414596557,4.948569869995117,6319504.0
09/10/2003,4.727461438752941,4.841497015985357,4.722459968724045,4.735464096069336,4676800,0.0,0.0,-,4.144283497333527,4.606283988952637,4.853592777252198,4.948508930206299,6398432.0
09/09/2003,4.890514001506817,4.8945153318382095,4.736466218038969,4.740467548370361,6189600,0.0,0.0,-,4.142969658374787,4.597422161102295,4.850072431564331,4.9559557914733885,6407760.0
09/08/2003,4.879510240490052,4.9055185044923935,4.826493952344429,4.894515037536621,3310400,0.0,0.0,-,4.1413123893737795,4.588520174026489,4.837858891487121,4.96080436706543,6498544.0
09/05/2003,5.026553246745176,5.034555902737882,4.861502091978188,4.8815083503723145,3440000,0.0,0.0,-,4.138168456554413,4.576217565536499,4.81889226436615,4.944952535629272,6592368.0
09/04/2003,5.141590920185517,5.150593720839681,4.969537566167179,5.017552375793457,12918400,0.0,0.0,-,4.135487570762635,4.564234972000122,4.803923153877259,4.940392780303955,6747408.0
09/03/2003,5.160596773810795,5.211612390887143,5.106579968726806,5.155595302581787,9719200,0.0,0.0,-,4.132763290405274,4.549551525115967,4.7793541431427,4.913136291503906,6851152.0
09/02/2003,5.05056093782432,5.1585941248517,5.0315548202415,5.150591850280762,9749600,0.00725,0.0,-,4.128866195678712,4.532327003479004,4.746234488487244,4.877071285247803,6889776.0
08/29/2003,5.035741406865265,5.047731160273535,4.96779883563942,5.022752285003662,9419200,0.0,0.0,-,4.124635903835297,4.513963565826416,4.718910264968872,4.8433051109313965,6895280.0
08/28/2003,4.863889562613683,5.037742426120319,4.855896134745616,5.03074836730957,7723200,0.0,0.0,-,4.120711479187012,4.496218576431274,4.6950804710388185,4.8148292064666744,6926672.0
08/27/2003,4.790949229845472,4.859890800995161,4.776961118117778,4.855894088745117,2333600,0.0,0.0,-,4.116339111328125,4.479133014678955,4.670551109313965,4.779358959197998,6955536.0
08/26/2003,4.716012264242874,4.816926764120494,4.668052864000768,4.809932708740234,5124000,0.0,0.0,-,4.113443002700806,4.46518479347229,4.645921921730041,4.758676624298095,7095696.0
08/25/2003,4.715015614728696,4.809935482531541,4.704025222184234,4.788953304290772,3294400,0.0,0.0,-,4.110572719573975,4.45175615310669,4.62703800201416,4.744189071655273,7201232.0
08/22/2003,4.888867376591709,4.88986636428146,4.703024412200259,4.735996723175049,7536000,0.0,0.0,-,4.108658101558686,4.438227519989014,4.612050580978393,4.714913415908813,7267408.0
08/21/2003,4.777959618839807,4.847900551500326,4.765969864458621,4.835910797119141,11848800,0.0,0.0,-,4.106863980293275,4.426757164001465,4.596014046669007,4.692831993103027,7325040.0
08/20/2003,4.795944227505356,4.82092310369028,4.70402214609559,4.744987487792969,12023200,0.0,0.0,-,4.104217052459718,4.413892021179199,4.572933626174927,4.6674535274505615,7246816.0
08/19/2003,4.814928036050177,4.833912225884494,4.758975597331943,4.794945240020752,4145600,0.0,0.0,-,4.102412810325623,4.403603677749634,4.559444952011108,4.645571994781494,7110592.0
08/18/2003,4.745986895956088,4.856893177034651,4.740991196505622,4.812930107116699,7017600,0.0,0.0,-,4.099259264469147,4.390859394073487,4.540810823440552,4.615397691726685,7158736.0
08/15/2003,4.677045100203587,4.7459866640044766,4.570135536369385,4.737993240356445,2108000,0.0,0.0,-,4.096085438728333,4.3799106407165525,4.519429016113281,4.594515419006347,7159904.0
08/14/2003,4.649068660591732,4.696029073291829,4.625089151106846,4.676045894622803,3276000,0.0,0.0,-,4.093838531970978,4.372994995117187,4.506140208244323,4.575331735610962,7301360.0
08/13/2003,4.670053296363464,4.682043056467959,4.587123201200664,4.649070739746094,3712000,0.0,0.0,-,4.092150127887726,4.364684162139892,4.491852283477783,4.561743259429932,7409728.0
08/12/2003,4.493202684808223,4.671052252897851,4.49220331580345,4.665057182312012,4412800,0.0,0.0,-,4.0911986041069035,4.355336256027222,4.482560014724731,4.533167219161987,7483024.0
08/11/2003,4.5081864980964585,4.524172960172614,4.455231413934315,4.496196746826172,5124000,0.0,0.0,-,4.089585044384004,4.34662654876709,4.471869039535522,4.509886932373047,7525888.0
08/08/2003,4.481211200938066,4.563141901991097,4.436249519032672,4.515182495117188,9063200,0.0,0.0,-,4.089164052009583,4.340954856872559,4.4666234970092775,4.5091877460479735,7542432.0
08/07/2003,4.526173308122292,4.643074673199595,4.461228444099335,4.582126140594482,11767200,0.0,0.0,-,4.088434190750123,4.331231594085693,4.455532836914062,4.499196100234985,7462160.0
08/06/2003,4.487205176334014,4.571134213199308,4.426256659174441,4.526172161102295,8132800,0.0,0.0,-,4.087215385437013,4.321266994476319,4.440745425224304,4.478413724899292,7334352.0
08/05/2003,4.601110800568918,4.601110800568918,4.466224966411701,4.493202209472656,13045600,0.0,0.0,-,4.085972859859467,4.311284027099609,4.43505027294159,4.4733179092407225,7260272.0
08/04/2003,4.54915353857328,4.644073359531818,4.50319249049566,4.60410737991333,7097600,0.0,0.0,-,4.084367825984955,4.301381783485413,4.4364988803863525,4.466223955154419,7102320.0
08/01/2003,4.577130356494468,4.589120112823026,4.5181801812534585,4.546156406402588,5694400,0.0,0.0,-,4.081372420787812,4.289540810585022,4.426107597351074,4.444342613220215,7171824.0
07/31/2003,4.406274319550882,4.584124205946068,4.406274319550882,4.5401611328125,8879200,0.0,0.0,-,4.079069769382477,4.2776416015625,4.4116698741912845,4.436948680877686,7294960.0
07/30/2003,4.431252917446511,4.446240397086679,4.326341703407662,4.36331033706665,6153600,0.0,0.0,-,4.076080666780473,4.265882210731506,4.398830819129944,4.421961307525635,7459088.0
07/29/2003,4.498198568952846,4.541162290359416,4.41626784002581,4.432254314422607,4541600,0.0,0.0,-,4.073985769748688,4.25712103843689,4.395533585548401,4.431952810287475,7625952.0
07/28/2003,4.416266590947882,4.534166949208182,4.398281764694785,4.48920488357544,3526400,0.0,0.0,-,4.07080484867096,4.247280292510986,4.388539505004883,4.433851146697998,7734288.0
07/25/2003,4.38129474997793,4.455232391520947,4.329339022690561,4.415266036987305,4108000,0.0,0.0,-,4.066100351810455,4.237936916351319,4.378847670555115,4.424059247970581,7885952.0
07/24/2003,4.502194542529855,4.530170772837132,4.374302387237549,4.374302387237549,2895200,0.0,0.0,-,4.062188446521759,4.231349468231201,4.372053599357605,4.4118695735931395,7949376.0
07/23/2003,4.421259559099701,4.484206412086086,4.381293218535936,4.475214004516602,2457600,0.0,0.0,-,4.0574962627887725,4.227477064132691,4.367457413673401,4.403077125549316,8107200.0
07/22/2003,4.406276193710691,4.490205282216972,4.35332106707317,4.422262668609619,3036800,0.0,0.0,-,4.052433853149414,4.223282632827758,4.357865715026856,4.396782636642456,8441488.0
07/21/2003,4.456233918202808,4.481212808733424,4.356318356080346,4.385293960571289,2812000,0.0,0.0,-,4.047496894598007,4.214839067459106,4.351471042633056,4.406773805618286,8504048.0
07/18/2003,4.404274901674316,4.491201269664711,4.326340561718164,4.472217082977295,4915200,0.0,0.0,-,4.043262202739715,4.206855502128601,4.34382734298706,4.407872581481934,8931840.0
07/17/2003,4.445241235049208,4.4562316210532265,4.366307890186502,4.390287399291992,4117600,0.0,0.0,-,4.03843866109848,4.192942800521851,4.326991629600525,4.386391067504883,9063728.0
07/16/2003,4.561142893662781,4.601108866430674,4.440244844585356,4.463225364685059,7446400,0.0,0.0,-,4.034218802452087,4.1821254634857175,4.316300773620606,4.375700330734253,9301968.0
07/15/2003,4.418265745207851,4.481212267313518,4.3982825589682015,4.451237678527832,5524000,0.0,0.0,-,4.030290974378586,4.169430284500122,4.301063656806946,4.359114360809326,9473584.0
07/14/2003,4.346323849217822,4.496197085397747,4.342327138110994,4.3912858963012695,6913600,0.0,0.0,-,4.027064884901047,4.156136751174927,4.285426807403565,4.343227863311768,9624432.0
07/11/2003,4.286375238482732,4.326341211062581,4.2494062278834415,4.293369293212891,8078400,0.0,0.0,-,4.02386491894722,4.1421464872360225,4.27148859500885,4.333636093139648,9810208.0
07/10/2003,4.370306996955381,4.371305984904114,4.252406599327871,4.286377906799316,6995200,0.0,0.0,-,4.021015231609344,4.131890540122986,4.264944076538086,4.332237625122071,9878432.0
07/09/2003,4.506189562085741,4.539161864899034,4.378297825192229,4.412269115447998,7046400,0.0,0.0,-,4.018270149230957,4.120916361808777,4.260257863998413,4.331837701797485,9917536.0
07/08/2003,4.406272419344162,4.529168792470743,4.377297220448697,4.52217435836792,5188000,0.0,0.0,-,4.015860806703568,4.106765813827515,4.251172924041748,4.318948793411255,9999568.0
07/07/2003,4.261395955281924,4.40327577326926,4.248406834390276,4.396281719207764,6572800,0.0,0.0,-,4.013076063394546,4.089359540939331,4.232950758934021,4.296168279647827,10078384.0
07/03/2003,4.279383487706033,4.309358078565622,4.229425709224184,4.257401943206787,6997600,0.0,0.0,-,4.011527765989303,4.075069813728333,4.226411294937134,4.279782104492187,10085872.0
07/02/2003,4.293371816463459,4.3313394555561056,4.232423262725763,4.283380031585693,8678400,0.0,0.0,-,4.010236037969589,4.064116396903992,4.233151745796204,4.267592191696167,10099968.0
07/01/2003,4.250405637669357,4.298365033919754,4.167475586280876,4.297365665435791,9134400,0.0,0.0,-,4.009700011014939,4.054080247879028,4.232007956504821,4.256901216506958,10181616.0
06/30/2003,4.29037434645744,4.321348309705474,4.266394823615049,4.292372703552246,5143200,0.0,0.0,-,4.008551765680313,4.040591449737549,4.226223444938659,4.243012952804565,10226736.0
06/27/2003,4.2783823586869945,4.311354661871981,4.263394878848828,4.295368194580078,10728800,0.0,0.0,-,4.00687623500824,4.028459677696228,4.223083400726319,4.227625751495362,10288944.0
06/26/2003,4.2554047053549855,4.306361485101408,4.252407359825108,4.279384613037109,8001600,0.0,0.0,-,4.0056036496162415,4.016168241500854,4.218945598602295,4.209341096878052,10242208.0
06/25/2003,4.29137108439272,4.321345660141096,4.227425221156877,4.282378673553467,11192000,0.0,0.0,-,4.004092561006546,4.005353856086731,4.206427335739136,4.197650527954101,10224016.0
06/24/2003,4.277385341806655,4.337334526482764,4.25040809435812,4.283380031585693,18105600,0.0,0.0,-,4.0024471092224125,3.9943399143218996,4.196503210067749,4.188678026199341,10214288.0
06/23/2003,4.226426633210655,4.294369220733643,4.2214309331878574,4.294369220733643,11650400,0.0,0.0,-,4.0003588211536405,3.983246059417725,4.183685398101806,4.183397054672241,10011184.0
06/20/2003,4.15248765659721,4.25340212783796,4.095535861149415,4.232419967651367,10024800,0.0,0.0,-,3.9969469165802,3.9734091472625734,4.168871438503265,4.169733238220215,10000000.0
06/19/2003,4.171472459111127,4.209440458873415,4.118517361836889,4.135502815246582,10988800,0.0,0.0,-,3.993755203485489,3.9617779779434206,4.157853376865387,4.17304048538208,9967216.0
06/18/2003,4.15249075903527,4.219434000449693,4.137503272763105,4.176470279693604,9166400,0.0,0.0,-,3.990321694612503,3.9539210987091065,4.148638033866883,4.198711299896241,9862992.0
06/17/2003,4.184461272011409,4.20444444836166,4.040582707207506,4.158483028411865,9341600,0.0,0.0,-,3.9874047589302064,3.9458036375045777,4.137424099445343,4.2071146965026855,9856976.0
06/16/2003,4.113521810248888,4.154487539697014,4.095537367152407,4.138500690460205,10400800,0.0,0.0,-,3.9844444155693055,3.938065848350525,4.125762534141541,4.209433937072754,9788288.0
06/13/2003,4.196450677196813,4.199448019999085,4.091539486496364,4.112521648406982,6603200,0.0,0.0,-,3.981181536912918,3.931066927909851,4.115848350524902,4.218541049957276,9671920.0
06/12/2003,4.1874577940511095,4.211437677199288,4.091539023753018,4.162478923797607,10417600,0.00725,0.0,-,3.978585162162781,3.923968963623047,4.111324071884155,4.228550100326538,9648528.0
06/11/2003,4.229571251379143,4.229571251379143,4.146756063852995,4.192653656005859,7937600,0.0,0.0,-,3.9765439009666443,3.9135570430755617,4.107494807243347,4.21520414352417,9611696.0
06/10/2003,4.181679125718849,4.230570316314697,4.149750324741641,4.230570316314697,5212000,0.0,0.0,-,3.97396421790123,3.901763367652893,4.106896233558655,4.204328393936157,9646320.0
06/09/2003,4.256511015539903,4.258506612565019,4.155735839809478,4.157731056213379,6552800,0.0,0.0,-,3.9714384126663207,3.8899097776412965,4.108642339706421,4.183973741531372,9659440.0
06/06/2003,4.428130035341308,4.443096447106293,4.2585080376554245,4.26549243927002,7076000,0.0,0.0,-,3.9696593618392946,3.881748008728027,4.100760006904602,4.168009638786316,9689488.0
06/05/2003,4.267488933050792,4.420148572712905,4.215604524003865,4.392210960388184,9180800,0.0,0.0,-,3.966745297908783,3.8714908266067507,4.086791169643402,4.142666268348694,9749632.0
06/04/2003,4.186668643026352,4.29442865015564,4.175693044453399,4.260504245758057,8694400,0.0,0.0,-,3.9635454452037813,3.8606749200820922,4.056009721755982,4.098564767837525,9670256.0
06/03/2003,4.239546572683108,4.26748415371938,4.160722248335345,4.181675434112549,7376800,0.0,0.0,-,3.960596694946289,3.8509366083145142,4.035455536842346,4.067733502388,9681808.0
06/02/2003,4.2056254117586205,4.330347394543618,4.191656229964821,4.22957181930542,6556000,0.0,0.0,-,3.9577340400218963,3.8453291988372804,4.017795085906982,4.042091131210327,9688288.0
05/30/2003,4.031016874753324,4.218598567000621,4.0280232866813215,4.212612152099609,5951200,0.0,0.0,-,3.9540903401374816,3.8366485691070555,3.995644545555115,4.0131556510925295,9804928.0
05/29/2003,4.105848148894842,4.137776948552715,4.012056966856191,4.029019355773926,5049600,0.0,0.0,-,3.950069352388382,3.824595398902893,3.969602572917938,3.9940980434417725,9966784.0
05/28/2003,4.024029767595201,4.125802558772857,4.021036181533805,4.083896160125732,5376800,0.0,0.0,-,3.946842124462128,3.8185488605499267,3.9571802020072937,3.9997854709625242,10123392.0
05/27/2003,3.9761370057047,4.038996997084455,3.876359410774883,4.027023792266846,4428800,0.0,0.0,-,3.943683342933655,3.8105666780471803,3.9398688435554505,4.009464073181152,10257856.0
05/23/2003,4.002081225736346,4.002081225736346,3.9372256070917375,3.9980900287628174,5148000,0.0,0.0,-,3.9410623157024385,3.8021055459976196,3.9237547397613524,4.0333109378814695,10473488.0
05/22/2003,3.960174317429957,4.073921144536159,3.921261099487445,4.012058734893799,10572800,0.0,0.0,-,3.9378804326057435,3.793624453544617,3.9064432740211488,4.033510375022888,10606304.0
05/21/2003,3.960175961654821,4.021040407038888,3.900309506213703,3.951195955276489,11851200,0.0,0.0,-,3.934603853225708,3.780094575881958,3.8899301052093507,4.03091607093811,10574736.0
05/20/2003,3.961171592292589,4.028022415030904,3.916271587143729,3.9521915912628174,17085600,0.0,0.0,-,3.9311247980594635,3.768759775161743,3.8778568625450136,4.0134546756744385,10538192.0
05/19/2003,3.911282915950152,3.960173738299976,3.882347313796175,3.925251722335816,14496800,0.0,0.0,-,3.9283313870429994,3.757125678062439,3.869325911998749,4.003177571296692,10353808.0
05/16/2003,4.016047815619817,4.016047815619817,3.899308223304985,3.9402170181274414,9958400,0.0,0.0,-,3.926651475429535,3.746728849411011,3.854209613800049,3.9934990406036377,10257568.0
05/15/2003,4.109840108811801,4.117822501261644,3.992102484526546,4.022036075592041,11109600,0.0,0.0,-,3.9256619036197664,3.733717875480652,3.841487967967987,3.9781334400177,10360560.0
05/14/2003,4.1816800552040485,4.195648861158834,4.053964822907244,4.085893630981445,7279200,0.0,0.0,-,3.925475559234619,3.7200483417510988,3.824425983428955,3.945107102394104,10421024.0
05/13/2003,4.225581804152096,4.245537403092906,4.1687085945746905,4.180682182312012,10786400,0.0,0.0,-,3.9254618000984194,3.7048023176193237,3.8070645689964295,3.914574933052063,10436048.0
05/12/2003,3.987112841358012,4.267488036962952,3.980128439743417,4.26549243927002,19172000,0.0,0.0,-,3.9240698182582854,3.689715933799744,3.7846145391464234,3.8702736139297484,10409760.0
05/09/2003,4.0280220091785255,4.032013204927708,3.933233203553015,4.000084400177002,6164800,0.0,0.0,-,3.9217768144607543,3.672673921585083,3.75777428150177,3.814198541641235,10217536.0
05/08/2003,3.771593675000677,4.063942109968803,3.766604870501773,3.986115694046021,24201600,0.0,0.0,-,3.9211586499214173,3.6599622678756716,3.7478962421417235,3.779376173019409,10440880.0
05/07/2003,3.846426398669502,3.851415202538482,3.740662386410312,3.7765820026397705,11509600,0.0,0.0,-,3.919164478778839,3.647629747390747,3.731133532524109,3.748944139480591,10171920.0
05/06/2003,3.8314605464378775,3.898311365409058,3.827469350511463,3.849420547485352,16029600,0.0,0.0,-,3.918595598936081,3.641307859420776,3.7294373750686645,3.7422590494155883,10191472.0
05/05/2003,3.772591202857286,3.854408804620844,3.726693217465432,3.8284664154052734,16027200,0.0,0.0,-,3.91790598154068,3.6324732971191405,3.725496208667755,3.7354742527008056,10077296.0
05/02/2003,3.669820991017165,3.787558621062392,3.6678253928070745,3.7865610122680655,13066400,0.0,0.0,-,3.918076351881027,3.6256715202331544,3.722652566432953,3.71492018699646,10067952.0
05/01/2003,3.746650325519506,3.7576259268764898,3.661839483323437,3.691772699356079,16202400,0.0,0.0,-,3.918173041343689,3.6192496395111085,3.7227522492408753,3.7048424959182737,10119584.0
04/30/2003,3.735671956466954,3.807511926217484,3.681792359775268,3.780571937561035,11489600,0.0,0.0,-,3.917809590101242,3.616098165512085,3.72604478597641,3.7037448644638062,10115728.0
04/29/2003,3.711726981268247,3.777580185328205,3.655851385457445,3.737668991088867,8950400,0.0,0.0,-,3.9173400044441222,3.613581280708313,3.719110333919525,3.699554204940796,10148032.0
04/28/2003,3.656848522826764,3.755628115596248,3.646870536280529,3.704741716384888,11148000,0.0,0.0,-,3.91709486246109,3.611105647087097,3.7123753786087037,3.698955464363098,10173568.0
04/25/2003,3.6698207158816034,3.685785119743992,3.624921091695856,3.65186071395874,9128800,0.0,0.0,-,3.9181869399547575,3.608611216545105,3.7090328335762024,3.7013500213623045,10268896.0
04/24/2003,3.686784164927041,3.711728576894583,3.650864150794337,3.681795358657837,6947200,0.0,0.0,-,3.919682538509369,3.608150577545166,3.7139219284057616,3.7164163112640383,10295872.0
04/23/2003,3.766604302061229,3.771593105807244,3.650862304295592,3.709731101989746,7702400,0.0,0.0,-,3.9211973977088928,3.607549481391907,3.717463827133179,3.7133229255676268,10427328.0
04/22/2003,3.606961716243708,3.808512207279384,3.5720393150520584,3.781572580337525,12760800,0.0,0.0,-,3.922622253894806,3.6066885089874265,3.7245480537414553,3.7166157007217406,10606320.0
04/21/2003,3.671816582240956,3.673812180447249,3.593990155302728,3.622925758361816,11390400,0.0,0.0,-,3.923747535943985,3.604311017990112,3.724148857593536,3.7155181646347044,10936704.0
04/17/2003,3.696759697475926,3.722702084473684,3.664830898571999,3.685784101486206,8253600,0.0,0.0,-,3.92500026345253,3.6089314937591555,3.7380678176879885,3.730384945869446,11274224.0
04/16/2003,3.7735896029681104,3.784565202198472,3.663834371907328,3.680796384811402,8392000,0.0,0.0,-,3.9260082519054413,3.6112588357925417,3.7435556292533874,3.7406620025634765,11481584.0
04/15/2003,3.706736553176404,3.7695961427249634,3.6917697667384473,3.7386653423309326,7092000,0.0,0.0,-,3.9275479769706725,3.615040669441223,3.7400134921073915,3.7483447074890144,11627936.0
04/14/2003,3.606959612281696,3.742656799216692,3.558068431380508,3.7316815853118896,10705600,0.0,0.0,-,3.929101437330246,3.6189401388168334,3.7394148468971253,3.738666462898255,11696448.0
04/11/2003,3.8264692488664966,3.850416030584083,3.711725283985433,3.728687286376953,7950400,0.0,0.0,-,3.931027684211731,3.6220230197906496,3.737070119380951,3.72579529285431,11791536.0
04/10/2003,3.620928448863205,3.806514807502376,3.605961659700204,3.802523612976074,11091200,0.0,0.0,-,3.9329043006896973,3.624388823509216,3.730834114551544,3.7167156457901007,11961728.0
04/09/2003,3.726692291578026,3.7795746653998847,3.6398859074925616,3.6508615016937256,8385600,0.0,0.0,-,3.9342825508117674,3.6262342023849485,3.719409704208374,3.711427545547486,12119984.0
04/08/2003,3.768601251308632,3.768601251308632,3.68578563306158,3.742658853530884,5777600,0.0,0.0,-,3.9367271602153777,3.6310331296920775,3.703644871711731,3.7216047286987313,12374448.0
04/07/2003,3.88833486863028,3.93922129907532,3.761617216374332,3.770597219467163,8865600,0.0,0.0,-,3.939120202064514,3.633258943557739,3.685734724998474,3.7324804067611703,13065424.0
04/04/2003,3.796537973135376,3.8723691696588345,3.751637972644036,3.771593570709229,5907200,0.0,0.0,-,3.941920095682144,3.6412015104293824,3.6657292008399964,3.732779550552369,13302240.0
04/03/2003,3.791547873896581,3.844429867181077,3.754630277487853,3.7885546684265137,4582400,0.0,0.0,-,3.944575892686844,3.6520726442337037,3.647420036792755,3.7457506895065307,13525728.0
04/02/2003,3.71272344949374,3.78157021937947,3.711725841223779,3.757623434066773,5433600,0.0,0.0,-,3.946948140859604,3.6621662378311157,3.6224757194519044,3.7464492559432983,13800592.0
04/01/2003,3.679798496165572,3.697758497063398,3.5500876746090184,3.64188289642334,8576000,0.0,0.0,-,3.9498675656318665,3.6749703216552736,3.601522517204285,3.731682276725769,13945040.0
03/31/2003,3.580021078165012,3.64387869345896,3.491219058108028,3.602969884872437,9668800,0.0,0.0,-,3.9529682064056395,3.691164979934692,3.5856079936027525,3.740163230895996,13914576.0
03/28/2003,3.738666394109197,3.7915483946569126,3.626915220008817,3.6378908157348633,5868000,0.0,0.0,-,3.956208757162094,3.7103492879867552,3.5767776489257814,3.7483449459075926,13889200.0
03/27/2003,3.7157182093359937,3.8154958151862246,3.69177141645854,3.749642610549927,8055200,0.0,0.0,-,3.9595738089084627,3.7294527769088743,3.5655526995658873,3.744952583312988,14008288.0
03/26/2003,3.8564020659591,3.880348462366016,3.7436533393983065,3.7526333332061768,10083200,0.0,0.0,-,3.9617398715019227,3.7477555751800535,3.5462956547737123,3.7273918628692626,14036752.0
03/25/2003,3.776582425870225,3.882346830603457,3.775584817233165,3.8514156341552734,5212000,0.0,0.0,-,3.9638165318965912,3.7660981607437134,3.5271384716033936,3.6856850147247315,14038800.0
03/24/2003,3.820484249386318,3.864386254685346,3.7516374644189754,3.7735886573791504,9272000,0.0,0.0,-,3.9652950513362883,3.7824253129959104,3.5075920701026915,3.638989043235779,14177680.0
03/21/2003,3.8653853352030407,3.917269364923693,3.78157211551528,3.9013049602508554,7700800,0.0,0.0,-,3.9667458117008207,3.7986156034469603,3.489297258853912,3.5986788511276244,14314144.0
03/20/2003,3.663833919534449,3.826471147946458,3.615940712951032,3.7955403327941895,12388000,0.0,0.0,-,3.9676076197624206,3.8089843082427977,3.4686508893966677,3.5490893840789797,14552112.0
03/19/2003,3.743655642725288,3.801526453498602,3.552082450496822,3.60995364189148,14044000,0.0,0.0,-,3.9689784097671508,3.820671443939209,3.4521472215652467,3.49850218296051,14528992.0
03/18/2003,3.665828434416994,3.744652432866271,3.660839250950276,3.7266924381256095,12880000,0.0,0.0,-,3.971445869207382,3.834097990989685,3.448359489440918,3.4713627576828,14411744.0
03/17/2003,3.5321274189875047,3.697758230395042,3.4672718225756736,3.6847870349884033,12100000,0.0,0.0,-,3.973736596107483,3.844930772781372,3.4447612524032594,3.4310527563095095,14304672.0
03/14/2003,3.5880027873110696,3.675807191249376,3.5391119712448176,3.6039671897888175,15210400,0.0,0.0,-,3.975452696084976,3.8573587274551393,3.441216266155243,3.40521035194397,14282016.0
03/13/2003,3.392440112873293,3.587006607235921,3.365500101596481,3.574035406112671,11788800,0.0,0.0,-,3.9778806030750276,3.8697296285629275,3.440018916130066,3.386152815818787,14145920.0
03/12/2003,3.3734804423940035,3.392438047399924,3.2727048637203726,3.3355648517608643,8994400,0.0,0.0,-,3.9804482364654543,3.881722984313965,3.442758584022522,3.3651994466781616,14053888.0
03/11/2003,3.384455919265747,3.472260311503879,3.3734807032796423,3.384455919265747,10024000,0.0,0.0,-,3.984391862154007,3.89667284488678,3.4585673689842222,3.3685919284820556,13952976.0
03/10/2003,3.401417925008952,3.4493111206572595,3.3654979331173998,3.3704867362976074,7866400,0.0,0.0,-,3.988210139274597,3.911601085662842,3.4726786971092225,3.3761950969696044,13844592.0
03/07/2003,3.273703861327175,3.442327902726899,3.2507550543168997,3.4054102897644043,9684800,0.0,0.0,-,3.9919692206382753,3.926370439529419,3.4872892618179323,3.3799156665802004,13755024.0
03/06/2003,3.339557132646965,3.442327961585294,3.2776947329130808,3.289668321609497,15108000,0.0,0.0,-,3.9950325655937196,3.9408397579193117,3.5097162246704103,3.3882123947143556,13986848.0
03/05/2003,3.301641772802208,3.347539390987227,3.26272855822702,3.33855938911438,14132800,0.0,0.0,-,3.9993297564983368,3.959616150856018,3.535340368747711,3.405792260169983,14578000.0
03/04/2003,3.4223720480653568,3.45230525582612,3.309623238857716,3.3235924243927,8030400,0.0,0.0,-,4.003938345909119,3.9806222343444824,3.561906802654266,3.425356221199036,14491888.0
03/03/2003,3.414389785235673,3.4642785880328213,3.4034141877208826,3.426362991333008,9472000,0.0,0.0,-,4.008537403345108,4.00214681148529,3.5924091219902037,3.4584697484970093,14435104.0
02/28/2003,3.385454220503373,3.456296229800816,3.371485416486567,3.4133918285369877,9560800,0.0,0.0,-,4.012240446805954,4.022333149909973,3.6153822541236877,3.477222180366516,14416352.0
02/27/2003,3.342550514899266,3.4123949301408523,3.2976505064852857,3.364501714706421,17332000,0.0,0.0,-,4.0156907153129575,4.044412517547608,3.6370615363121033,3.4938850164413453,14449488.0
02/26/2003,3.451307273101435,3.473258467370137,3.362505268100008,3.3694896697998047,10753600,0.00725,0.0,-,4.018968540430069,4.065816168785095,3.663576078414917,3.520317721366882,14292592.0
02/25/2003,3.41068208547475,3.4903708393439365,3.3130629345008007,3.460487604141236,12487200,0.0,0.0,-,4.0218888902664185,4.087259516716004,3.6896419882774354,3.5485428094863893,14242672.0
02/24/2003,3.484392952809585,3.508299761501862,3.386774212288968,3.4076924324035645,10320800,0.0,0.0,-,4.024344339370727,4.1066438102722165,3.7093150854110717,3.56916229724884,14141856.0
02/21/2003,3.4674593504705604,3.5063075830751096,3.4455448069558536,3.488377571105957,15560000,0.0,0.0,-,4.027703988552093,4.125550012588501,3.7473167419433593,3.5946628570556642,14117792.0
02/20/2003,3.556112976066136,3.57205072176337,3.452517439041197,3.4654669761657715,15648000,0.0,0.0,-,4.030436873435974,4.142942113876343,3.7886553764343263,3.631220054626465,13909072.0
02/19/2003,3.641779085084592,3.6856077977767456,3.496346704815475,3.5341989994049072,16009600,0.0,0.0,-,4.033041127920151,4.162370290756225,3.8300437450408937,3.6648884773254395,13742496.0
02/18/2003,3.6268367371045382,3.6786345061633736,3.597949453978025,3.654727697372437,13104800,0.0,0.0,-,4.035629284381867,4.180981001853943,3.873225176334381,3.698457384109497,13644496.0
02/14/2003,3.5730468112538154,3.645762802730629,3.499334876873854,3.613887310028076,10227200,0.0,0.0,-,4.03749568104744,4.196146316528321,3.9130695819854737,3.7263484954833985,13722352.0
02/13/2003,3.630822026070181,3.655724782929392,3.536191474007995,3.5800201892852783,15914400,0.0,0.0,-,4.039422355890274,4.214635934829712,3.960484480857849,3.7535423278808593,13680528.0
02/12/2003,3.6108987535453223,3.678634264010693,3.605918279537595,3.628828763961792,10477600,0.0,0.0,-,4.041677193641663,4.234897427558899,4.011136734485627,3.7802380561828612,13609904.0
02/11/2003,3.669670567807141,3.733421569812564,3.6118959847485113,3.651740550994873,13520000,0.0,0.0,-,4.043290936946869,4.254361886978149,4.062934422492981,3.8068344354629517,13454032.0
02/10/2003,3.651740673923887,3.7204721540273353,3.5989469448583087,3.666682481765747,16652000,0.0,0.0,-,4.044914184808731,4.274104442596435,4.1138355255126955,3.8307411670684814,13356016.0
02/07/2003,3.894791558871898,3.9047528909833407,3.598947024902436,3.6626980304718018,29280000,0.0,0.0,-,4.046368434429168,4.290125231742859,4.163890063762665,3.8494678735733032,13220048.0
02/06/2003,3.804144045604236,3.9406113925086834,3.797171305833739,3.853949546813965,28266400,0.0,0.0,-,4.047366154193878,4.307459554672241,4.209910321235657,3.8999706268310548,12815408.0
02/05/2003,3.884828505014373,3.918696255898544,3.760314770879297,3.8021512031555176,18621600,0.0,0.0,-,4.047978357076645,4.3213270568847655,4.238199853897095,3.9460906982421875,12428896.0
02/04/2003,3.8878180816717207,3.9296549086615737,3.835024361408852,3.8698880672454834,15709600,0.0,0.0,-,4.048799924850464,4.3347379589080814,4.267087149620056,3.9951990127563475,12190144.0
02/03/2003,3.906743793777071,3.984440257196944,3.892798313674615,3.93363881111145,10517600,0.0,0.0,-,4.0491091132164,4.34552047252655,4.287656795978546,4.0479929685592655,12000704.0
01/31/2003,3.8350241821600655,3.94160794071993,3.800160477952961,3.8858256340026855,15460000,0.0,0.0,-,4.049064803123474,4.352162265777588,4.3043914318084715,4.0997906684875485,11947744.0
01/30/2003,3.9246743260190304,3.979460310826767,3.827055192379062,3.846977472305298,16460000,0.0,0.0,-,4.049031265974045,4.361352376937866,4.325409388542175,4.167426633834839,11791936.0
01/29/2003,3.861921102337805,3.936629402377904,3.7852205353649766,3.8947925567626953,19004000,0.0,0.0,-,4.049122471809387,4.373866753578186,4.3441861271858215,4.2420354127883915,11683936.0
01/28/2003,3.879850590422197,3.92965611692316,3.767289994133938,3.890807867050171,21108800,0.0,0.0,-,4.048656975030899,4.383494429588318,4.3581316590309145,4.31903440952301,11414912.0
01/27/2003,4.102977052862612,4.103973375678865,3.8260585877319775,3.853949546813965,40326400,0.0,0.0,-,4.048305695056915,4.391768941879272,4.3677441596984865,4.3969298839569095,11135824.0
01/24/2003,4.324114851726071,4.324114851726071,4.164737353707063,4.167725563049316,20706400,0.0,0.0,-,4.047865747213364,4.399447298049926,4.381590080261231,4.478312253952026,10454240.0
01/23/2003,4.333080278684243,4.343041230778786,4.2434301898894935,4.315150260925293,17081600,0.0,0.0,-,4.046090177297592,4.399218282699585,4.378651523590088,4.519850015640259,10122960.0
01/22/2003,4.366946662363644,4.366946662363644,4.276300659111449,4.293234348297119,18325600,0.0,0.0,-,4.042803239822388,4.398448724746704,4.369337821006775,4.530309009552002,9891408.0
01/21/2003,4.4615786309072405,4.517360570842766,4.372924864950308,4.397827625274658,12656000,0.0,0.0,-,4.039839295148849,4.397301559448242,4.36610050201416,4.5389752864837645,9734848.0
01/17/2003,4.545250401098266,4.562184090063805,4.441654861589363,4.451615810394287,7052800,0.0,0.0,-,4.035980161428451,4.397465600967407,4.365652298927307,4.527320623397827,9632160.0
01/16/2003,4.579119360871558,4.607010328834406,4.511383827259549,4.562185287475586,8400000,0.0,0.0,-,4.03158903837204,4.395976734161377,4.363062572479248,4.5089921951293945,9605824.0
01/15/2003,4.663789011302191,4.718575009054154,4.584100252755156,4.59306526184082,11822400,0.0,0.0,-,4.026496180295944,4.39086353302002,4.3567373037338255,4.483392143249512,9561328.0
01/14/2003,4.658805728323992,4.722556696753223,4.63689119043179,4.664782524108887,9478400,0.0,0.0,-,4.020916397571564,4.386685009002686,4.3529520511627195,4.446336841583252,9446816.0
01/13/2003,4.706618565719428,4.758416318284362,4.639879394905544,4.66976261138916,10185600,0.0,0.0,-,4.015484267473221,4.37667407989502,4.341447138786316,4.3972289085388185,9381152.0
01/10/2003,4.542263127564151,4.701641014487599,4.516364425181538,4.667773246765137,12156000,0.0,0.0,-,4.0109106540679935,4.366842126846313,4.330041861534118,4.3385584354400635,9365744.0
01/09/2003,4.532301723412467,4.626932274953426,4.52134444965702,4.583103179931641,16095200,0.0,0.0,-,4.006039273738861,4.3592588996887205,4.318138313293457,4.284867906570435,9349504.0
01/08/2003,4.354993274570504,4.476518442681273,4.323117783264155,4.419740200042725,19599200,0.0,0.0,-,4.0015614795684815,4.354364137649537,4.3066332817077635,4.237453031539917,9249088.0
01/07/2003,4.264348337831642,4.402807608952629,4.226496039975785,4.379897117614746,11232000,0.0,0.0,-,3.997840937376022,4.355144653320313,4.30354540348053,4.208366632461548,9033312.0
01/06/2003,4.27032372295209,4.332082820292666,4.260362774341458,4.281280994415283,8181600,0.0,0.0,-,3.99480597615242,4.354393615722656,4.306394338607788,4.193225717544555,8971200.0
01/03/2003,4.309172025665225,4.322121563061529,4.234463769894438,4.268331527709961,7526400,0.0,0.0,-,3.9921499514579772,4.357007961273194,4.3155670166015625,4.203983974456787,8960352.0
01/02/2003,4.261359729310992,4.346029332554311,4.255383310719505,4.306184768676758,10967200,0.0,0.0,-,3.9897174894809724,4.359025535583496,4.32280011177063,4.217132949829102,9048048.0
12/31/2002,4.194621273457551,4.260364549646272,4.153780759158284,4.222512245178223,8405600,0.0,0.0,-,3.9870709574222563,4.359669141769409,4.334409284591675,4.23008246421814,9037184.0
12/30/2002,4.098994905329166,4.186652356719428,3.9844420445538415,4.173703193664551,7187200,0.0,0.0,-,3.9849420499801638,4.36077223777771,4.352938413619995,4.2595672607421875,9087424.0
12/27/2002,4.128878880887695,4.153781648106576,4.082061556920656,4.083057880401611,3948800,0.0,0.0,-,3.9832308864593506,4.360742082595825,4.374355840682983,4.285665369033813,9103424.0
12/26/2002,4.08405067025342,4.212548941075053,4.07209745761455,4.130867958068848,4604800,0.0,0.0,-,3.9813327157497405,4.359181451797485,4.402146363258362,4.321525287628174,9163760.0
12/24/2002,4.128876708918797,4.131864917817593,4.068113928070824,4.108954429626465,3388000,0.0,0.0,-,3.97915083527565,4.358276615142822,4.418989062309265,4.3514087200164795,9488048.0
12/23/2002,4.241436750651106,4.263350913233425,4.049187481719178,4.128876209259033,21276000,0.0,0.0,-,3.977217482328415,4.354944338798523,4.440012049674988,4.37581353187561,9561920.0
12/20/2002,4.457593243510769,4.477515523948219,4.218526638233152,4.228487968444824,44665600,0.0,0.0,-,3.9752093279361724,4.351253433227539,4.460934472084046,4.398724174499511,9291776.0
12/19/2002,4.431696350938282,4.482497825769811,4.336069441865796,4.388863563537598,9827200,0.0,0.0,-,3.9727130448818206,4.342605075836182,4.473144888877869,4.419562959671021,8842560.0
12/18/2002,4.427712642605451,4.439665865972959,4.348023853511863,4.3998212814331055,5191200,0.0,0.0,-,3.9687994599342344,4.325793914794922,4.474152398109436,4.427150058746338,8859808.0
12/17/2002,4.482497227426895,4.552225038072957,4.434683969265994,4.435679912567139,8534400,0.0,0.0,-,3.9641511571407317,4.310455188751221,4.467447757720947,4.428467273712158,8966816.0
12/16/2002,4.4516169436072754,4.55222430008269,4.411772758258921,4.517360210418701,11217600,0.0,0.0,-,3.9586485910415647,4.290458903312683,4.46293032169342,4.43873610496521,8964544.0
12/13/2002,4.448629763679218,4.505408035429034,4.413766045933199,4.4346842765808105,9487200,0.0,0.0,-,3.9535565221309663,4.269366340637207,4.46069712638855,4.446309566497803,8910016.0
12/12/2002,4.4306997892293065,4.48249758469522,4.392847481006903,4.441657066345215,8257600,0.0,0.0,-,3.949716589450836,4.249370074272155,4.457771730422974,4.463046312332153,8870464.0
12/11/2002,4.344036742001777,4.432690491024525,4.321126252477935,4.429702281951904,7446400,0.0,0.0,-,3.9454050457477567,4.231304044723511,4.4509155511856076,4.4827674388885494,8922624.0
12/10/2002,4.353002548217773,4.46456680724246,4.31016977038057,4.353002548217773,9117600,0.0,0.0,-,3.9413964557647705,4.212860174179077,4.4413238048553465,4.486569404602051,9029008.0
12/09/2002,4.418745425613597,4.43069864301776,4.333079877580915,4.357982635498047,5124000,0.006,0.0,-,3.9374944388866426,4.19672643661499,4.431487417221069,4.504210567474365,9054048.0
12/06/2002,4.437870691451705,4.461751777801631,4.384138911424107,4.436875820159912,7319200,0.0,0.0,-,3.933696380853653,4.183119978904724,4.427421903610229,4.523144769668579,9094592.0
12/05/2002,4.49856585506766,4.554288109163949,4.4080174293966925,4.464734554290772,11109600,0.0,0.0,-,3.9296327304840086,4.170502858161926,4.417371916770935,4.526726818084716,9027136.0
12/04/2002,4.508517368715287,4.508517368715287,4.36025653792347,4.412993431091309,16997600,0.0,0.0,-,3.925474398136139,4.156234021186829,4.414436674118042,4.521154737472534,8965168.0
12/03/2002,4.5652342957374,4.577174645051667,4.454785020744073,4.538368225097656,8136000,0.0,0.0,-,3.921198071241379,4.142442789077759,4.412645626068115,4.506428241729736,8795920.0
12/02/2002,4.639861727435298,4.700559098673783,4.5005562728034665,4.593094825744629,12383200,0.0,0.0,-,3.9166219913959504,4.126422653198242,4.401053476333618,4.4871245384216305,8797888.0
11/29/2002,4.638868042522163,4.646828530422755,4.5901113826503845,4.602051734924316,2684000,0.0,0.0,-,3.911851580142975,4.113168768882751,4.390605688095093,4.475084686279297,8696240.0
11/27/2002,4.485632726033034,4.6448386982070735,4.467722006716333,4.63886833190918,8619200,0.0,0.0,-,3.906734049320221,4.100432248115539,4.368714904785156,4.452497148513794,8762208.0
11/26/2002,4.54234980858451,4.543344679830611,4.455781206671878,4.467721939086914,9853600,0.0,0.0,-,3.9018140852451326,4.08938732624054,4.34567973613739,4.419063663482666,8693360.0
11/25/2002,4.517473824176622,4.567225736867655,4.488617623717349,4.529414176940918,9048000,0.0,0.0,-,3.897640815973282,4.08001401424408,4.3367242336273195,4.396078205108642,8726496.0
11/22/2002,4.4866272664074325,4.598071438710302,4.427919997327208,4.5473246574401855,8940800,0.0,0.0,-,3.8933077669143676,4.072949223518371,4.327171778678894,4.358764266967773,8661376.0
11/21/2002,4.421949149011011,4.511502729219202,4.408018676440162,4.472696304321289,6684000,0.0,0.0,-,3.888414307832718,4.063357062339783,4.322743844985962,4.33169903755188,8593056.0
11/20/2002,4.27368851226921,4.420954098519835,4.26871339792108,4.409013748168945,6237600,0.0,0.0,-,3.8836412155628204,4.053048467636108,4.316226291656494,4.308017015457153,8611568.0
11/19/2002,4.355282059642701,4.355282059642701,4.144334076596435,4.26572847366333,7869600,0.0,0.0,-,3.8787404561042784,4.045685214996338,4.316375517845154,4.3077186107635494,8600032.0
11/18/2002,4.473691197764372,4.547324184034407,4.309510139331167,4.345331192016602,7669600,0.0,0.0,-,3.8749080312252047,4.0399139833450315,4.321549606323242,4.318863010406494,8649504.0
11/15/2002,4.373192495013037,4.47767141887132,4.3274208338297,4.472696304321289,11060000,0.0,0.0,-,3.8706429040431978,4.032073125839234,4.321201300621032,4.3149824142456055,8655392.0
11/14/2002,4.316474238938777,4.434883604777574,4.316474238938777,4.376176357269287,5552800,0.0,0.0,-,3.8658995521068573,4.019933648109436,4.3114498376846315,4.306126689910888,8608896.0
11/13/2002,4.238861000061515,4.316474208842195,4.139357217153247,4.3045334815979,7154400,0.0,0.0,-,3.8620253944396974,4.004649887084961,4.301250791549682,4.284932661056518,8709680.0
11/12/2002,4.158264381904682,4.291599504761373,4.150303894772023,4.23786735534668,6247200,0.0,0.0,-,3.8582814526557923,3.990440764427185,4.286275434494018,4.272295808792114,8778048.0
11/11/2002,4.282644698215253,4.282644698215253,4.11448299185599,4.156274795532227,4142400,0.0,0.0,-,3.8543702459335325,3.97465943813324,4.278663372993469,4.277370262145996,8761040.0
11/08/2002,4.2488114267078405,4.313488655121369,4.204034650374294,4.27667236328125,5504000,0.0,0.0,-,3.8512337839603425,3.96339560508728,4.2679666638374325,4.295579290390014,8770240.0
11/07/2002,4.378166525829632,4.378166525829632,4.211000137204537,4.235876083374023,10497600,0.0,0.0,-,3.847183076143265,3.949190444946289,4.251349592208863,4.313788652420044,8744784.0
11/06/2002,4.386129237854329,4.460757114255032,4.3343871980006,4.40602970123291,7521600,0.0,0.0,-,3.8433512103557588,3.9341914224624634,4.229359292984009,4.324435567855835,8685008.0
11/05/2002,4.295579002252242,4.4119986493844925,4.260752822960522,4.377172470092773,5736000,0.0,0.0,-,3.838272066116333,3.9179357624053956,4.186473083496094,4.325032424926758,8658928.0
11/04/2002,4.418964653870771,4.438865493889083,4.306525230407715,4.306525230407715,6175200,0.0,0.0,-,3.832588790655136,3.9054768466949463,4.149258708953857,4.32423620223999,8648176.0
11/01/2002,4.179161026366518,4.398069536996355,4.142344714082469,4.384139060974121,6096800,0.0,0.0,-,3.8269663250446317,3.8928806829452514,4.105725729465485,4.32742018699646,8626304.0
10/31/2002,4.168216313917806,4.26573004366474,4.12940987223635,4.164236068725586,6195200,0.0,0.0,-,3.8211738693714143,3.8797060871124267,4.059655380249024,4.316772985458374,8594032.0
10/30/2002,4.2806537571296,4.292594107505197,4.130402798297679,4.178164958953857,9415200,0.0,0.0,-,3.816763439178467,3.8724597835540773,4.023187124729157,4.317568922042847,8578016.0
10/29/2002,4.208014086501835,4.31846332044049,4.131396146025681,4.288611888885498,11344000,0.0,0.0,-,3.812233806848526,3.8625500774383545,3.9911966562271117,4.300255060195923,8537600.0
10/28/2002,4.4786654062302205,4.526427559301539,4.322444486807584,4.338365077972412,11074400,0.0,0.0,-,3.806700907945633,3.851822648048401,3.9521414995193482,4.279956483840943,8468912.0
10/25/2002,4.378167758649619,4.4736913277398775,4.345331318262825,4.458765983581543,8810400,0.0,0.0,-,3.8011075854301453,3.8384704303741457,3.912539029121399,4.240354037284851,8378624.0
10/24/2002,4.378166662062923,4.445829268115496,4.314484298619754,4.342345237731934,8126400,0.0,0.0,-,3.795511984825134,3.821477999687195,3.873483717441559,4.1889105319976805,8304048.0
10/23/2002,4.353291017889244,4.417968636271483,4.286623657640744,4.411998271942139,7639200,0.0,0.0,-,3.7907512629032136,3.8046477317810057,3.8466674447059632,4.134283018112183,8265392.0
10/22/2002,4.313487998977642,4.4488131781666524,4.293587549924805,4.369210243225098,11911200,0.0,0.0,-,3.7853994154930115,3.7845760583877563,3.8136321663856507,4.04791374206543,8235056.0
10/21/2002,4.266722607519103,4.368216518536195,4.191099514803544,4.338365077972412,10424000,0.0,0.0,-,3.7801822018623352,3.764863328933716,3.7813432455062865,3.9742812156677245,8116160.0
10/18/2002,4.154282209367153,4.280652037093519,4.138361622071211,4.277667045593262,10917600,0.0,0.0,-,3.7751390385627746,3.7471388244628905,3.7512930631637573,3.8840312719345094,8035040.0
10/17/2002,4.044830659364747,4.205031499613073,4.03985516442699,4.1721954345703125,7987200,0.0,0.0,-,3.769750074148178,3.7316418504714965,3.7339297413825987,3.802537775039673,8026976.0
10/16/2002,4.059753332575897,4.136371273334374,3.9910958748152088,4.005026340484619,6965600,0.0,0.0,-,3.7650817692279817,3.715432209968567,3.7235812544822693,3.728805327415466,8058192.0
10/15/2002,3.9781618401728176,4.109506824542864,3.9781618401728176,4.085626125335693,20819200,0.0,0.0,-,3.760956883430481,3.702466540336609,3.7276610493659974,3.6821382522583006,8102384.0
10/14/2002,3.93736549812156,4.034879180596542,3.8886088466725135,3.942340612411499,7081600,0.0,0.0,-,3.7566222977638244,3.6858617162704466,3.7233325600624085,3.6243265151977537,7992320.0
10/11/2002,3.809005689645512,3.985127477244504,3.809005689645512,3.944330930709839,7768800,0.0,0.0,-,3.753360998630524,3.6748850917816163,3.735024261474609,3.584724020957947,8549856.0
10/10/2002,3.535369871157987,3.922439590085183,3.472682750832388,3.796070098876953,22204800,0.0,0.0,-,3.749911317825317,3.667783861160278,3.7411935448646547,3.558056902885437,8648336.0
10/09/2002,3.607012768966378,3.62193849087561,3.497558740221597,3.5483055114746094,10689600,0.0,0.0,-,3.7467172050476076,3.6667085123062133,3.7492533683776856,3.5590518712997437,8452576.0
10/08/2002,3.453778145733939,3.673681537879466,3.4308923084116327,3.632884979248047,10541600,0.0,0.0,-,3.7445438373088837,3.6754377460479737,3.773880648612976,3.5793505907058716,8410496.0
10/07/2002,3.437855761927737,3.505518367394702,3.3244215055792434,3.435865640640259,8420800,0.0,0.0,-,3.741570883989334,3.6844428825378417,3.7910947442054757,3.5884052753448485,8354720.0
10/04/2002,3.42293078539607,3.46870244114181,3.3492978082416007,3.462732076644897,8491200,0.0,0.0,-,3.7393897259235382,3.693771286010742,3.816965878009797,3.6185548543930053,8272672.0
10/03/2002,3.5234292728095475,3.5522854636966903,3.411985131631258,3.434870958328247,7509600,0.0,0.0,-,3.736375378370285,3.7006544780731203,3.837115395069123,3.665321707725525,8255952.0
10/02/2002,3.506514400361094,3.6746757011242144,3.4886036843535537,3.538355588912964,10865600,0.0,0.0,-,3.7336044263839723,3.7094860887527465,3.845971262454987,3.7183571815490724,8280576.0
10/01/2002,3.5224344757300305,3.5323847033453326,3.368203290654879,3.5075087547302246,12765600,0.0,0.0,-,3.7306976854801177,3.710464606285095,3.8487573504447945,3.7731838464736938,8245472.0
09/30/2002,3.647809600112619,3.656764958050103,3.4647225775060813,3.546315670013428,10369600,0.0,0.0,-,3.7279352748394015,3.7135705518722535,3.845821964740754,3.822338604927063,8135120.0
09/27/2002,3.805024851078208,3.838856152678172,3.666714273058752,3.677659749984741,7151200,0.0,0.0,-,3.725013519525528,3.716874179840088,3.848160338401795,3.885324501991272,8079152.0
09/26/2002,3.777163594220255,3.870697395215792,3.73537218664279,3.80601978302002,3946400,0.0,0.0,-,3.7215242636203767,3.7205717945098877,3.8425980687141426,3.9243301868438722,8137120.0
09/25/2002,3.726416759716124,3.803034718390217,3.661739148754012,3.7512927055358887,8011200,0.0,0.0,-,3.7176063334941865,3.7205693769454955,3.8265933275222785,3.9394548654556276,8416368.0
09/24/2002,3.684625406331217,3.7761690950849904,3.5940769680901976,3.7234318256378174,8535200,0.0,0.0,-,3.713697865009308,3.717925171852112,3.81869102716446,3.9684107065200807,8437088.0
09/23/2002,3.905522651973176,3.910497764149517,3.696564903953073,3.737361431121826,8234400,0.0,0.0,-,3.710225657224655,3.717189631462097,3.8202307701110847,3.993784213066101,8480608.0
09/20/2002,4.024929308150581,4.053785504993127,3.8965692983974,3.9304006099700928,7300800,0.0,0.0,-,3.706470981836319,3.716215214729309,3.817198550701142,4.015376901626587,8549824.0
09/19/2002,4.064729481968851,4.084630314965241,3.920449296792867,3.9652256965637207,5982400,0.0,0.0,-,3.7011076962947844,3.7160703468322756,3.806948983669282,4.008909082412719,8650224.0
09/18/2002,3.9901034022930446,4.15826511670534,3.965227444973071,4.08662223815918,5176800,0.0,0.0,-,3.6949912166595458,3.7157854413986207,3.798783743381501,3.973585343360901,8626448.0
09/17/2002,4.199059127506974,4.237865536682767,3.97119540540986,3.999056339263916,11510400,0.0,0.0,-,3.6885201680660247,3.7137483406066893,3.7785866141319273,3.9243308544158935,8640368.0
09/16/2002,4.039854160276736,4.2000553402822645,4.038859289282653,4.176174640655518,5792000,0.0,0.0,-,3.682209782600403,3.7136612606048582,3.7662458181381226,3.8693053245544435,8494016.0
09/13/2002,3.950302051000982,4.084632067088717,3.9144806121570577,4.067716598510742,5524800,0.0,0.0,-,3.6750831031799316,3.710270347595215,3.740974795818329,3.810996174812317,8419296.0
09/12/2002,4.030899175972425,4.030899175972425,3.9353756094735792,3.957266569137573,7609600,0.0,0.0,-,3.6686669826507567,3.706385440826416,3.718046188354492,3.7608659505844115,8409696.0
09/11/2002,3.989109072383625,4.084632670357537,3.9711983503163872,4.04085111618042,5660800,0.0,0.0,-,3.6630060398578643,3.704987745285034,3.6952244520187385,3.713731789588928,8442560.0
09/10/2002,3.959256177255916,4.016968182187366,3.855772137185271,3.9771668910980233,10343200,0.0,0.0,-,3.6569816184043886,3.7039455509185792,3.6636026263237,3.6689713478088377,8403792.0
09/09/2002,3.85477970777833,3.979159532919154,3.8060226493092015,3.953288316726685,7964000,0.0,0.0,-,3.6512211740016935,3.7053893613815307,3.6339229702949525,3.646677327156067,8415856.0
09/06/2002,3.642834121873405,3.880648139429204,3.64183887132589,3.865722417831421,8735200,0.0,0.0,-,3.6456840562820436,3.7086622142791748,3.6088655471801756,3.619020199775696,8380336.0
09/05/2002,3.619948793216472,3.709501996428029,3.542335561607486,3.611988306045532,10592000,0.0,0.0,-,3.6410302090644837,3.7134279775619508,3.5907203435897825,3.6049888849258425,8274032.0
09/04/2002,3.4478070127229388,3.621938672363958,3.415965825326161,3.5940773487091064,10572800,0.0,0.0,-,3.637046160697937,3.7227516841888426,3.5782065987586975,3.6239821434021,8141600.0
09/03/2002,3.59208634890652,3.606017197116773,3.412979618690937,3.448801040649414,5396800,0.0,0.0,-,3.634487988948822,3.733665804862976,3.566339874267578,3.6328423738479616,8050784.0
08/30/2002,3.576167295784297,3.6458200484582433,3.5323857498980566,3.593083143234253,4602400,0.006,0.0,-,3.632294901609421,3.749115128517151,3.556669068336487,3.6631863117218018,8055040.0
08/29/2002,3.458100278254709,3.597219409643741,3.435245062782207,3.566414356231689,4231200,0.0,0.0,-,3.62875678896904,3.7638649845123293,3.546690380573273,3.6709534168243407,8066624.0
08/28/2002,3.559459078008598,3.570389917607654,3.416365380972642,3.4859249591827397,7508800,0.0,0.0,-,3.625327272415161,3.7785917568206786,3.5478331327438353,3.675226426124573,8044016.0
08/27/2002,3.7621770676951023,3.785032297209951,3.5703914688646683,3.5932466983795166,6217600,0.0,0.0,-,3.621894352436066,3.7941333436965943,3.560652017593384,3.6767171144485475,7966768.0
08/26/2002,3.706528771699213,3.764163986670114,3.635975632602544,3.754226684570313,5198400,0.0,0.0,-,3.6188008522987367,3.8090985774993897,3.5802280426025392,3.658233904838562,7913696.0
08/23/2002,3.7283898684739856,3.770125393494464,3.654855360825054,3.6767170429229736,5081600,0.0,0.0,-,3.616209077835083,3.819254264831543,3.5966737985610964,3.621168613433838,7901200.0
08/22/2002,3.782050561718709,3.8227925506114815,3.7065285858247465,3.7254092693328857,4483200,0.0,0.0,-,3.613950412273407,3.83074152469635,3.6079522371292114,3.5987108945846558,7872064.0
08/21/2002,3.744286111096799,3.872474340188923,3.712487533517675,3.8019208908081055,5394400,0.0,0.0,-,3.6111760675907134,3.842451362609863,3.6120263576507567,3.576451802253723,7907808.0
08/20/2002,3.766151087489437,3.7909937717629303,3.5872834574648547,3.6826796531677246,7394400,0.0,0.0,-,3.607910281419754,3.85007004737854,3.6157528877258303,3.5324310541152952,7976272.0
08/19/2002,3.678706255772316,3.810869193709632,3.5872849426794056,3.7522404193878174,7909600,0.0,0.0,-,3.605369383096695,3.8597757625579834,3.6109829783439635,3.499837374687195,7938656.0
08/16/2002,3.603182075550439,3.68864095386321,3.52766049650032,3.670754194259644,6560000,0.0,0.0,-,3.6020995819568635,3.8676733446121214,3.6065112590789794,3.450151824951172,7914016.0
08/15/2002,3.512754731423802,3.67075418828535,3.511761191033757,3.609144449234009,5081600,0.0,0.0,-,3.598781872987747,3.875533075332642,3.608548402786255,3.4224273443222044,8004096.0
08/14/2002,3.4054360034418707,3.5008318424224854,3.319977088870724,3.5008318424224854,6193600,0.0,0.0,-,3.596376032829285,3.8848235177993775,3.621218204498291,3.420439839363098,8032192.0
08/13/2002,3.385559388993568,3.528653046594424,3.341836421716137,3.408414602279663,6122400,0.0,0.0,-,3.5947839713096617,3.8962008476257326,3.6364715576171873,3.44458692073822,8012832.0
08/12/2002,3.4441899852495066,3.4441899852495066,3.3120270923324147,3.3835737705230717,5966400,0.0,0.0,-,3.5934807682037353,3.910101466178894,3.647004950046539,3.502222180366516,7975520.0
08/09/2002,3.496856386507837,3.525673993587401,3.3885422590961207,3.4521398544311523,6368000,0.0,0.0,-,3.5919751143455505,3.9261267471313475,3.66215900182724,3.5721789836883544,7944224.0
08/08/2002,3.4133845344973803,3.5465413321756563,3.335875483887534,3.50281834602356,10514400,0.0,0.0,-,3.5905671167373656,3.9376440906524657,3.6739840388298033,3.617193579673767,7915168.0
08/07/2002,3.3915245653049246,3.4064299537107665,3.164959136190587,3.361713409423828,9548000,0.0,0.0,-,3.588534531593323,3.949378695487976,3.695000982284546,3.6476009130477904,7763472.0
08/06/2002,3.2772463573130226,3.4034472194040486,3.276252816886136,3.3567428588867188,9175200,0.0,0.0,-,3.586974849700928,3.9638956689834597,3.7244643330574037,3.699074721336365,7627584.0
08/05/2002,3.3438251894398983,3.4113973156261306,3.2464415412361967,3.255384922027588,15316000,0.0,0.0,-,3.5850737726688386,3.979246611595154,3.755865550041199,3.7221285820007326,7503216.0
08/02/2002,3.476980786984201,3.476980786984201,3.164956675608317,3.3935093879699707,34958400,0.0,0.0,-,3.5837982654571534,3.997101140022278,3.7928314208984375,3.762870693206787,7259024.0
08/01/2002,3.713482768475388,3.728388524362929,3.567408104495435,3.5892693996429443,12692800,0.0,0.0,-,3.5820053637027742,4.011677012443543,3.823487401008606,3.7946694612503054,6702816.0
07/31/2002,3.954956013384003,3.965886857196199,3.656843745354013,3.742302656173706,12416800,0.0,0.0,-,3.5792732572555543,4.020253210067749,3.8376974940299986,3.821996569633484,6513712.0
07/30/2002,4.059295266209574,4.093081338705633,3.8953337448278926,3.984767198562622,8585600,0.0,0.0,-,3.575533471107483,4.028389286994934,3.8449514508247375,3.8283561944961546,6346016.0
07/29/2002,3.9161990086358776,4.133820690544989,3.904274631576654,4.083141803741455,7752800,0.0,0.0,-,3.570957509279251,4.033899488449097,3.8451501607894896,3.7917877197265626,6264336.0
07/26/2002,3.816826987116151,3.948990145196076,3.776085032194704,3.9022858142852783,4318400,0.0,0.0,-,3.5655234277248384,4.037104730606079,3.843460941314697,3.7521390199661253,6238000.0
07/25/2002,3.850614651600953,3.8933440832216686,3.741307032473485,3.806891679763794,7655200,0.0,0.0,-,3.5605283868312836,4.042398447990418,3.8541931986808775,3.73077449798584,6255360.0
07/24/2002,3.5346163632706613,3.882413871777456,3.4282897267098345,3.8764514923095694,8740800,0.0,0.0,-,3.555866787433624,4.048329524993896,3.869049143791199,3.742401051521301,6196640.0
07/23/2002,3.654853559558621,3.714476196149503,3.526665667979815,3.5872814655303955,9110400,0.0,0.0,-,3.5509613168239595,4.051201829910278,3.879135251045227,3.7498539447784425,6107904.0
07/22/2002,3.680692800040884,3.832729931569912,3.5624413607900034,3.662806034088135,7248000,0.0,0.0,-,3.5476551282405855,4.058527393341064,3.906760346889496,3.789602518081665,6047648.0
07/19/2002,3.80093088798547,3.820805112233241,3.681685921568145,3.711497068405152,7571200,0.0,0.0,-,3.5446741235256196,4.064302821159362,3.9346834063529967,3.822792148590088,6036272.0
07/18/2002,3.76714466588358,3.959923761316025,3.756213824042437,3.862540483474731,10049600,0.0,0.0,-,3.541226942539215,4.071665325164795,3.9656373500823974,3.8523053407669066,6009776.0
07/17/2002,3.6161008245852937,3.807886364900012,3.612125904386099,3.805898904800415,17908800,0.0,0.0,-,3.53678697347641,4.075113606452942,3.9876479744911193,3.8533984184265138,5865568.0
07/16/2002,3.627032292639457,3.691623430300489,3.5773469187676827,3.619082450866699,9047200,0.0,0.0,-,3.532234265804291,4.078721985816956,4.010503244400025,3.8615467071533205,5591968.0
07/15/2002,3.671749420541905,3.694604648376654,3.4183540747304284,3.686654806137085,10711200,0.0,0.0,-,3.5284176754951475,4.087376942634583,4.046624541282654,3.898512601852417,5475648.0
07/12/2002,3.917193148286856,3.9440232850781705,3.688640594482422,3.688640594482422,11695200,0.0,0.0,-,3.523887071609497,4.094203987121582,4.075392353534698,3.934782862663269,5371728.0
07/11/2002,4.015572044136059,4.074200802555113,3.788012932724024,3.923157215118408,12320800,0.0,0.0,-,3.5196929931640626,4.100415620803833,4.103514325618744,3.9776118993759155,5226864.0
07/10/2002,3.986753951653841,4.088112151153848,3.9052699758131215,3.950980424880981,4793600,0.0,0.0,-,3.5133117163181304,4.102572231292725,4.122901523113251,3.9956972360610963,5073824.0
07/09/2002,3.977811275907788,4.146741638388083,3.976817735129678,3.984767198562622,5872800,0.0,0.0,-,3.5063458847999573,4.102584171295166,4.134495258331299,4.008416557312012,5026000.0
07/08/2002,4.016563636080439,4.065255447374488,3.959922365656857,3.9947023391723633,4192800,0.0,0.0,-,3.4994437408447268,4.10241662979126,4.143655169010162,4.023918175697327,5004448.0
07/05/2002,3.8774470787191433,4.015572373685442,3.8774470787191433,4.00662899017334,2056000,0.0,0.0,-,3.492774027585983,4.101673231124878,4.15127602815628,4.046574664115906,4997248.0
07/03/2002,3.899307863818179,3.947005771810327,3.8178235112119903,3.873471260070801,5044800,0.0,0.0,-,3.4853220844268797,4.098785490989685,4.154131615161896,4.078969359397888,5052784.0
07/02/2002,3.999670792506792,4.0294819275687885,3.847633738342201,3.8873817920684814,9252800,0.0,0.0,-,3.478550771474838,4.100843868255615,4.164141380786896,4.121897530555725,5082416.0
07/01/2002,4.054326070353484,4.072212833676824,3.9698610939360455,3.988741397857666,3722400,0.0,0.0,-,3.473026430606842,4.102425527572632,4.173257207870483,4.159459781646729,4976192.0
06/28/2002,4.124879005364984,4.149721688887964,4.036439112674262,4.0493574142456055,10946400,0.0,0.0,-,3.467178417444229,4.101285214424133,4.178992414474488,4.194736480712891,4957600.0
06/27/2002,4.105006575550539,4.213320728176478,4.041408965410755,4.116930961608887,6188000,0.0,0.0,-,3.461952848434448,4.098793601989746,4.185766434669494,4.216001844406128,4894016.0
06/26/2002,4.055319142376956,4.124878341795897,3.891357305874124,4.104010581970215,3420000,0.0,0.0,-,3.456067706346512,4.0940373468399045,4.181320238113403,4.229416751861573,4854944.0
06/25/2002,4.162638581143853,4.197418553742372,4.064261799978385,4.078173637390137,3970400,0.0,0.0,-,3.450435235500336,4.089261507987976,4.180597138404846,4.2501058101654055,4844944.0
06/24/2002,4.219279867285161,4.219279867285161,3.999670709374367,4.139783382415772,6032000,0.0,0.0,-,3.4445459067821504,4.083731899261474,4.181066560745239,4.260573959350586,4827424.0
06/21/2002,4.362373812229327,4.369329730793139,4.179531711975285,4.221267223358154,5609600,0.0,0.0,-,3.4386786496639252,4.077347269058228,4.1802918910980225,4.263392162322998,4763520.0
06/20/2002,4.334550483501806,4.347468782595177,4.293808505501968,4.330575942993164,5181600,0.0,0.0,-,3.43229030251503,4.068241124153137,4.1766340970993046,4.255977392196655,4842592.0
06/19/2002,4.282878747810078,4.355419721683155,4.233193377746995,4.30275297164917,3100800,0.0,0.0,-,3.425058876276016,4.057881836891174,4.1662204504013065,4.229293870925903,4968400.0
06/18/2002,4.364362110059075,4.365356029599235,4.227230780917501,4.263004302978516,3646400,0.0,0.0,-,3.4180011594295503,4.044982032775879,4.151986765861511,4.206385231018066,5007312.0
06/17/2002,4.263999316653993,4.3723134607303145,4.261018315142056,4.341508388519287,3564000,0.0,0.0,-,3.4112657380104063,4.033730854988098,4.146291875839234,4.187054634094238,5000080.0
06/14/2002,4.243130746718525,4.2620110511779785,4.084137332545156,4.2620110511779785,4573600,0.0,0.0,-,3.4038857436180114,4.019420704841615,4.1422303199768065,4.163248348236084,5014960.0
06/13/2002,4.303746784894834,4.308715245964411,4.21630042960701,4.25108003616333,3624800,0.006,0.0,-,3.3964831483364106,4.005648307800294,4.1412999629974365,4.155531024932861,5043264.0
06/12/2002,4.217596049961072,4.3118936074594485,4.205684468648395,4.310901165008545,6270400,0.0,0.0,-,3.3885569632053376,3.9914989805221563,4.13709454536438,4.1332237243652346,5085936.0
06/11/2002,4.183847950491136,4.274175372999171,4.168958660956148,4.182855129241943,8817600,0.0,0.0,-,3.380731998682022,3.97482313156128,4.12672176361084,4.111088466644287,5093424.0
06/10/2002,4.148113156150088,4.218588305196119,4.135209132959172,4.167965412139893,5513600,0.0,0.0,-,3.373438527584076,3.9627331590652473,4.118582344055175,4.101559162139893,5109600.0
06/07/2002,4.048851461117541,4.149104785169547,4.029991651231859,4.147119522094727,6677600,0.0,0.0,-,3.366427090167999,3.9544746494293217,4.107862055301666,4.097191619873047,5056384.0
06/06/2002,4.109401027796909,4.153075683405239,4.050837087118563,4.0637407302856445,11064000,0.0,0.0,-,3.359371610879898,3.9454022026062017,4.098084950447083,4.097290802001953,4996912.0
06/05/2002,4.077637098614193,4.095503708509053,4.049843794960648,4.073666572570801,6486400,0.0,0.0,-,3.352550158500671,3.937878274917603,4.098879027366638,4.103147029876709,4878608.0
06/04/2002,4.117343537087436,4.14414403496719,4.033964336567228,4.069698333740234,5225600,0.0,0.0,-,3.3454813921451567,3.9299175786972054,4.096943426132202,4.097588300704956,4828000.0
06/03/2002,4.163994738175948,4.192780489412188,4.090541507202485,4.103445529937744,4256800,0.0,0.0,-,3.338126046657562,3.923981709480286,4.0927744030952455,4.105529117584228,4829696.0
05/31/2002,4.028005857154802,4.217594083507545,4.027013036516495,4.184837818145752,4401600,0.0,0.0,-,3.330053380727768,3.916914319992066,4.090193641185761,4.121212291717529,4794416.0
05/30/2002,4.070688864113957,4.089548675234231,3.937679258595724,4.0280070304870605,4915200,0.0,0.0,-,3.3210399878025054,3.90885434627533,4.082352101802826,4.127068901062012,4755648.0
05/29/2002,4.050836902759155,4.093519114123739,4.015102923137621,4.089548587799072,2929600,0.0,0.0,-,3.312617999315262,3.903831772804261,4.080912864208221,4.140965366363526,4764928.0
05/28/2002,4.121310790415592,4.16200772626768,4.04984285286066,4.087562084197998,2753600,0.0,0.0,-,3.303740037679672,3.8979754161834723,4.077984821796417,4.142355060577392,4810320.0
05/24/2002,4.121312283877638,4.166972203350379,4.095504239897218,4.124289989471436,2956800,0.0,0.0,-,3.2949313163757323,3.8928535842895515,4.07118558883667,4.135605525970459,4909264.0
05/23/2002,4.111384553325026,4.205682444079755,4.069695174750375,4.148111343383789,3106400,0.0,0.0,-,3.28598837852478,3.884436259269715,4.063790595531463,4.118532490730286,4926032.0
05/22/2002,4.039916699837658,4.128258796390148,3.910877669637949,4.122303009033203,7148000,0.0,0.0,-,3.276792891025543,3.8753638696670536,4.054261648654938,4.098879098892212,4935408.0
05/21/2002,4.150096396991868,4.164985297740138,3.9853233962869945,4.018079280853272,3237600,0.0,0.0,-,3.2678055214881896,3.8673634862899786,4.041258597373963,4.094611024856567,4864368.0
05/20/2002,4.27318265618915,4.284101418294955,4.124291271801721,4.149106502532959,4032000,0.0,0.0,-,3.259131692647934,3.861546807289124,4.039174139499664,4.096298551559448,5011776.0
05/17/2002,4.258292386657706,4.283107609473542,4.218587878692267,4.260277271270752,4501600,0.0,0.0,-,3.2497384786605834,3.8531493043899543,4.030042052268982,4.080019688606262,5129968.0
05/16/2002,4.166972965288801,4.278145078704873,4.150098792304807,4.243403911590576,6436000,0.0,0.0,-,3.2398240113258363,3.8400666904449468,4.013614475727081,4.059174990653991,5295680.0
05/15/2002,4.069696066854433,4.201713218580102,4.0419031417122735,4.166971683502197,5186400,0.0,0.0,-,3.2299889755249023,3.824601826667786,3.997683119773865,4.03763530254364,5511152.0
05/14/2002,4.038925794911727,4.10443797230956,4.029992298964282,4.103445529937744,4719200,0.0,0.0,-,3.220545971393585,3.8079657268524176,3.983290445804596,4.020860362052917,5775168.0
05/13/2002,3.945621057792946,4.025029707754314,3.878123610663205,4.020066738128662,4304000,0.0,0.0,-,3.211638057231903,3.7958757448196416,3.9713791012763977,4.013614583015442,5963536.0
05/10/2002,3.9664632742882793,4.0131159925941216,3.8860622321953207,3.953559637069702,6097600,0.0,0.0,-,3.2031272733211518,3.7888083648681645,3.9604604244232178,4.006765651702881,5957072.0
05/09/2002,4.064734815037063,4.081608989956004,3.947606897263172,3.951577425003052,6679200,0.0,0.0,-,3.1948155868053436,3.781324138641358,3.9538100361824036,4.009048700332642,5934448.0
05/08/2002,4.0250288570327095,4.107415574276636,4.022051151616743,4.079622268676758,6246400,0.0,0.0,-,3.186355656385422,3.774852275848389,3.9445291638374327,4.009644198417663,5915472.0
05/07/2002,3.986316554603267,4.059769765572252,3.94959013844386,4.03495454788208,2839200,0.0,0.0,-,3.1773741126060484,3.7647118139266973,3.931178629398346,3.9879061698913576,5908464.0
05/06/2002,4.083593513080597,4.098482800079114,3.980362082471632,3.986317873001098,4228800,0.0,0.0,-,3.16878888964653,3.755980143547059,3.912319040298462,3.9820497274398803,5974880.0
05/03/2002,4.03991908864116,4.09451251308557,4.028007885534274,4.051830291748047,3231200,0.0,0.0,-,3.160338125228882,3.748736701011658,3.8980254173278808,3.9800644159317016,6058704.0
05/02/2002,4.0081547770895165,4.083592885619896,3.991280229174021,4.0280070304870605,5515200,0.0,0.0,-,3.151441181898117,3.7403614568710335,3.8767339468002318,3.968053960800171,6257120.0
05/01/2002,4.015104009540668,4.061756381202841,3.944628852134782,3.9992222785949703,4452000,0.0,0.0,-,3.1424656677246094,3.7309558773040776,3.8540031552314757,3.957730937004089,6282768.0
04/30/2002,3.9694460489595023,4.037935976631905,3.947608516085466,4.030987739562988,4668800,0.0,0.0,-,3.1332238721847534,3.7234344768524177,3.831222724914551,3.9457205295562745,6385664.0
04/29/2002,3.997237358060571,3.997237358060571,3.940658663043565,3.951577425003052,2402400,0.0,0.0,-,3.1248660600185394,3.7155949735641487,3.8035287737846373,3.9291436195373537,6442784.0
04/26/2002,3.9644785477325697,4.030983519751096,3.922789168961355,3.9763901233673096,4795200,0.0,0.0,-,3.1167619717121124,3.708134336471558,3.7848677277565,3.914155197143555,6542912.0
04/25/2002,3.919813532393905,3.969443987772327,3.815589273178959,3.957532405853272,3832800,0.0,0.0,-,3.1087413954734804,3.7017040443420415,3.773800218105316,3.8985713720321655,6615456.0
04/24/2002,3.9753993599501296,4.039919102750885,3.8294860800927752,3.862241983413696,4832800,0.0,0.0,-,3.1012944984436035,3.695214757919312,3.7605984568595887,3.879414129257202,6687712.0
04/23/2002,3.9694418935721063,4.008153567759699,3.953560171375912,3.9763901233673096,6526400,0.0,0.0,-,3.094170843362808,3.6912260055541997,3.7518635749816895,3.8744510889053343,6803152.0
04/22/2002,3.930730779778562,3.970435284079443,3.879115454297719,3.966464757919312,3941600,0.0,0.0,-,3.086125557422638,3.683070859909058,3.7368256568908693,3.8425883531570433,6780976.0
04/19/2002,3.942644503990383,3.950585181982037,3.886065800692067,3.9317257404327393,2792800,0.0,0.0,-,3.078485742807388,3.6741031217575078,3.727147662639618,3.81598641872406,7001712.0
04/18/2002,3.867205278276425,3.948599200825903,3.867205278276425,3.924776792526245,7767200,0.0,0.0,-,3.0708169865608217,3.6640458440780646,3.7180651783943177,3.7854139328002936,7088688.0
04/17/2002,3.879118204116821,3.9088964141264735,3.866214174274128,3.879118204116821,4234400,0.0,0.0,-,3.063123661279678,3.65553517818451,3.710918295383453,3.750275373458863,7016976.0
04/16/2002,3.80268455584674,3.876137397064277,3.7997064718810103,3.8652186393737793,2920000,0.0,0.0,-,3.0555301344394685,3.647798929214478,3.705806303024292,3.716724920272828,7001648.0
04/15/2002,3.811619520361797,3.9059170924533952,3.751070297927999,3.801693201065064,3094400,0.0,0.0,-,3.0485942363739014,3.640975074768067,3.702381908893585,3.677913928031922,7052880.0
04/12/2002,3.786803154069734,3.8473519796887614,3.781839806585169,3.820551872253418,2836800,0.0,0.0,-,3.0420402085781095,3.6369681072235114,3.7038707733154297,3.6555802583694463,7166992.0
04/11/2002,3.871176712237588,3.9208071829073,3.744122828491264,3.7659599781036377,9563200,0.0,0.0,-,3.034947088956833,3.631671972274781,3.6980143666267393,3.6490290641784675,7258288.0
04/10/2002,3.696476495669618,3.864227299100862,3.670668446741533,3.81261157989502,11472000,0.0,0.0,-,3.027978663444519,3.6254652929306035,3.6944409608840942,3.641782784461976,7161568.0
04/09/2002,3.7173195127598833,3.768935208591908,3.657762765884399,3.6577627658844,5046400,0.0,0.0,-,3.0204853868484496,3.6197927093505866,3.6899245738983155,3.6292760610580452,7072112.0
04/08/2002,3.641881480377296,3.717319959760886,3.5783545789912417,3.7004454135894775,3284800,0.0,0.0,-,3.013652684688568,3.6159680700302124,3.6933987021446226,3.631062960624695,7201984.0
04/05/2002,3.5843114812063908,3.650816108421753,3.56743692979408,3.626000881195069,4308000,0.0,0.0,-,3.006794376373291,3.611349220275879,3.6948379993438722,3.6383089065551757,7439040.0
04/04/2002,3.5446054569097214,3.648829291153788,3.5436130148493703,3.5733911991119385,5988800,0.0,0.0,-,3.000188189744949,3.6066332197189332,3.693845283985138,3.6507164239883423,7644544.0
04/03/2002,3.484056914032276,3.5833177990890386,3.4125893342735614,3.5436136722564697,5758400,0.0,0.0,-,2.994160774946213,3.5999757432937622,3.6886837601661684,3.6715612173080445,7682656.0
04/02/2002,3.58133295023145,3.582325392485792,3.4632122535025527,3.4771087169647217,6644800,0.0,0.0,-,2.9882822477817537,3.5927441120147705,3.678261411190033,3.6948876857757567,7700528.0
04/01/2002,3.66272852339601,3.69647725524821,3.526740774628095,3.578356504440308,9626400,0.0,0.0,-,2.982958229780197,3.5877148962020873,3.6793532967567444,3.726849889755249,7752592.0
03/28/2002,3.71235771417018,3.8275003400066208,3.71235771417018,3.755039930343628,2852800,0.0,0.0,-,2.976994776725769,3.5817907667160034,3.6837703585624695,3.7521612882614135,7719056.0
03/27/2002,3.681585981596149,3.7371722096118143,3.681585981596149,3.6934971809387207,3704000,0.0,0.0,-,2.9702515041828157,3.5721347379684447,3.6749857783317568,3.746999669075012,7788592.0
03/26/2002,3.68456625995262,3.751071291581548,3.647839815451834,3.687544345855713,5148800,0.0,0.0,-,2.9639590108394622,3.5619054365158083,3.6717101335525513,3.7470991373062135,7894848.0
03/25/2002,3.767944447822643,3.821545435719207,3.67265405510677,3.6756317615509033,3956000,0.0,0.0,-,2.957582814693451,3.5525485610961915,3.665962874889374,3.7505730867385862,7862096.0
03/22/2002,3.757023151488856,3.7907718568066606,3.6974667908810166,3.772904872894287,5310400,0.0,0.0,-,2.9514289808273317,3.54582884311676,3.662099838256836,3.755734443664551,8032368.0
03/21/2002,3.771913571053535,3.7768765394959294,3.703423697787958,3.750076055526733,2492800,0.0,0.0,-,2.9443595945835113,3.53817476272583,3.6546618819236754,3.7513670921325684,8109520.0
03/20/2002,3.780846690179144,3.7897801839482272,3.72228275961519,3.78183913230896,2463200,0.0,0.0,-,2.9370294392108915,3.53000581741333,3.6488114833831786,3.7369741439819335,8241328.0
03/19/2002,3.796730618906322,3.8215458517096312,3.7341961262198695,3.7768783569335938,5379200,0.0,0.0,-,2.9296638000011446,3.520884385108948,3.6376059293746947,3.705806303024292,8346368.0
03/18/2002,3.8413982531574873,3.862242958593009,3.7421373183402418,3.796730756759644,5199200,0.0,0.0,-,2.9225005543231966,3.511941466331482,3.6299196243286134,3.661635136604309,8403952.0
03/15/2002,3.697468429425825,3.861249061652448,3.6855572277557913,3.831470489501953,7700800,0.0,0.0,-,2.915307111740112,3.500004334449768,3.622033715248108,3.6318567037582397,8434672.0
03/14/2002,3.690519717467428,3.7322091072218737,3.6398964543082006,3.7034237384796143,3795200,0.0,0.0,-,2.9079893004894255,3.488145613670349,3.609387469291687,3.6153794288635255,8504864.0
03/13/2002,3.720299537937991,3.727247772609575,3.6061496978688217,3.694491863250733,3575200,0.0,0.0,-,2.9014695835113526,3.4776781225204467,3.6069600582122803,3.602971887588501,8534704.0
03/12/2002,3.7064021109406897,3.7649660585055247,3.6676904195868714,3.7222838401794434,3596000,0.0,0.0,-,2.8951770544052122,3.46816246509552,3.6038888692855835,3.596321129798889,8580320.0
03/11/2002,3.723274805413564,3.763971744107282,3.603169252030901,3.727245330810547,10608000,0.0,0.0,-,2.8886271607875824,3.459518404006958,3.6009148955345154,3.5813526630401613,8590336.0
03/08/2002,3.6031699902681793,3.791765820113849,3.6031699902681793,3.729231357574463,9941600,0.0,0.0,-,2.881919263601303,3.450061392784119,3.5929842710494997,3.568465232849121,8509536.0
03/07/2002,3.5545308907079067,3.6676881900794687,3.5326933842853028,3.6061465740203857,12787200,0.0,0.0,-,2.8753839683532716,3.4386217164993287,3.582426595687866,3.557956671714783,8364272.0
03/06/2002,3.361966334393359,3.5098652313277565,3.3431069010682744,3.470160722732544,17209600,0.0,0.0,-,2.86886225938797,3.428771424293518,3.5735623598098756,3.5606488227844237,8225424.0
03/05/2002,3.4642061890305964,3.4800879207616964,3.2885143187644825,3.3351666927337646,18387200,0.0,0.0,-,2.8626504814624787,3.4201340961456297,3.575016498565674,3.5694055557250977,8126704.0
03/04/2002,3.69349768492547,3.712357496662391,3.4046485055650986,3.49894642829895,14137600,0.0,0.0,-,2.8571038150787356,3.413423442840576,3.582873451709747,3.5982041120529176,7894464.0
03/01/2002,3.597215409100171,3.677616500826341,3.5575108951401133,3.6666977405548096,3980800,0.0,0.0,-,2.850718517303467,3.4006417655944823,3.584127426147461,3.612210726737976,7779008.0
02/28/2002,3.62997122003843,3.678609229484646,3.5783555046476505,3.57934832572937,4966400,0.0,0.0,-,2.8427988851070403,3.3849214220047,3.5808597803115845,3.6033955097198485,7976336.0
02/27/2002,3.584309644134398,3.6607405502573696,3.5406346242640576,3.6279842853546143,5730400,0.006,0.0,-,2.8355330646038057,3.3724746036529543,3.579679620265961,3.6109482288360595,7985456.0
02/26/2002,3.59936397246736,3.603328833890825,3.513121713487484,3.572599172592163,5896000,0.0,0.0,-,2.828137527704239,3.3590154504776,3.571061706542969,3.611456608772278,7975312.0
02/25/2002,3.620179459631257,3.6687523013466663,3.5874668135345917,3.5983710289001465,6160000,0.0,0.0,-,2.8210041189193724,3.346802759170532,3.568880867958069,3.6204771280288695,7959184.0
02/22/2002,3.6340584658974495,3.638023705022405,3.525017036983308,3.624145746231079,8420000,0.0,0.0,-,2.8137862479686735,3.3344315099716186,3.5622888565063477,3.617503309249878,7951056.0
02/21/2002,3.5696253802415177,3.6776757104415663,3.56863425933154,3.633068084716797,13152000,0.0,0.0,-,2.8064395034313203,3.3223972702026368,3.5545567154884337,3.6068965196609497,7892256.0
02/20/2002,3.594405555667122,3.624144460407088,3.5101463339595727,3.5577280521392822,6797600,0.0,0.0,-,2.79935399889946,3.3091278886795044,3.542413353919983,3.586475896835327,7765472.0
02/19/2002,3.634056468539383,3.6677602262851328,3.539884170883981,3.623152256011963,9596800,0.0,0.0,-,2.7924084031581877,3.298553133010864,3.5265528202056884,3.58062744140625,7862096.0
02/15/2002,3.577552919307097,3.639012575149536,3.50221531325628,3.639012575149536,7524800,0.0,0.0,-,2.7853922092914583,3.285818614959717,3.5044968128204346,3.567542791366577,7902048.0
02/14/2002,3.663796304577813,3.6776742607234496,3.525016364975498,3.578545570373535,7408800,0.0,0.0,-,2.778128980398178,3.2701932334899904,3.483828580379486,3.5560441255569457,7871120.0
02/13/2002,3.655867015776329,3.676683954605828,3.60828527924632,3.65487551689148,8422400,0.0,0.0,-,2.770585983991623,3.2534609174728395,3.4690088033676147,3.5583240509033205,7858288.0
02/12/2002,3.6647892478813895,3.685606190305761,3.628111345728629,3.633068084716797,7445600,0.0,0.0,-,2.762626801729202,3.236211657524109,3.4498769521713255,3.548411011695862,7847040.0
02/11/2002,3.568632054750764,3.6776734384986938,3.5666494360095107,3.662804365158081,10604800,0.0,0.0,-,2.7549246537685392,3.2182898807525633,3.42732515335083,3.5306668043136598,7869216.0
02/08/2002,3.519068496094809,3.5725980794664896,3.51510325773855,3.568632841110229,5417600,0.0,0.0,-,2.7473056888580323,3.2000505685806275,3.40516996383667,3.517284607887268,7831680.0
02/07/2002,3.4734698581789014,3.6162150549541736,3.4724783593830626,3.518077850341797,14978400,0.0,0.0,-,2.7402069091796877,3.1843677616119384,3.3937206149101256,3.507074403762817,7909312.0
02/06/2002,3.487347806434272,3.508164743336946,3.4070534207648207,3.4288618564605717,7141600,0.0,0.0,-,2.73308464884758,3.1705077648162843,3.3873267650604246,3.502216911315918,7817376.0
02/05/2002,3.4992434978485107,3.535921015825604,3.4011062836119046,3.4992434978485107,4181600,0.0,0.0,-,2.725732628107071,3.1586498641967773,3.382965111732483,3.498350811004639,7722816.0
02/04/2002,3.5240269248048604,3.540879008644067,3.46256720676823,3.4923057556152344,3468000,0.0,0.0,-,2.717708042860031,3.145166554450989,3.3742913126945497,3.4724781990051268,7836512.0
02/01/2002,3.600355076758892,3.6033288173493534,3.484374655978185,3.5240259170532227,5481600,0.0,0.0,-,2.709471487402916,3.1322377347946166,3.366162645816803,3.441450834274292,8034192.0
01/31/2002,3.5567368459497173,3.623152874468855,3.553762728659964,3.6013448238372803,8800000,0.0,0.0,-,2.700770478248596,3.1204562759399415,3.3499550580978394,3.411613035202026,8130448.0
01/30/2002,3.47445964937656,3.5607014824616274,3.455625339068236,3.5557451248168945,7401600,0.0,0.0,-,2.692334049940109,3.10473295211792,3.331814539432526,3.379693555831909,8186768.0
01/29/2002,3.534928883065738,3.534928883065738,3.42985234109801,3.4556260108947754,4727200,0.0,0.0,-,2.684377205967903,3.0952669095993044,3.313029742240906,3.3513428926467896,8243728.0
01/28/2002,3.469505318127549,3.5379040011237644,3.4248973169795525,3.528982400894165,6999200,0.0,0.0,-,2.676687873005867,3.086358060836792,3.301183891296387,3.3239835023880007,8408384.0
01/25/2002,3.458600322264465,3.540877325720577,3.4298529081788853,3.4665307998657227,11540000,0.0,0.0,-,2.6689709103107453,3.07348762512207,3.2892388105392456,3.2930553197860717,8419024.0
01/24/2002,3.3941653144380064,3.487346114028956,3.3902000774820147,3.4695029258728027,15137600,0.0,0.0,-,2.661134549975395,3.0617672300338743,3.2786320090293883,3.280366826057434,8341616.0
01/23/2002,3.2464641950375475,3.4060614266557137,3.238533719310632,3.3902008533477783,14583200,0.0,0.0,-,2.6529441809654237,3.0483639907836912,3.2630192399024964,3.2724366188049316,8348448.0
01/22/2002,3.1760839435574346,3.311890169709611,3.1721187044218637,3.2405173778533936,7894400,0.0,0.0,-,2.6453969782590865,3.0400509071350097,3.2491907954216,3.2675794124603272,8571744.0
01/18/2002,3.226640112808516,3.241509573691092,3.1681541464944,3.1820321083068848,6652000,0.0,0.0,-,2.638444032073021,3.039957995414734,3.2390796422958372,3.2761044263839723,8786592.0
01/17/2002,3.281159755242844,3.336671962301095,3.1929352744535686,3.2256479263305664,9248000,0.0,0.0,-,2.632030165195465,3.0408170318603513,3.2299597382545473,3.290874457359314,8743088.0
01/16/2002,3.268272078082855,3.3089148140155973,3.236550936776609,3.2821500301361084,7949600,0.0,0.0,-,2.6252132296562194,3.039714879989624,3.211670470237732,3.2882970809936523,8667120.0
01/15/2002,3.2296134963123024,3.2821515906783585,3.160223135834724,3.2722384929656982,6329600,0.0,0.0,-,2.6185146045684813,3.037047152519226,3.1915969967842104,3.283935523033142,8728320.0
01/14/2002,3.236553212778933,3.2464659346032514,3.161215165588157,3.1820321083068848,9016800,0.0,0.0,-,2.611927202939987,3.03509238243103,3.17583544254303,3.274716591835022,8699008.0
01/11/2002,3.347576706274187,3.370376265042539,3.216726834471277,3.219700574874878,3511200,0.0,0.0,-,2.6058216565847396,3.0334173440933228,3.1644851684570314,3.278384280204773,8623776.0
01/10/2002,3.5091562318283387,3.5091562318283387,3.316846306303444,3.3396458625793457,12469600,0.0,0.0,-,2.5994661074876784,3.029167580604553,3.151598370075226,3.2854223012924195,8736976.0
01/09/2002,3.355505589261366,3.402096188792256,3.353523348475533,3.3902008533477783,9168000,0.0,0.0,-,2.592849985957146,3.0249341917037964,3.133606505393982,3.2768971920013428,8594304.0
01/08/2002,3.325768211111672,3.3654198471598398,3.261334775215932,3.3416287899017334,9083200,0.0,0.0,-,2.5861352521181105,3.020778565406799,3.115218150615692,3.253601861000061,8485936.0
01/07/2002,3.3465844515053376,3.4110182521010453,3.3247763965611785,3.325767517089844,7715200,0.0,0.0,-,2.5795708864927294,3.016901469230652,3.0966166615486146,3.2308021783828735,8369728.0
01/04/2002,3.2048304460789945,3.336671395495603,3.2018563285025023,3.3297324180603027,8258400,0.0,0.0,-,2.572623337507248,3.012034978866577,3.081777799129486,3.2020548582077026,8293216.0
01/03/2002,3.2424995318965903,3.295037997534939,3.178066106851317,3.19987416267395,6735200,0.0,0.0,-,2.5658717900514603,3.0088511371612547,3.0646124958992003,3.16904501914978,8352624.0
01/02/2002,3.2167263936497945,3.277194961209933,3.142379868579981,3.238534450531006,11210400,0.0,0.0,-,2.5598003685474398,3.006779680252075,3.047505962848663,3.1350438594818115,8355952.0
12/31/2001,3.213752579180696,3.2811601318651262,3.147336525352633,3.180049180984497,5287200,0.0,0.0,-,2.553874799013138,3.0030045318603515,3.0226757287979127,3.099258470535278,8229840.0
12/28/2001,3.2861165378790607,3.3832626179582026,3.1840137203108574,3.2187089920043945,5856000,0.0,0.0,-,2.548364984989166,2.998934097290039,3.0032938957214355,3.0769542932510374,8224768.0
12/27/2001,3.2553858986650432,3.3108980961490304,3.2415079438305234,3.2900807857513428,4096800,0.0,0.0,-,2.543001027107239,2.994565587043762,2.9792074084281923,3.0505860567092897,8213808.0
12/26/2001,3.1562572093679324,3.2643074864825845,3.1552658998719414,3.254394769668579,6568000,0.0,0.0,-,2.5372802102565766,2.9894625520706177,2.952245306968689,3.0177744388580323,8349104.0
12/24/2001,3.147334640510899,3.197890085675115,3.147334640510899,3.157247543334961,2678400,0.0,0.0,-,2.531645321846008,2.9852316188812256,2.928750193119049,2.990315818786621,8493184.0
12/21/2001,3.018468517404285,3.1602223773593003,3.018468517404285,3.1136319637298584,5844800,0.0,0.0,-,2.5263420116901396,2.981973576545715,2.912141716480255,2.976834440231323,8669440.0
12/20/2001,3.1929350190345134,3.19392651769776,3.033337956459733,3.0382943153381348,12273600,0.0,0.0,-,2.521071789264679,2.9810924339294433,2.898258459568024,2.9624311447143556,8978896.0
12/19/2001,2.844993331992029,3.021442270090765,2.844993331992029,2.999634027481079,6775200,0.0,0.0,-,2.5161474204063414,2.9802530574798585,2.887597644329071,2.9615007400512696,9284800.0
12/18/2001,2.8796881893142974,2.9005053112342374,2.840036753601268,2.8598625659942627,8364800,0.0,0.0,-,2.5113855206966402,2.9783259296417235,2.8799091815948485,2.9601799726486204,9329888.0
12/17/2001,2.956018411237048,3.023425971341594,2.870767651213882,2.880680561065674,13847200,0.0,0.0,-,2.5074458038806915,2.978620114326477,2.883663702011108,2.9599680662155152,9378608.0
12/14/2001,2.9451118878100755,2.967911619357029,2.909425704959796,2.95700740814209,5422400,0.0,0.0,-,2.5039049315452577,2.978913650512695,2.880388605594635,2.946092987060547,9317824.0
12/13/2001,2.949078957260609,3.0075649080094333,2.8995146050377425,2.955026626586914,5223200,0.0,0.0,-,2.5002901518344878,2.9782943773269652,2.8866603851318358,2.9296334981918335,9484512.0
12/12/2001,2.97386013095468,3.002607536308917,2.932226081558397,2.961964607238769,5089600,0.0,0.0,-,2.496069836616516,2.9805259466171266,2.8894182324409483,2.907828760147095,9722720.0
12/11/2001,3.0254078677405385,3.0531637818013797,2.973860900094714,2.979808568954468,5753600,0.0,0.0,-,2.491814831495285,2.9817278718948366,2.885593032836914,2.8867161750793455,9894336.0
12/10/2001,2.971878102819035,3.0402769523657254,2.949078549327796,3.0224337577819824,5480000,0.005375,0.0,-,2.48753214597702,2.981622633934021,2.880628156661987,2.867184567451477,9951888.0
12/07/2001,3.028001137499359,3.0289910264917883,2.963659863407626,2.9695990085601807,6812800,0.0,0.0,-,2.4836210012435913,2.9790811061859133,2.8694735169410706,2.847448992729187,10290496.0
12/06/2001,2.9884057741810994,3.058686175842828,2.974547520556132,3.0289902687072754,11628800,0.0,0.0,-,2.479204730987549,2.9768044137954712,2.8697209000587462,2.834085774421692,10462752.0
12/05/2001,2.8607132998790616,3.010183119761446,2.857743822091952,2.98642635345459,11594400,0.0,0.0,-,2.474245327711105,2.971835289001465,2.8800649762153627,2.8136945486068727,10526432.0
12/04/2001,2.7557872258265355,2.8617028678694028,2.7518276708183658,2.857743501663208,5978400,0.0,0.0,-,2.4694987440109255,2.969103260040283,2.8919928550720213,2.7996383905410767,10564896.0
12/03/2001,2.792412785461825,2.7934026744335885,2.7033248548252726,2.741929769515991,6767200,0.0,0.0,-,2.4654263472557068,2.964886426925659,2.9076326966285704,2.8073593378067017,10619376.0
11/30/2001,2.741929508318164,2.850814641611479,2.735990175053366,2.792412519454956,7860000,0.0,0.0,-,2.4619022464752196,2.961204113960266,2.9279743909835814,2.8146842241287233,10672144.0
11/29/2001,2.742918388827749,2.756776640169525,2.697384646881471,2.7369792461395264,8554400,0.0,0.0,-,2.458125731945038,2.957442631721497,2.947078764438629,2.8436872720718385,10796208.0
11/28/2001,2.7736056379549945,2.7854839287682247,2.7221325409589205,2.7508387565612797,8728000,0.0,0.0,-,2.4554572236537933,2.95591824054718,2.9651438117027284,2.871007704734802,10904400.0
11/27/2001,2.8339857841039477,2.835965561073536,2.766675066355257,2.784492492675781,9299200,0.0,0.0,-,2.4534579503536222,2.951226272583008,2.9779624938964844,2.8844698905944823,10821712.0
11/26/2001,2.84091585345035,2.845865108553128,2.7914225472146432,2.825078010559082,10381600,0.0,0.0,-,2.4505518758296967,2.9459205961227415,2.9951366901397707,2.8940717458724974,10928192.0
11/23/2001,2.8260681250258903,2.840916270115903,2.8161696133685585,2.835966825485229,2413600,0.0,0.0,-,2.447258242368698,2.945069308280945,3.0130037665367126,2.8914980411529543,10909104.0
11/21/2001,2.8904091596860564,2.8904091596860564,2.7577670838702044,2.825078010559082,9866400,0.0,0.0,-,2.4437563121318817,2.944732747077942,3.028594124317169,2.905356025695801,11115664.0
11/20/2001,2.9567298487575697,3.0141420696653887,2.845864772796631,2.845864772796631,13352000,0.0,0.0,-,2.4408319461345673,2.948316059112549,3.0414623737335207,2.9464354038238527,11546576.0
11/19/2001,2.828047442139792,2.960689515800004,2.824088075882311,2.934952974319458,10294400,0.0,0.0,-,2.4378651905059816,2.9501968145370485,3.0576961517333983,2.9843473196029664,11376432.0
11/16/2001,3.081452420141105,3.082442308683368,2.7993407936638675,2.815178632736206,11616000,0.0,0.0,-,2.433899092674255,2.9510480833053587,3.065763568878174,3.0079060554504395,11631984.0
11/15/2001,3.0121625958660685,3.0923416977232625,3.000284119501088,3.0824429988861084,10249600,0.0,0.0,-,2.4305318665504454,2.9527506685256957,3.0774934887886047,3.04126455783844,11591424.0
11/14/2001,2.88645027829887,3.078484404181334,2.88645027829887,3.010183572769165,12960000,0.0,0.0,-,2.4251974976062773,2.9504284477233886,3.072197711467743,3.05047025680542,11723408.0
11/13/2001,2.886450504247574,2.96465004309916,2.8359672934956714,2.885460615158081,7531200,0.0,0.0,-,2.4205475294589998,2.9490967321395876,3.071702706813812,3.0592799186706543,11709568.0
11/12/2001,2.79538248103179,2.9201056607222715,2.7538080878016293,2.8805110454559326,7669600,0.0,0.0,-,2.4163980901241304,2.9490733337402344,3.079176127910614,3.0714550971984864,11677584.0
11/09/2001,2.948810743871592,2.9498004436719167,2.7805334575243843,2.7993409633636475,15479200,0.0,0.0,-,2.4123349416255953,2.9492873048782347,3.0872929811477663,3.0962016344070435,11777328.0
11/08/2001,3.2210234227040377,3.222013122364151,2.939901518752168,2.9745466709136963,25748000,0.0,0.0,-,2.4084391558170317,2.9516188859939576,3.097043204307556,3.134509491920471,11827328.0
11/07/2001,3.232902314696916,3.305162486798861,3.2041961103046077,3.2358717918396,18636800,0.0,0.0,-,2.403167301416397,2.949438142776489,3.1017946124076845,3.1518322229385376,11763168.0
11/06/2001,3.179449803071768,3.231912963069865,3.1418349743966814,3.224983930587769,4476800,0.0,0.0,-,2.3972658061981202,2.940350546836853,3.089817297458649,3.1364893436431887,11662864.0
11/05/2001,3.1685605556967564,3.2220134045158413,3.1606418249108943,3.170540332794189,5449600,0.0,0.0,-,2.3917572438716888,2.9291677284240722,3.073731982707977,3.1310449838638306,11747824.0
11/02/2001,3.165591385973121,3.2408214125587977,3.1378752591278243,3.148763656616211,11009600,0.0,0.0,-,2.386043930053711,2.9206750869750975,3.0589335560798645,3.1236210823059083,11719392.0
11/01/2001,3.127976358089335,3.201226413820552,3.047797271097345,3.174499988555908,4864000,0.0,0.0,-,2.3801163959503175,2.9121830320358275,3.046263241767883,3.1137224197387696,11630848.0
10/31/2001,2.995334236000434,3.144804009553882,2.99434434744422,3.098280191421509,5255200,0.0,0.0,-,2.3740909522771836,2.904006590843201,3.0338404297828676,3.0939251661300657,11879024.0
10/30/2001,3.1180774598598218,3.1269862677064326,2.9844455309625864,3.0072124004364014,9171200,0.0,0.0,-,2.3682388949394224,2.89676146030426,3.0322566747665407,3.0841254949569703,11963776.0
10/29/2001,3.178459603289141,3.2101352832558288,3.113128466157362,3.127976417541504,5336000,0.0,0.0,-,2.3623729056119918,2.8906062173843385,3.032999098300934,3.0868971586227416,12179072.0
10/26/2001,3.147773999785961,3.182419538497925,3.0943213306464545,3.182419538497925,3749600,0.0,0.0,-,2.356303128004074,2.8812449550628663,3.0253276109695433,3.0783843278884886,12347504.0
10/25/2001,3.098280678317393,3.1477739810943604,2.996324595430098,3.1477739810943604,3272800,0.0,0.0,-,2.349807275533676,2.869569149017334,3.0109745025634767,3.059576916694641,12591008.0
10/24/2001,3.169551322090694,3.1804399096917613,3.073534188812867,3.0824429988861084,3889600,0.0,0.0,-,2.3435154271125795,2.856391916275024,2.996374022960663,3.051757001876831,12796704.0
10/23/2001,3.098280167955296,3.247750129178603,3.0972904682085143,3.170540332794189,11228800,0.0,0.0,-,2.3367270755767824,2.8423862409591676,2.9812785744667054,3.043145251274109,12981744.0
10/22/2001,3.044828233232157,3.1032303499045786,3.038889089327057,3.096301317214966,6901600,0.0,0.0,-,2.3291520535945893,2.8258476209640504,2.9652428030967712,3.016418981552124,12821104.0
10/19/2001,2.983456002745155,3.0873920439068794,2.949800544327296,3.049777030944824,4904800,0.0,0.0,-,2.3219790011644363,2.810200719833374,2.942772829532623,2.9942460298538207,12769216.0
10/18/2001,3.0161220603044474,3.030970203444523,2.930003811862319,2.976527452468872,5033600,0.0,0.0,-,2.315100111961365,2.795721535682678,2.918174684047699,2.9788040637969972,12766160.0
10/17/2001,3.028989681316504,3.067594390866775,2.964648435798737,3.000283479690552,5308000,0.0,0.0,-,2.308618242740631,2.782905035018921,2.8995652318000795,2.973755693435669,12730656.0
10/16/2001,3.048787100203512,3.048787100203512,2.9893952932764165,3.034929037094116,10861600,0.0,0.0,-,2.3017098718881606,2.7690796422958375,2.882589042186737,2.9803878545761107,12707408.0
10/15/2001,2.9686081590069966,3.0685846492684288,2.9191148582123443,3.0428481101989746,13772000,0.0,0.0,-,2.2947513633966445,2.754877643585205,2.856654608249664,2.979101037979126,12577168.0
10/12/2001,3.054727328635636,3.0646258401611703,2.922085235131817,2.994345426559448,11491200,0.0,0.0,-,2.2873839938640597,2.739686951637268,2.830472636222839,2.972270894050598,12355680.0
10/11/2001,3.0091929397276624,3.1675715552505874,3.0091929397276624,3.06957483291626,21317600,0.0,0.0,-,2.2800129610300064,2.7252093172073364,2.8198810458183288,2.962372088432312,12167712.0
10/10/2001,2.917136071416552,3.056707211946365,2.895359079640972,2.9963254928588867,27568800,0.0,0.0,-,2.272542725801468,2.709365496635437,2.80735924243927,2.9409910440444946,11785472.0
10/09/2001,2.869622168759885,2.9210952578645824,2.804291012897,2.903277635574341,9029600,0.0,0.0,-,2.265377198457718,2.6949669218063352,2.807755148410797,2.9194118976593018,11303792.0
10/08/2001,2.741929702108718,2.902287935551881,2.633044372317749,2.8745718002319336,10800800,0.0,0.0,-,2.2586153674125673,2.682468786239624,2.8095863938331602,2.9140666246414186,11272304.0
10/05/2001,2.926043156309205,2.9537594657720967,2.8428944167224426,2.895357370376587,10808000,0.0,0.0,-,2.252089379429817,2.671414604187012,2.814733624458313,2.8912996292114257,11084736.0
10/04/2001,3.083432452888536,3.084422341512876,2.9171349400384847,2.926043748855591,13756800,0.0,0.0,-,2.245551778078079,2.659865655899048,2.814981150627136,2.8575453042984007,10924560.0
10/03/2001,3.0200814529916507,3.112139029257388,2.9903853571112986,3.0666050910949707,17133600,0.0,0.0,-,2.2390761512517927,2.6471692276000978,2.8169955611228943,2.8253747701644896,10751200.0
10/02/2001,2.9596992093523324,3.022060871124268,2.9082261336552957,3.022060871124268,13670400,0.0,0.0,-,2.23189771771431,2.6310289525985717,2.810845196247101,2.7847902297973635,10565312.0
10/01/2001,2.854772999036597,2.993354174088468,2.821117546535182,2.9745466709136963,8631200,0.0,0.0,-,2.2254035848379137,2.616254005432129,2.803956687450409,2.734208178520203,10446672.0
09/28/2001,2.8607120307484504,2.9646480496328595,2.855762777430965,2.895357370376587,22410400,0.0,0.0,-,2.218808531165123,2.603121271133423,2.799789834022522,2.6886743783950804,10334080.0
09/27/2001,2.7963723717017164,2.8656630900611506,2.751828311498935,2.855764389038086,15425600,0.0,0.0,-,2.212609423995018,2.59113742351532,2.8008179664611816,2.6773900032043456,9956816.0
09/26/2001,2.844875290963073,2.860713134250671,2.678577747641309,2.780534029006958,14812800,0.0,0.0,-,2.206392878293991,2.57947096824646,2.8013052225112913,2.6737274408340452,9973776.0
09/25/2001,2.6379934083540557,2.878530927269997,2.6231454529843545,2.849824905395508,13517600,0.0,0.0,-,2.200367847084999,2.5685183715820314,2.801353120803833,2.6960983991622927,9834240.0
09/24/2001,2.566722747205067,2.686496450932843,2.542965984204565,2.646901845932007,8702400,0.0,0.0,-,2.19381173491478,2.554539136886597,2.7921540260314943,2.7051061630249023,9734192.0
09/21/2001,2.514259958215275,2.599388506684629,2.4419997752969542,2.557814121246338,9405600,0.0,0.0,-,2.188147148489952,2.5487896060943602,2.7971043467521666,2.7381676197052003,9607440.0
09/20/2001,2.6231459217064907,2.6627405393680696,2.4855545545317432,2.6043384075164795,14063200,0.0,0.0,-,2.1829895466566085,2.5442485189437867,2.8054216861724854,2.7724169969558714,9450128.0
09/19/2001,2.4914926944344646,2.6726381623291395,2.453877870037507,2.660759687423706,13964000,0.0,0.0,-,2.177549838423729,2.5396072483062744,2.8134886622428894,2.808616352081299,9212672.0
09/18/2001,2.5370274618137656,2.5627640104813447,2.474665962628422,2.516240358352661,4593600,0.0,0.0,-,2.172288469672203,2.535755114555359,2.817251861095429,2.836900162696838,8984384.0
09/17/2001,2.672637801250531,2.736979043890621,2.5073301963618477,2.519208669662476,14623200,0.0,0.0,-,2.1675348222255706,2.5341805267333983,2.8264123558998113,2.873705196380615,8973424.0
09/10/2001,2.8092398592086334,2.81121963668621,2.682537121475288,2.7825136184692383,9427200,0.0,0.0,-,2.1627970296144485,2.531143012046814,2.833447587490082,2.910905289649963,8781696.0
09/07/2001,2.9804870543983077,3.0062235970955697,2.809240066020445,2.819138765335083,12741600,0.0,0.0,-,2.1567120158672335,2.524262776374817,2.824253368377686,2.9242459297180177,8682848.0
09/06/2001,2.95771978535967,3.0685848701944005,2.95771978535967,3.0042436122894287,31412000,0.0,0.0,-,2.150474572777748,2.515839490890503,2.8077420473098758,2.9288830041885374,8476160.0
09/05/2001,2.971578230645621,2.978507263494376,2.862692916274083,2.9399025440216064,4844800,0.0,0.0,-,2.143649268746376,2.5034768533706666,2.7766378283500677,2.9066078424453736,7934960.0
09/04/2001,2.885458860223919,2.979496189709872,2.83695545715074,2.9775164127349854,23072000,0.0,0.0,-,2.137176361680031,2.491887059211731,2.746823167800904,2.879201889038086,7961952.0
08/31/2001,2.9695986033520643,2.974547858836853,2.8765511275824744,2.900307893753052,9588000,0.005375,0.0,-,2.1306381714344025,2.481897511482239,2.713645160198212,2.8560410737991333,7602880.0
08/30/2001,2.9356901288469466,2.973251063411792,2.91196721503272,2.966331958770752,16848800,0.0,0.0,-,2.1244553327560425,2.4737091064453125,2.6849206566810606,2.838426375389099,7559536.0
08/29/2001,2.8724294270321398,2.957436003282581,2.86748726314703,2.9435977935791016,12268000,0.0,0.0,-,2.1184949040412904,2.4624210262298583,2.6533891797065734,2.81836097240448,7322912.0
08/28/2001,2.900105844823611,2.9030712560791283,2.8477180438315384,2.8842906951904297,5932000,0.0,0.0,-,2.111942129135132,2.450994567871094,2.621659982204437,2.7976035594940187,7138192.0
08/27/2001,2.9248168401667125,2.9248168401667125,2.8487063199169755,2.891209602355957,12656800,0.0,0.0,-,2.105839376449585,2.439587879180908,2.5936869025230407,2.7791195154190063,7076656.0
08/24/2001,2.8852782005508946,2.944585086104287,2.8319019469934235,2.9159200191497803,17979200,0.0,0.0,-,2.1001931697130205,2.4275881338119505,2.5632920980453493,2.7559898853302003,6922544.0
08/23/2001,2.794341352195203,2.8852785370407346,2.792364411788875,2.865509510040283,22540000,0.0,0.0,-,2.0940780729055404,2.4158454084396364,2.5310192823410036,2.7242608070373535,6615808.0
08/22/2001,2.6411324024420897,2.8042264371002283,2.604559940129884,2.781491994857788,13621600,0.0,0.0,-,2.087915739417076,2.404630489349365,2.501612997055054,2.686601090431213,6221504.0
08/21/2001,2.7370113551557536,2.7706185873854228,2.6628777879193786,2.6658430099487305,8724800,0.0,0.0,-,2.08223488509655,2.396358814239502,2.4763582348823547,2.646667814254761,5990096.0
08/20/2001,2.713289488062511,2.7577695292493654,2.708347135576325,2.745908260345459,4028000,0.0,0.0,-,2.0770094937086103,2.3904001188278197,2.4569846272468565,2.614444446563721,5954448.0
08/17/2001,2.7439299325430646,2.7607335454404534,2.6678194395059864,2.72416090965271,6582400,0.0,0.0,-,2.070079181790352,2.3837280559539793,2.4357823491096497,2.57124924659729,5917824.0
08/16/2001,2.723174627533855,2.786435438489766,2.619387645302408,2.7656779289245605,17272800,0.0,0.0,-,2.062935298085213,2.376958155632019,2.415469801425934,2.5314149379730226,6097776.0
08/15/2001,2.7034048931385017,2.7864345271812767,2.664855298991272,2.7360236644744877,9492800,0.0,0.0,-,2.0555224364995954,2.3697723054885866,2.3917470216751098,2.488417387008667,5897728.0
08/14/2001,2.6688084326322143,2.723172973439936,2.6688084326322143,2.699450254440308,19936000,0.0,0.0,-,2.048257846236229,2.363751802444458,2.3679254055023193,2.445716404914856,5990752.0
08/13/2001,2.599617918837721,2.698462709493626,2.598629636838861,2.6599133014678955,13757600,0.0,0.0,-,2.041145425438881,2.3580088996887207,2.3471185684204103,2.408254289627075,5776624.0
08/10/2001,2.4721078558155853,2.622351959697741,2.4721078558155853,2.598629236221313,15924800,0.0,0.0,-,2.0343534737825393,2.3537079334259032,2.330018401145935,2.370594310760498,5629056.0
08/09/2001,2.467166365136067,2.5699650579491595,2.437512997572336,2.488912343978882,13557600,0.0,0.0,-,2.0279293376207352,2.348915901184082,2.3148951888084413,2.3377777576446532,5420272.0
08/08/2001,2.3396559475748515,2.427627741348288,2.3218638570293346,2.3821592330932617,13141600,0.0,0.0,-,2.0221458727121355,2.3448185539245605,2.3040716528892515,2.316624903678894,5392336.0
08/07/2001,2.3011062416316674,2.3722744059385072,2.3011062416316674,2.34360933303833,3196800,0.0,0.0,-,2.0168347823619843,2.3433495950698853,2.296608901023865,2.3060486555099486,5298512.0
08/06/2001,2.326806187525288,2.3386674554244635,2.2981411111279493,2.3139562606811523,4307200,0.0,0.0,-,2.0119620114564896,2.3433619928359986,2.286971592903137,2.2995248079299926,5309136.0
08/03/2001,2.339656032768679,2.3445981965306344,2.318898530199249,2.325817823410034,4752000,0.0,0.0,-,2.0068077582120893,2.3442437124252318,2.289245045185089,2.3003154516220095,5355648.0
08/02/2001,2.304072115095,2.3426217132867437,2.293199315863238,2.335702419281006,3258400,0.0,0.0,-,2.001686283946037,2.3450855207443237,2.28949214220047,2.299524664878845,5430912.0
08/01/2001,2.336690257948938,2.352505405765097,2.301106269628298,2.309013843536377,4145600,0.0,0.0,-,1.9965767818689346,2.3463610792160035,2.291320765018463,2.2950766563415526,5458528.0
07/31/2001,2.2714528337540543,2.342621190831982,2.2704643634022563,2.3248291015625,4349600,0.0,0.0,-,1.9919997745752334,2.34890052318573,2.2992777228355408,2.290134406089783,5459616.0
07/30/2001,2.270463591130939,2.288255674348654,2.26650989959999,2.283313512802124,2697600,0.0,0.0,-,1.9869139444828035,2.350650043487549,2.3049118161201476,2.285982847213745,5504864.0
07/27/2001,2.2783712770529445,2.2783712770529445,2.264533073203155,2.270463705062866,2092800,0.0,0.0,-,1.982281259894371,2.3526970911026,2.309112787246704,2.2894424915313722,5652816.0
07/26/2001,2.277383804321289,2.2843029087034714,2.2684877591066392,2.277383804321289,2205600,0.0,0.0,-,1.9778049129247666,2.3557312631607057,2.31751469373703,2.292012619972229,5846944.0
07/25/2001,2.2783735049357343,2.3001194905710656,2.2595931209272213,2.2763967514038086,3484800,0.0,0.0,-,1.9733553564548492,2.3562196826934816,2.3235442280769347,2.2915184020996096,5947984.0
07/24/2001,2.317908898435241,2.3218625894360767,2.237844534690604,2.278370857238769,7455200,0.0,0.0,-,1.9687572556734085,2.355247850418091,2.3290299773216248,2.2871691465377806,5992592.0
07/23/2001,2.2902324139957093,2.3277933286445296,2.2892439440666137,2.3218626976013184,1422400,0.0,0.0,-,1.9647325140237808,2.3541971015930176,2.3331320762634276,2.2744183778762816,5930176.0
07/20/2001,2.2823257780788797,2.342621148734959,2.274418203938036,2.3179099559783936,2799200,0.0,0.0,-,1.9602754378318787,2.352197585105896,2.3409408926963806,2.278174638748169,6126880.0
07/19/2001,2.27343024098749,2.3020953214776605,2.260580500840108,2.291222333908081,5088800,0.0,0.0,-,1.9555925565958023,2.347494812011719,2.349589776992798,2.2794596195220946,6230688.0
07/18/2001,2.272441077246369,2.2773834285119614,2.2536605194999666,2.2595913410186768,7839200,0.0,0.0,-,1.9512579834461212,2.344194049835205,2.355125057697296,2.2875648736953735,6224272.0
07/17/2001,2.3040708175352065,2.312966859144064,2.240810244788999,2.283313512802124,7738400,0.0,0.0,-,1.9470201748609544,2.3419797611236572,2.360759234428406,2.3084210395812987,6184688.0
07/16/2001,2.261568278127016,2.331748163592009,2.261568278127016,2.3179099559783936,3001600,0.0,0.0,-,1.9426023626327515,2.339231839179993,2.3622913718223573,2.32384078502655,6285680.0
07/13/2001,2.270465315146106,2.3001188725360344,2.222031378793896,2.2961649894714355,3547200,0.0,0.0,-,1.9379194813966751,2.335969576835632,2.3609569907188415,2.328783082962036,6377872.0
07/12/2001,2.1943543420702167,2.2941874108167672,2.1251629159071634,2.2724416255950928,16273600,0.0,0.0,-,1.933376019001007,2.3331422138214113,2.3625879287719727,2.343016767501831,6414256.0
07/11/2001,2.149874543173541,2.2457539376874096,2.148886072483933,2.2329041957855225,7836000,0.0,0.0,-,1.9290125662088393,2.332012724876404,2.3642040252685548,2.3555700540542603,6244208.0
07/10/2001,2.3574488465206387,2.3574488465206387,2.1350480155004186,2.1508631706237797,8515200,0.0,0.0,-,1.9248468005657196,2.330726819038391,2.37095422744751,2.370890808105469,6146928.0
07/09/2001,2.3268065319715925,2.362390529468211,2.321864179172422,2.3594253063201904,2364800,0.0,0.0,-,1.9211833304166794,2.3321078252792358,2.381806480884552,2.391845774650574,6087152.0
07/06/2001,2.366343942692888,2.386112784376896,2.3238406597016765,2.330759763717652,1540000,0.0,0.0,-,1.9166305285692216,2.3286466550827027,2.3844504714012147,2.4037071466445923,6179008.0
07/05/2001,2.431581785238184,2.4434430540387666,2.372274875640869,2.372274875640869,2190400,0.0,0.0,-,1.9122210544347764,2.3234303855895995,2.3871957778930666,2.419719934463501,6221472.0
07/03/2001,2.4424533457918183,2.4859450825938048,2.401927018952936,2.4681529998779297,2549600,0.0,0.0,-,1.9077881842851638,2.317245669364929,2.3889013051986696,2.422685241699219,6246608.0
07/02/2001,2.390065543259592,2.4493724175190783,2.317908937367372,2.4375109672546387,4045600,0.0,0.0,-,1.9030908012390138,2.309735379219055,2.3872435808181764,2.4130974292755125,6260000.0
06/29/2001,2.4424548142497486,2.446408696577715,2.202262118770385,2.367332935333252,5036800,0.0,0.0,-,1.8985773211717605,2.3037653875350954,2.3859832882881165,2.400741958618164,6210976.0
06/28/2001,2.382160314909704,2.4414672474841463,2.382160314909704,2.4385018348693848,4484800,0.0,0.0,-,1.8944454270601272,2.299396266937256,2.3898598909378053,2.393130898475647,6179008.0
06/27/2001,2.3693094131608143,2.409835759664579,2.363378778888217,2.3979744911193848,2407200,0.0,0.0,-,1.8901111686229706,2.292498745918274,2.385886180400848,2.3821590900421143,6211760.0
06/26/2001,2.3623890235779315,2.3979731869231267,2.2734288037463046,2.3861117362976074,4352000,0.0,0.0,-,1.8860409408807755,2.2837084102630616,2.3801897048950194,2.372837996482849,6246480.0
06/25/2001,2.518564493146517,2.5205414336361263,2.355470673382229,2.360412836074829,6194400,0.0,0.0,-,1.882183508872986,2.2738727045059206,2.376319682598114,2.371017646789551,6274176.0
06/22/2001,2.4918772374859266,2.4918772374859266,2.4029169580489107,2.478039026260376,5118400,0.0,0.0,-,1.8777792513370515,2.263564341068268,2.375510501861572,2.37176718711853,6451632.0
06/21/2001,2.381169914957307,2.510656477728335,2.381169914957307,2.4908876419067383,7420800,0.0,0.0,-,1.8732166105508805,2.2496800422668457,2.3695106625556948,2.365193796157837,6623248.0
06/20/2001,2.3683207095427075,2.4266391416545345,2.3564594421652028,2.401927947998047,5017600,0.0,0.0,-,1.8685403680801391,2.2381434726715086,2.363361692428589,2.3546716213226317,6571680.0
06/19/2001,2.3139564365321803,2.3821593919956663,2.3139564365321803,2.372274875640869,3032000,0.0,0.0,-,1.8643701696395873,2.2293924403190615,2.363239312171936,2.35511736869812,6539392.0
06/18/2001,2.312967790267645,2.357448016218187,2.299129581541456,2.3139562606811523,2855200,0.0,0.0,-,1.859919520020485,2.220302131175995,2.366424870491028,2.36138973236084,6572896.0
06/15/2001,2.3198872258667707,2.332737154545633,2.2635457239725523,2.291222333908081,4951200,0.0,0.0,-,1.8559441983699798,2.2137348031997686,2.3713423132896425,2.371224617958069,6576496.0
06/14/2001,2.3090149009762047,2.3287837505340576,2.296164969658657,2.3287837505340576,2642400,0.005375,0.0,-,1.8520825463533401,2.205895531177521,2.376064491271973,2.3865888833999636,6598128.0
06/13/2001,2.366921049867888,2.3688943514493586,2.3047635555267334,2.3047635555267334,2824800,0.0,0.0,-,1.8480024653673173,2.1959484386444093,2.380733919143677,2.3896132707595825,6687312.0
06/12/2001,2.3669215883494226,2.3698815413950265,2.3087104957436204,2.367908239364624,2051200,0.0,0.0,-,1.84416497528553,2.1874683737754825,2.3805859804153444,2.38754141330719,6785344.0
06/11/2001,2.3777745613321977,2.3866542322845703,2.3629751724730568,2.367908239364624,6942400,0.0,0.0,-,1.8398892718553543,2.177108771800995,2.373580825328827,2.3816217184066772,6945952.0
06/08/2001,2.389612533571297,2.427104496448355,2.376786454598193,2.4123051166534424,2196800,0.0,0.0,-,1.8358585506677627,2.167735781669617,2.3664770841598513,2.3792538166046144,6942336.0
06/07/2001,2.370866515165214,2.3975053209925443,2.2692437907046967,2.3856658935546875,15580000,0.0,0.0,-,1.8314527308940887,2.156734895706177,2.3569561719894407,2.3738275289535524,7023152.0
06/06/2001,2.4349977215841543,2.460650069927353,2.3915860406814837,2.4063854217529297,7270400,0.0,0.0,-,1.8268738800287248,2.147870078086853,2.341811442375183,2.3720517635345457,6849120.0
06/05/2001,2.432038559818896,2.441904879798396,2.4152658723090665,2.4349985122680664,14144000,0.0,0.0,-,1.8222220516204835,2.1388375329971314,2.3278013825416566,2.371361255645752,6811216.0
06/04/2001,2.420198131756351,2.45670325603818,2.3876394209338136,2.4123051166534424,9229600,0.0,0.0,-,1.817274044752121,2.129356019496918,2.3134953022003173,2.3714600086212156,6618064.0
06/01/2001,2.3580415927859275,2.478410365488213,2.3481752721765647,2.4448649883270264,6379200,0.0,0.0,-,1.8126232439279557,2.120081732273102,2.3001759171485903,2.3714600086212156,6546912.0
05/31/2001,2.267271186474032,2.3787602601667297,2.263324772177354,2.359027624130249,5485600,0.0,0.0,-,1.8085292780399322,2.111512863636017,2.2856725096702575,2.365540099143982,6585744.0
05/30/2001,2.3087106939470807,2.3728415099653,2.275165309288113,2.284044981002808,12160800,0.0,0.0,-,1.8049869900941848,2.1052773928642274,2.275460970401764,2.371854567527771,6631520.0
05/29/2001,2.339296729619925,2.343243335039079,2.303778221770058,2.308711290359497,8450400,0.0,0.0,-,1.8016205674409866,2.1001716065406804,2.2720570802688598,2.3736305475234984,6460848.0
05/25/2001,2.369881583643218,2.382707670700609,2.3185768590447697,2.344229221343994,3728000,0.0,0.0,-,1.7979470789432526,2.0927225351333623,2.2650519609451294,2.3655399322509765,6420960.0
05/24/2001,2.3629754958940445,2.3777748867787816,2.3333765259401056,2.3580422401428223,6632800,0.0,0.0,-,1.7944328474998474,2.085426409244538,2.2588361740112304,2.353700351715088,6456032.0
05/23/2001,2.40737333905048,2.408359990065681,2.3087104957436204,2.367908239364624,8515200,0.0,0.0,-,1.7905739480257035,2.0779773616790775,2.250252401828766,2.34008481502533,6473456.0
05/22/2001,2.4468384629568,2.453745020131575,2.367908262803784,2.3994803428649902,4639200,0.0,0.0,-,1.7866044747829437,2.071687607765198,2.2353543043136597,2.3115711212158208,6331664.0
05/21/2001,2.386654612510128,2.444865714389726,2.355082527731594,2.435986042022705,4200000,0.0,0.0,-,1.7819871717691422,2.065259728431702,2.2185322403907777,2.284241509437561,6272336.0
05/18/2001,2.3866527705229093,2.4211847821672547,2.326468412748031,2.4123051166534424,6612000,0.0,0.0,-,1.777156720161438,2.059458355903626,2.2013648629188536,2.255530595779419,6240208.0
05/17/2001,2.4172379509680466,2.422171014369769,2.3580402492258457,2.3856658935546875,10095200,0.0,0.0,-,1.7725671637058258,2.054130601882935,2.1877001762390136,2.2288918256759644,6209216.0
05/16/2001,2.2722049551623136,2.450784617895032,2.249512362115865,2.42217230796814,11799200,0.0,0.0,-,1.7682639175653458,2.0489656257629396,2.1758607268333434,2.2058049201965333,6152208.0
05/15/2001,2.231754232633427,2.31660417402499,2.213994885681742,2.301804780960083,7257600,0.0,0.0,-,1.7636862677335738,2.042453889846802,2.159433400630951,2.179067373275757,5961040.0
05/14/2001,2.1912998332339986,2.2672702044289825,2.190313371225378,2.2278051376342773,5715200,0.0,0.0,-,1.7597717034816742,2.0376095438003543,2.142266047000885,2.170483613014221,5850000.0
05/11/2001,2.219913698813242,2.2396463402986813,2.198207943726791,2.2258334159851074,4334400,0.0,0.0,-,1.7565333634614944,2.034121851921082,2.1255921125411987,2.1645639896392828,5840752.0
05/10/2001,2.082772304481422,2.224846637569317,2.082772304481422,2.2218868732452397,11257600,0.0,0.0,-,1.7532972294092177,2.030550265312195,2.106550174951553,2.163971996307373,5860752.0
05/09/2001,2.088691015250734,2.088691015250734,2.065998621502529,2.0827713012695312,7989600,0.0,0.0,-,1.7497822546958923,2.0275509119033814,2.084647035598755,2.160419988632202,5727872.0
05/08/2001,2.1409838023145644,2.15578319136229,2.1212511581279694,2.126184225082397,4768000,0.0,0.0,-,1.7471772181987761,2.0293456077575684,2.076211428642273,2.159137487411499,5660912.0
05/07/2001,2.121251240148759,2.157756576850151,2.120264589082835,2.148876905441284,5860000,0.0,0.0,-,1.744140756726265,2.031502952575684,2.0681210339069365,2.152822971343994,5619136.0
05/04/2001,2.157757042782107,2.157757042782107,2.086719656171822,2.1459174156188965,12788000,0.0,0.0,-,1.740745850801468,2.030744686126709,2.05656515955925,2.1471991300582887,5581024.0
05/03/2001,2.1301311242033063,2.160716557562422,2.1301311242033063,2.154796838760376,7611200,0.0,0.0,-,1.7375494754314422,2.0300456094741826,2.0485487818717956,2.146508526802063,5403504.0
05/02/2001,2.214981242498656,2.2445800246933527,2.1508502341027,2.154796838760376,5366400,0.0,0.0,-,1.7345536869764329,2.029415102005005,2.0357718765735626,2.145916533470154,5348864.0
05/01/2001,2.170582364684394,2.24457949075318,2.121250947305203,2.2159671783447266,7771200,0.0,0.0,-,1.7317416334152222,2.0311232614517216,2.0196034908294678,2.139799427986145,5462128.0
04/30/2001,2.2238602227929274,2.229779939752928,2.160715885210084,2.168608903884888,2972000,0.0,0.0,-,1.7289299619197847,2.0285308170318608,2.0028431475162507,2.114048480987549,5430096.0
04/27/2001,2.17156872273675,2.231753104041369,2.154796035562564,2.219913482666016,5526400,0.0,0.0,-,1.7259263586997986,2.0259008312225344,1.9869091093540192,2.086620235443115,5545520.0
04/26/2001,2.0748779579476144,2.1972197605604395,2.0719180073336525,2.1863667964935303,6957600,0.0,0.0,-,1.72272747695446,2.022244753837586,1.9708763718605042,2.0491283535957336,5640064.0
04/25/2001,2.0669865243705625,2.076852657589592,2.0620532695766194,2.0699462890625,3663200,0.0,0.0,-,1.7191451215744018,2.0193827009201053,1.9546710729599,2.0088740825653075,5727136.0
04/24/2001,2.0807983979268485,2.086718113038565,2.031466999565727,2.0630390644073486,3447200,0.0,0.0,-,1.716114245057106,2.0187259674072267,1.9482950091362,1.9932853698730468,5840304.0
04/23/2001,2.116317736918196,2.172555518796444,2.0817857094642718,2.0926384925842285,3219200,0.0,0.0,-,1.713056657910347,2.0182073783874515,1.942880964279175,1.9834190964698792,5972080.0
04/20/2001,2.1508508239073345,2.163677104377525,2.081786917119569,2.1390113830566406,1594400,0.0,0.0,-,1.7098510736227035,2.0204201602935794,1.9362951815128326,1.9659311890602111,6010192.0
04/19/2001,2.117304635885063,2.1834087518263794,2.091652460908835,2.148876905441284,3438400,0.0,0.0,-,1.7073935562372207,2.0246596145629887,1.926774150133133,1.9505890369415284,6191424.0
04/18/2001,1.9712838622956992,2.1291444731025604,1.9584577735268047,2.093625783920288,6122400,0.0,0.0,-,1.7051316940784453,2.0257476282119753,1.9201513826847076,1.9256272196769715,6270288.0
04/17/2001,1.840062207147134,1.9732570989641032,1.8351291396735083,1.9584577083587649,4143200,0.0,0.0,-,1.7030235987901687,2.027202138900757,1.917832797765732,1.8994075536727906,6264128.0
04/16/2001,1.886433429413067,1.936751308098022,1.840061777965228,1.894326448440552,5736800,0.0,0.0,-,1.7017750775814056,2.0307446002960208,1.9213476955890656,1.8916378140449523,6264640.0
04/12/2001,1.80848934086167,1.875580083295478,1.800596323409715,1.8449946641922,15067200,0.0,0.0,-,1.7012759321928024,2.0376621675491338,1.9234442591667176,1.887197983264923,6255952.0
04/11/2001,1.9091259343966824,1.9180056047852028,1.7759310667532993,1.78382408618927,13699200,0.0,0.0,-,1.700839712023735,2.045812547206879,1.930165672302246,1.8926243901252746,6064624.0
04/10/2001,1.9653638868858043,1.997922618323702,1.886433685880127,1.9140591621398928,4842400,0.0,0.0,-,1.7003112417459487,2.0529707336425784,1.9402539610862732,1.9004680633544921,5920752.0
04/09/2001,1.9476036468702371,2.071918797289745,1.937737329246272,1.9643763303756716,3403200,0.0,0.0,-,1.6990397304296494,2.0575242185592653,1.9472220301628114,1.903304648399353,5909808.0
04/06/2001,1.9300922740638748,1.9609240366358056,1.905426562911223,1.9177594184875488,4707200,0.0,0.0,-,1.6972104048728942,2.0585480761528014,1.952907532453537,1.9023428320884705,5914096.0
04/05/2001,1.894635423137538,1.99175666638117,1.8869270115905667,1.985589861869812,3035200,0.0,0.0,-,1.6953079354763032,2.0617966866493225,1.9643154323101044,1.9066591739654541,5978976.0
04/04/2001,1.8268030572401104,1.9239244306242311,1.8129287903959104,1.8992587327957156,6032800,0.0,0.0,-,1.6933725422620773,2.0631963443756103,1.9723318099975586,1.9029592633247376,6085584.0
04/03/2001,1.8745937348247008,1.899259441861868,1.812929467231783,1.831429123878479,7101600,0.0,0.0,-,1.6916544443368913,2.066568796634674,1.9837397277355193,1.9146755456924438,6047728.0
04/02/2001,1.8684274600429305,1.9670902763425555,1.862260657655428,1.8807603120803835,7726400,0.0,0.0,-,1.6905204784870147,2.0703438901901245,1.9969975471496582,1.936258041858673,6190464.0
03/30/2001,1.899259557723999,1.960923829078674,1.8252624320983888,1.8499281406402588,10081600,0.0,0.0,-,1.6889561182260513,2.071132199764252,2.0059389054775236,1.9510575771331786,6273744.0
03/29/2001,1.849927337138684,1.93009123145004,1.8129287903959104,1.8992587327957156,6761600,0.0,0.0,-,1.6870067131519317,2.0752450919151304,2.0161135256290437,1.9596905350685119,6413984.0
03/28/2001,1.9331749120053745,1.9331749120053745,1.843761915196464,1.862260818481445,6237600,0.0,0.0,-,1.6852077376842498,2.0797253465652465,2.0235132932662965,1.9677069544792176,6778704.0
03/27/2001,1.960923918469351,1.960923918469351,1.8684278835896575,1.942425012588501,6878400,0.0,0.0,-,1.6838075667619705,2.0830376815795897,2.033996212482452,1.980039858818054,6823520.0
03/26/2001,1.9747984948914432,1.985589932710197,1.9300924538170292,1.9547581672668457,5375200,0.0,0.0,-,1.682281476855278,2.0834543180465697,2.0455002665519713,1.9911394119262695,6816112.0
03/23/2001,1.9609228372573853,1.9794224856756368,1.9362571411912548,1.9609228372573853,4486400,0.0,0.0,-,1.6806631815433501,2.083747379779816,2.059464931488037,2.0034722328186034,6868288.0
03/22/2001,2.0010051920296146,2.0102550198760216,1.9362579025799715,1.9485907554626465,5672000,0.0,0.0,-,1.6796249628067017,2.0830862975120543,2.0669669687747954,2.0219716906547545,6932656.0
03/21/2001,2.047253308240174,2.0780858127450728,1.9979219032223383,2.0164215564727783,8320800,0.0,0.0,-,1.678892759680748,2.0807947731018066,2.075085610151291,2.0417043566703796,6941520.0
03/20/2001,2.0133385435295947,2.1212512211627272,2.0102555177297936,2.0472540855407715,7774400,0.0,0.0,-,1.6778824949264526,2.07874675989151,2.080428105592728,2.052803909778595,6965680.0
03/19/2001,1.9300927936543049,2.041088523721831,1.9300927936543049,2.0287556648254395,3627200,0.0,0.0,-,1.6767180675268174,2.075466659069061,2.0900756418704987,2.0577370524406433,6948176.0
03/16/2001,1.991755929101027,2.02875448426014,1.9362577199935915,1.9362577199935915,6456000,0.0,0.0,-,1.6758599454164504,2.0726796317100527,2.092955106496811,2.060820233821869,7120240.0
03/15/2001,1.967090076120628,2.022587528271536,1.967090076120628,1.979422926902771,5481600,0.0,0.0,-,1.6765028417110444,2.0684499311447144,2.0979977011680604,2.072536516189575,7221712.0
03/14/2001,1.9732570055849064,2.0472541432943405,1.911592724160378,1.985589861869812,7504000,0.0,0.0,-,1.6768611770868302,2.061972191333771,2.100882035493851,2.0793196320533753,7215328.0
03/13/2001,2.073460866636119,2.0780862513859915,2.010255178799983,2.0534205436706543,1425600,0.0,0.0,-,1.676799231171608,2.055494210720062,2.1037657499313354,2.0879525661468508,7239888.0
03/12/2001,2.115084939985224,2.1397506491819165,2.0657535215918394,2.078086376190185,1672800,0.0,0.0,-,1.6765203201770782,2.0479057836532593,2.1029502034187315,2.0998611211776734,7375072.0
03/09/2001,2.138209002555884,2.19524885046071,2.047254545935269,2.1459174156188965,2593600,0.0,0.0,-,1.6758737188577653,2.0399471282958985,2.1009013652801514,2.115457630157471,7488240.0
03/08/2001,2.1197102790436726,2.19524885046071,2.065754210369928,2.1459174156188965,5062400,0.0,0.0,-,1.6756515842676163,2.02940096616745,2.103769373893738,2.1119622468948362,7522752.0
03/07/2001,2.098126003065217,2.1335831364360183,2.0842517344374976,2.127417087554932,7244800,0.0,0.0,-,1.6753683573007583,2.01934716463089,2.114022707939148,2.108466863632202,7552080.0
03/06/2001,2.0595869442995856,2.1212512240690344,2.0333798135820174,2.096585512161255,2240800,0.0,0.0,-,1.674994357228279,2.00818630695343,2.1178157329559326,2.10805230140686,7507776.0
03/05/2001,2.0719203377912145,2.0965860560982525,2.02875570712289,2.0595874786376958,1705600,0.0,0.0,-,1.674682887196541,1.9966573739051818,2.1213040232658384,2.122414231300354,7535920.0
03/02/2001,2.0472537403729887,2.1397505206743346,1.9979223249423144,2.0534205436706543,5252800,0.0,0.0,-,1.6745258623361587,1.986976180076599,2.1251036882400514,2.125089979171753,7574768.0
03/01/2001,2.0780866017521475,2.0842526533517494,1.9485912380448307,2.0472540855407715,5334400,0.0,0.0,-,1.6752854710817338,1.9771721696853637,2.134442901611328,2.1234588861465453,7528352.0
02/28/2001,2.1736650469007537,2.176748824553345,2.0410874481792365,2.071919202804565,4613600,0.005375,0.0,-,1.676259190440178,1.9672453165054322,2.1447058796882628,2.122444438934326,7514752.0
02/27/2001,2.2278953825507437,2.2340501653200624,2.1417336826730904,2.172506093978882,4641600,0.0,0.0,-,1.6767735904455185,1.9571944165229798,2.148196589946747,2.1195789337158204,7495808.0
02/26/2001,2.117117286725461,2.2402055010699646,2.117117286725461,2.234051465988159,2679200,0.0,0.0,-,1.6765101438760757,1.945501036643982,2.146657955646515,2.10603928565979,7465312.0
02/23/2001,2.1109635829925537,2.117117619040332,2.000184172693932,2.1109635829925537,3954400,0.0,0.0,-,1.6757862466573714,1.9334383749961852,2.1357338428497314,2.086345100402832,7471344.0
02/22/2001,2.1232724063590678,2.1540440891398727,2.0863459362595265,2.1109635829925537,3912000,0.0,0.0,-,1.6758610612154008,1.9238374710083008,2.134195160865784,2.0955765008926392,7501424.0
02/21/2001,2.1940466048374185,2.20789383716976,2.1232714653015137,2.1232714653015137,4879200,0.0,0.0,-,1.6755693286657334,1.9160828852653504,2.131425619125366,2.119578552246094,7551728.0
02/20/2001,2.086344966189175,2.27097723083996,2.086344966189175,2.2402048110961914,11029600,0.0,0.0,-,1.675246610045433,1.906728174686432,2.1286561131477355,2.127579164505005,7503712.0
02/16/2001,2.0386482891856024,2.129425443285747,2.018646084964524,2.086344957351685,6169600,0.0,0.0,-,1.6740643173456191,1.89503479719162,2.117655062675476,2.1201938152313233,7336480.0
02/15/2001,2.030954829209927,2.0555724635033803,2.0186460120632,2.037109613418579,8743200,0.0,0.0,-,1.6732236987352371,1.8855570030212403,2.109346604347229,2.1251173973083497,7285152.0
02/14/2001,2.049418430565306,2.067881280650107,2.0001831619783985,2.037109613418579,10253600,0.0,0.0,-,1.6733012360334396,1.8763253664970398,2.1102697610855103,2.1454269170761107,7199136.0
02/13/2001,2.037110116162661,2.0924994313573264,2.037110116162661,2.043264150619507,11311200,0.0,0.0,-,1.6735925942659378,1.8663552236557006,2.114577853679657,2.1669673204421995,7108352.0
02/12/2001,2.0355702600046603,2.07403606485876,2.0186460120632,2.037109613418579,9321600,0.0,0.0,-,1.6735171860456466,1.8557696318626404,2.1138085246086122,2.176814246177673,6994800.0
02/09/2001,2.184815419179301,2.184815419179301,2.037109613418579,2.037109613418579,10036000,0.0,0.0,-,1.6731060111522675,1.8455533146858216,2.110115885734558,2.1872766256332397,6952256.0
02/08/2001,2.314056907952165,2.314056907952165,2.1171158945094275,2.203277587890625,5124800,0.0,0.0,-,1.6730613756179809,1.835139057636261,2.106730967760086,2.185122585296631,6883712.0
02/07/2001,2.1971242564210898,2.357138880792044,2.190969472156145,2.3509840965271,10656000,0.0,0.0,-,1.6723080730438233,1.823243224620819,2.092960524559021,2.172813820838928,6894064.0
02/06/2001,2.1432719350397047,2.2217411835360545,2.141733521189769,2.203277587890625,7381600,0.0,0.0,-,1.67075514793396,1.8075337600708008,2.0671120464801787,2.1432726860046385,6710672.0
02/05/2001,2.190968946977095,2.221741358384448,2.141733689741655,2.166351318359375,5814400,0.0,0.0,-,1.6700018453598022,1.7949012112617493,2.052649211883545,2.1297330617904664,6633696.0
02/02/2001,2.227896558213633,2.2463601649944493,2.1171171713411323,2.135580778121948,4168800,0.0,0.0,-,1.6701051688194275,1.7828844022750854,2.0384940981864927,2.115116310119629,6621120.0
02/01/2001,2.258668413196574,2.289440081669734,2.197124324979645,2.2402048110961914,5302400,0.0,0.0,-,1.6698430800437927,1.7716057896614075,2.0261852741241455,2.0935758113861085,6630688.0
01/31/2001,2.141734287387035,2.2648224648230717,2.129425469643431,2.252513647079468,5500800,0.0,0.0,-,1.669210593700409,1.759585349559784,2.0004136681556703,2.0751126050949096,6632016.0
01/30/2001,2.141733407974243,2.215586284111286,2.1171157825952287,2.141733407974243,6505600,0.0,0.0,-,1.6690052831172943,1.7474414992332459,1.9705647826194763,2.0621883869171143,6647744.0
01/29/2001,2.012491250369571,2.1478881899541498,2.012491250369571,2.141733407974243,4295200,0.0,0.0,-,1.6699036824703217,1.7380043983459472,1.9465626537799836,2.050802803039551,6655296.0
01/26/2001,2.080190319130904,2.086345103994431,2.012492193256056,2.0155692100524902,3617600,0.0,0.0,-,1.6707715392112732,1.7284445333480836,1.9231759428977966,2.0329551458358766,6754048.0
01/25/2001,2.0571107250597964,2.1232711757630462,1.9940282296852243,2.080189943313598,7951200,0.0,0.0,-,1.6723313081264495,1.7236180734634399,1.9064051628112793,2.028339350223541,6891168.0
01/24/2001,2.026339679047464,2.141734480144021,2.024801076691039,2.055572748184204,8365600,0.0,0.0,-,1.6730181634426118,1.7146751308441162,1.883326131105423,2.0131072282791136,6857056.0
01/23/2001,2.018646075612023,2.074036130151312,2.012492042480213,2.0678813457489014,4140000,0.0,0.0,-,1.6735226547718047,1.7068384790420532,1.8627088606357574,1.990951406955719,6908624.0
01/22/2001,1.9232518965965293,2.080189454502308,1.920174881079053,2.020183801651001,14238400,0.0,0.0,-,1.6738739645481109,1.7007202172279359,1.8377835035324097,1.9755653619766236,6936560.0
01/19/2001,2.055572801675552,2.0617275868967577,1.901712937664529,1.9201757907867432,11890400,0.0,0.0,-,1.674341583251953,1.694174554347992,1.8127812564373016,1.9618718862533568,6911936.0
01/18/2001,2.129425661292619,2.129425661292619,2.049418714393844,2.055572748184204,17093600,0.0,0.0,-,1.67543142080307,1.6884318947792054,1.7955488562583923,1.9587947368621825,6770544.0
01/17/2001,2.049418557834864,2.129425498621756,2.01864613742178,2.1232714653015137,24997600,0.0,0.0,-,1.6760886371135713,1.6802268624305725,1.7709312200546266,1.9257147312164307,6624672.0
01/16/2001,1.950947659088272,2.0555722166350514,1.9386388434197983,2.0278775691986084,8478400,0.0,0.0,-,1.6772320723533631,1.670176727771759,1.7423132181167602,1.8789411783218384,6781072.0
01/12/2001,1.969410869268652,1.969410869268652,1.9386392000716417,1.9632568359375,6508000,0.0,0.0,-,1.677936134338379,1.6568160939216614,1.719388049840927,1.8423225045204163,7032640.0
01/11/2001,1.9032517202528425,1.9940288946032525,1.9017131177107105,1.9694112539291384,7984000,0.0,0.0,-,1.6794825601577759,1.643458640575409,1.7006170630455018,1.8133967399597168,7168448.0
01/10/2001,1.8340136241779736,1.9278687238693235,1.8340136241779736,1.927868723869324,7704800,0.0,0.0,-,1.679959688782692,1.6297325277328492,1.683692419528961,1.7844709753990173,7140928.0
01/09/2001,1.895558646861339,1.920176291625772,1.82170571256804,1.8340145349502563,6115200,0.0,0.0,-,1.6806139838695526,1.6168372654914855,1.6688449025154113,1.7535450339317322,7350960.0
01/08/2001,1.957101368047072,1.969410181682588,1.8586308589629423,1.9140208959579468,9528800,0.0,0.0,-,1.68134046792984,1.6056962966918946,1.66330589056015,1.734466314315796,7312240.0
01/05/2001,1.847861006909821,1.9386390978306376,1.8463225925669948,1.883249044418335,6899200,0.0,0.0,-,1.6817585551738738,1.5934463381767272,1.6503816425800324,1.7000016450881958,7204192.0
01/04/2001,1.7324666498012478,1.9263307578764255,1.7293896325354887,1.889404296875,12230400,0.0,0.0,-,1.6823305016756058,1.58205739736557,1.638995987176895,1.6636906266212463,7208752.0
01/03/2001,1.667844979940381,1.7416978775479877,1.6309185311365777,1.7247726917266846,11529600,0.0,0.0,-,1.6832076650857926,1.5709136986732484,1.6251485347747803,1.6323029756546021,7107328.0
01/02/2001,1.6724603685825248,1.6739987825871503,1.6493811534314569,1.6555359363555908,5162400,0.0,0.0,-,1.6841138118505479,1.5628170680999756,1.617686289548874,1.6161477088928222,7048352.0
12/29/2000,1.667845617305661,1.6801544382773972,1.658613813759156,1.6616908311843872,8732000,0.0,0.0,-,1.685854863524437,1.5570874524116516,1.6118396162986754,1.605685257911682,7050496.0
12/28/2000,1.6801539747537872,1.6863080079064652,1.6616903727545458,1.6739991903305054,8184800,0.0,0.0,-,1.6883287644386291,1.5495157480239867,1.6044543027877807,1.596453595161438,6989424.0
12/27/2000,1.6016843499361328,1.6801536083221436,1.6016843499361328,1.6801536083221436,7331200,0.0,0.0,-,1.6892138797044753,1.5420662236213685,1.5970690310001374,1.5878373861312867,6878144.0
12/26/2000,1.6555357487453992,1.6555357487453992,1.600145713786841,1.6186093091964722,4319200,0.0,0.0,-,1.6893351423740386,1.5347391915321351,1.5888811886310577,1.582913863658905,6825200.0
12/22/2000,1.575528474036862,1.64938137125734,1.5693744415704156,1.6432273387908936,6528800,0.0,0.0,-,1.6893212234973907,1.5302392530441284,1.588375020027161,1.5841447710990906,6898528.0
12/21/2000,1.5262929778650671,1.5755282352155533,1.5262929778650671,1.5693742036819458,5029600,0.0,0.0,-,1.6891383999586105,1.5235279679298401,1.5844891965389252,1.5921454668045043,6889216.0
12/20/2000,1.563219331841576,1.5739896376823508,1.5201388597488403,1.5201388597488403,3648000,0.0,0.0,-,1.6894164770841598,1.5192760157585143,1.5846029937267303,1.600761640071869,6850912.0
12/19/2000,1.564757483816912,1.5755277872085571,1.5570649465873032,1.5755277872085571,3648000,0.0,0.0,-,1.6900323671102524,1.5163771247863769,1.5868715941905975,1.6143013477325439,6806192.0
12/18/2000,1.557065990200499,1.569374809287971,1.550911205021415,1.5632200241088867,2932000,0.0,0.0,-,1.6904324024915696,1.5126160192489624,1.5866777122020719,1.6179940938949584,6780144.0
12/15/2000,1.5693750334479746,1.6001467099265447,1.5386026056986006,1.5509114265441897,4654400,0.0,0.0,-,1.6911688798666,1.508487150669098,1.5904758512973785,1.6192248702049254,6823392.0
12/14/2000,1.5878370495531748,1.5939918323571889,1.5632194208779318,1.5693742036819458,3666400,0.0,0.0,-,1.691661451458931,1.5069373726844788,1.5951963365077972,1.6179939746856689,6939264.0
12/13/2000,1.6324569290564943,1.6493811736735262,1.5693742535708464,1.5878371000289917,3116800,0.0,0.0,-,1.6923977035284041,1.5041588377952575,1.6002215445041656,1.6124550104141235,6968800.0
12/12/2000,1.6247636003858803,1.6616900458491957,1.6124547852314417,1.6309183835983276,2980800,0.0,0.0,-,1.6915754812955857,1.5000287699699402,1.6040166974067689,1.606300675868988,6973744.0
12/11/2000,1.6986164913125112,1.7232341216213882,1.6063007532894509,1.6309183835983276,5458400,0.0,0.0,-,1.6904887360334397,1.495896556377411,1.611183089017868,1.5948485136032104,7012192.0
12/08/2000,1.6493813974516731,1.7293890796797444,1.6493813974516731,1.7232342958450315,6427200,0.0,0.0,-,1.6898894321918487,1.4915187811851502,1.6112893104553223,1.5926052689552308,6998448.0
12/07/2000,1.6616899680093036,1.6616899680093036,1.618609492622051,1.6555359363555908,2478400,0.0,0.0,-,1.6879450684785844,1.4850491166114808,1.6083146035671234,1.576832926273346,7050784.0
12/06/2000,1.6001458951200702,1.6739987825871503,1.5878370805422235,1.6555359363555908,2668000,0.0,0.0,-,1.686065012216568,1.4795650720596314,1.6136362195014953,1.5684443473815919,7083296.0
12/05/2000,1.5878376114459436,1.6370728862194612,1.563219974059185,1.6124552488327026,3603200,0.0,0.0,-,1.684245885014534,1.4742038035392762,1.6155044555664062,1.5594418406486512,7180832.0
12/04/2000,1.5386013546958566,1.6001454088836908,1.5324473249121695,1.5755277872085571,4442400,0.0,0.0,-,1.6825507682561875,1.4699497199058533,1.6165338337421418,1.5553613305091858,7202336.0
12/01/2000,1.50783079755996,1.569374896414025,1.50783079755996,1.5386024713516235,5714400,0.0,0.0,-,1.6810402888059617,1.4664341855049132,1.620023500919342,1.5617268323898315,7351280.0
11/30/2000,1.526293378535325,1.5386021961041585,1.507830527817377,1.5139845609664917,5633600,0.0,0.0,-,1.679562109708786,1.4640255188941955,1.6241316139698028,1.5723986983299256,7352864.0
11/29/2000,1.5262937545776367,1.5386025751790693,1.5078308993108822,1.5262937545776367,7194400,0.00475,0.0,-,1.6786030650138855,1.462723126411438,1.6164246797561646,1.5879880785942078,7312256.0
11/28/2000,1.5962067223474363,1.6023463536823368,1.4672827079452462,1.5163967609405518,6608800,0.0,0.0,-,1.6778566545248033,1.4611745500564575,1.6048792004585266,1.6017327189445496,7364208.0
11/27/2000,1.5609065838505294,1.6084859371185305,1.5593718627026971,1.6084859371185305,5642400,0.0,0.0,-,1.677433915734291,1.4605606317520141,1.5932146430015564,1.6275176644325255,7345776.0
11/24/2000,1.565510869026184,1.5716497511561371,1.528675327983462,1.565510869026184,1486400,0.0,0.0,-,1.676550731062889,1.4589644408226012,1.5769456267356872,1.6299733519554138,7339200.0
11/22/2000,1.562441072500107,1.571650147438049,1.5470931138843298,1.571650147438049,3532800,0.0,0.0,-,1.6759738159179687,1.4583505225181579,1.5625183880329132,1.6397962808609008,7474800.0
11/21/2000,1.5593712374752298,1.6146249237498134,1.5532323553452767,1.565510869026184,5185600,0.0,0.0,-,1.6754880648851396,1.4577366018295288,1.54901202917099,1.6588280916213989,7492576.0
11/20/2000,1.6023468140907935,1.633042731322348,1.540954230206495,1.571650147438049,4647200,0.0,0.0,-,1.67512440264225,1.457859387397766,1.5364265859127044,1.6715670704841614,7441488.0
11/17/2000,1.6269042859303382,1.6576002114313335,1.6269042859303382,1.6391828060150146,5368800,0.0,0.0,-,1.6745777201652527,1.4581049633026124,1.5244550466537476,1.6777063369750977,7443232.0
11/16/2000,1.6591342737860602,1.676017795215978,1.6453211307525637,1.6453211307525637,6287200,0.0,0.0,-,1.6736933743953706,1.4576138138771058,1.5084929645061496,1.6783201694488525,7682192.0
11/15/2000,1.669878363609314,1.7435494678861956,1.559371707193992,1.669878363609314,6883200,0.0,0.0,-,1.6730220568180085,1.4542986178398132,1.4946796655654908,1.6758645296096801,7887920.0
11/14/2000,1.774246859559524,1.780385746042006,1.5900690237620752,1.663740158081055,9232800,0.0,0.0,-,1.6707961040735244,1.4522112679481507,1.4753410279750825,1.6448612809181213,7793472.0
11/13/2000,1.625368436478949,1.7926636180070146,1.6084858490336913,1.7742462158203125,10473600,0.0,0.0,-,1.6686617743968963,1.4500492477416993,1.457230168581009,1.6080256819725036,7674496.0
11/10/2000,1.6575998471195537,1.6698783645056243,1.6084857775752706,1.633042812347412,6245600,0.0,0.0,-,1.6660053765773772,1.4459220886230468,1.434207957983017,1.5589116215705872,7555728.0
11/09/2000,1.7404807356412753,1.7435501788825165,1.6453219997905435,1.663740158081055,10944000,0.0,0.0,-,1.6641159242391586,1.4429041314125062,1.4222364366054534,1.523917901515961,7522208.0
11/08/2000,1.6698789667260645,1.7926641848676867,1.663740080529732,1.7619682550430298,5536800,0.0,0.0,-,1.6621034526824952,1.4400071668624879,1.4044325828552247,1.4852404952049256,7430384.0
11/07/2000,1.6345773292973966,1.7005749178572374,1.6207641855260482,1.6929006576538086,13007200,0.0,0.0,-,1.6597217011451721,1.43514564037323,1.3841729998588561,1.4391959667205811,7415456.0
11/06/2000,1.649925399042646,1.651460963137132,1.6146254109789195,1.633042812347412,4820800,0.0,0.0,-,1.6573806369304658,1.4315429782867433,1.3682876825332642,1.4012861013412476,7241408.0
11/03/2000,1.608485583049148,1.669878162554841,1.5962070671480093,1.6453211307525637,9800000,0.0,0.0,-,1.6553388619422913,1.429627432823181,1.356009167432785,1.3712037563323975,7225232.0
11/02/2000,1.3874728390664766,1.682157335859357,1.3751943183667732,1.6207647323608398,32817600,0.0,0.0,-,1.6536622035503388,1.4269763612747193,1.34158194065094,1.3386657595634461,7146288.0
11/01/2000,1.2923136618805569,1.3629153184340064,1.2585483038951384,1.3598458766937256,21056800,0.0,0.0,-,1.6519103038311005,1.4257963466644288,1.3342148303985595,1.3134948015213013,6568800.0
10/31/2000,1.2785007360978429,1.301523053601001,1.2769660148538122,1.295384168624878,13298400,0.0,0.0,-,1.65108218729496,1.429222252368927,1.3377449095249176,1.3058207750320436,6227024.0
10/30/2000,1.2800354199813475,1.289244496598094,1.2585485737707074,1.2831056118011477,6608000,0.0,0.0,-,1.6508505654335022,1.432712483406067,1.3420423865318298,1.3064346551895143,6011520.0
10/27/2000,1.2708270927859275,1.2831056118011477,1.2708270927859275,1.2831056118011477,18206400,0.0,0.0,-,1.6510763800144195,1.4365707659721374,1.3491024911403655,1.3095042943954467,5982256.0
10/26/2000,1.3015231352586014,1.3015231352586014,1.264687574826754,1.2769660949707031,4179200,0.0,0.0,-,1.6510280114412308,1.439816596508026,1.3555486917495727,1.3205549716949463,5877136.0
10/25/2000,1.3138014887863734,1.3322196413772065,1.2953840856168408,1.301522970199585,4126400,0.0,0.0,-,1.6512692898511887,1.4439201736450196,1.3616879403591156,1.3236246705055237,6138768.0
10/24/2000,1.3322201636721185,1.338359050661604,1.3138020038604736,1.3138020038604736,7127200,0.0,0.0,-,1.6518599891662598,1.4504111504554749,1.3656784772872925,1.3291500329971313,6105040.0
10/23/2000,1.3383582455554746,1.3383582455554746,1.3199408462446407,1.3322193622589111,7159200,0.0,0.0,-,1.6527244067192077,1.457146511077881,1.3693620026111604,1.3352892637252807,6046272.0
10/20/2000,1.362915604717349,1.3751941236787666,1.313801528871679,1.319941163063049,8580800,0.0,0.0,-,1.6533748781681061,1.4627173328399659,1.3727385878562928,1.3408145785331727,5946208.0
10/19/2000,1.3015229272309234,1.3997510726823137,1.2831055246694254,1.369055151939392,5269600,0.0,0.0,-,1.6541781383752823,1.4677987813949585,1.3767290830612182,1.3444981217384337,5818752.0
10/18/2000,1.2953841308163674,1.3076626498315873,1.2462700547554877,1.2831056118011477,5678400,0.0,0.0,-,1.6556193053722381,1.4732453370094298,1.3791847825050354,1.354934859275818,5792448.0
10/17/2000,1.3138014887863734,1.3322196413772065,1.2769659330260077,1.301522970199585,2620800,0.0,0.0,-,1.6573074299097061,1.4793084716796876,1.3874727487564087,1.3696690440177917,5771280.0
10/16/2000,1.3751946208632997,1.3751946208632997,1.3076631168709882,1.3138020038604736,4684000,0.0,0.0,-,1.659269050359726,1.4847582840919495,1.39483984708786,1.3776501178741456,5772080.0
10/13/2000,1.2846404268937266,1.3936123847961426,1.2831057055823183,1.3936123847961426,7985600,0.0,0.0,-,1.6614434593915939,1.4880026388168335,1.4034347891807557,1.3887006878852843,5729152.0
10/12/2000,1.3675202273634228,1.3690556984927065,1.2892449237408208,1.307663083076477,6063200,0.0,0.0,-,1.6632492804527284,1.4895283055305482,1.410187989473343,1.3905424118041991,5651696.0
10/11/2000,1.375193997152614,1.381333630779101,1.3567765951156616,1.3567765951156616,3114400,0.0,0.0,-,1.6652106630802155,1.4932629203796386,1.42154558300972,1.3997512102127074,5621264.0
10/10/2000,1.364450511908493,1.387472831777164,1.3629157905067717,1.3751943111419678,1412000,0.0,0.0,-,1.6671397292613983,1.496627721786499,1.4307544589042664,1.4022069215774535,5608992.0
10/09/2000,1.3506369569660288,1.3874725103378296,1.3506369569660288,1.3874725103378296,2345600,0.0,0.0,-,1.668824389576912,1.499256682395935,1.4405772507190704,1.4034347414970398,5645936.0
10/06/2000,1.4611436219746523,1.4734221398063725,1.3506369614891744,1.3567765951156616,5094400,0.0,0.0,-,1.670462886095047,1.5018850708007812,1.450400072336197,1.4046625971794129,5684240.0
10/05/2000,1.424308443069458,1.4979795694351197,1.418169557249712,1.4734225273132324,10448000,0.0,0.0,-,1.6719959169626235,1.5063522815704347,1.463292509317398,1.4089600443840027,5706032.0
10/04/2000,1.375193763649409,1.4672830064614957,1.3629152479025393,1.4304474592208862,5143200,0.0,0.0,-,1.6731589686870576,1.5084559631347656,1.4635994493961335,1.4034347057342529,5559632.0
10/03/2000,1.4243081488896625,1.4304477828627662,1.3690551902382118,1.3813337087631226,3364000,0.0,0.0,-,1.674993863105774,1.5102248525619506,1.4703526198863983,1.4052764534950257,5523024.0
10/02/2000,1.4120291892824504,1.4304473360271004,1.4058903066482753,1.4243077039718628,4903200,0.0,0.0,-,1.6779578131437303,1.5138334584236146,1.4790678918361664,1.4120295763015747,5605520.0
09/29/2000,1.387472587046416,1.4304477764000931,1.387472587046416,1.4120296239852903,4771200,0.0,0.0,-,1.6796406257152556,1.51572514295578,1.486246919631958,1.4181688904762269,5726192.0
09/28/2000,1.384403106850633,1.39975106716156,1.3629155127625716,1.39975106716156,9044000,0.0,0.0,-,1.6812629616260528,1.5168824648857118,1.4897526860237122,1.4298335671424867,5745296.0
09/27/2000,1.3844031510390262,1.3874725933149297,1.3813337087631226,1.3813337087631226,4104000,0.0,0.0,-,1.6834950631856918,1.5190202903747558,1.495709729194641,1.443339955806732,5621408.0
09/26/2000,1.3813336261531552,1.4058906617343558,1.362915474756629,1.3874725103378296,7544800,0.0,0.0,-,1.6856669223308562,1.522506399154663,1.5025876402854919,1.4593019962310791,5649376.0
09/25/2000,1.387472549028564,1.39975106716156,1.3751940308955677,1.39975106716156,4678400,0.0,0.0,-,1.6882345980405808,1.5266046714782715,1.5088523924350739,1.4777197599411012,5608624.0
09/22/2000,1.4089601431166254,1.4304477372046869,1.3015229220975908,1.39975106716156,11889600,0.0,0.0,-,1.6905580872297288,1.5316823077201844,1.5157281160354614,1.496137547492981,5688592.0
09/21/2000,1.4304476582711905,1.442726175726646,1.4058906233602793,1.4181691408157349,5793600,0.0,0.0,-,1.6926987928152084,1.535045051574707,1.521378940343857,1.5176249742507935,5735424.0
09/20/2000,1.4457954950804548,1.455004569746098,1.436586420414811,1.4488649368286133,3603200,0.0,0.0,-,1.6948083299398422,1.5382844114303589,1.5285586833953857,1.523764193058014,6194448.0
09/19/2000,1.4734219696562167,1.4857004860700187,1.4243079040010096,1.4488649368286133,9792000,0.0,0.0,-,1.6969471842050552,1.5387050271034242,1.532672494649887,1.535428786277771,6463584.0
09/18/2000,1.5256058463678792,1.5286760382804168,1.4734223263322814,1.4857008457183838,5687200,0.0,0.0,-,1.6993906855583192,1.5390031480789184,1.53372403383255,1.546106207370758,6673968.0
09/15/2000,1.522536754828946,1.5409549128642508,1.5102582326125835,1.5286763906478882,5313600,0.0,0.0,-,1.7015281516313552,1.5383195638656617,1.5332399785518647,1.5543249487876891,6946672.0
09/14/2000,1.534814953804016,1.5593719930648804,1.522536434173584,1.534814953804016,8266400,0.0,0.0,-,1.703542139530182,1.5367764687538148,1.5290760159492494,1.5496718049049378,7731696.0
09/13/2000,1.571650027903516,1.583928543746512,1.5409541130065918,1.5409541130065918,4421600,0.0,0.0,-,1.705204694867134,1.539030327796936,1.5264425158500672,1.54807950258255,7641280.0
09/12/2000,1.571650147438049,1.6023468140907935,1.5655112637602144,1.571650147438049,2631200,0.0,0.0,-,1.7062283074855804,1.5421413350105286,1.530698400735855,1.5458732843399048,7674640.0
09/11/2000,1.5716504237448523,1.6084859805513725,1.5716504237448523,1.5839289426803589,4734400,0.0,0.0,-,1.7070376098155975,1.5441484665870666,1.5346443951129913,1.5399850249290465,7854080.0
09/08/2000,1.470352574910305,1.6330427352385466,1.455004616257722,1.614625334739685,17316800,0.0,0.0,-,1.707785518169403,1.5466449570655822,1.5359859704971313,1.5353186845779419,7851440.0
09/07/2000,1.553232413743247,1.5716498102465593,1.448864668821047,1.4795613288879397,16573600,0.0,0.0,-,1.7083951532840729,1.5502423977851867,1.5339553833007813,1.5251329064369201,7653408.0
09/06/2000,1.5685803100911606,1.5777893827070912,1.540953841664369,1.565510869026184,2160800,0.00475,0.0,-,1.7097865539789199,1.5558061838150024,1.5420464634895326,1.5333531737327575,7389280.0
09/05/2000,1.5495149579983265,1.580137402053893,1.5372658308506215,1.555639147758484,3284000,0.0,0.0,-,1.7105353170633315,1.5580585670471192,1.5430840373039245,1.5299162030220033,7523616.0
09/01/2000,1.5035805298850846,1.5923865139484406,1.4882693080039644,1.567888259887695,4535200,0.0,0.0,-,1.711546328663826,1.5601409220695495,1.5440027594566346,1.521341860294342,7603120.0
08/31/2000,1.4943940836535998,1.5127681552172767,1.4637716278843718,1.4821449518203735,4569600,0.0,0.0,-,1.7125569194555283,1.560753381252289,1.5394093334674834,1.51215500831604,7676240.0
08/30/2000,1.512767740157664,1.525016868630085,1.5066428021077187,1.5188919305801392,6352800,0.0,0.0,-,1.7143915838003159,1.5618557929992676,1.5387968719005585,1.5084802269935609,7702000.0
08/29/2000,1.5342031542637973,1.537265997102505,1.512767740157664,1.5188919305801392,4790400,0.0,0.0,-,1.7159512758255004,1.563448178768158,1.5375719666481018,1.5048055291175841,7694000.0
08/28/2000,1.5495149342083936,1.5617640611680357,1.5127675533294678,1.5127675533294678,4304800,0.0,0.0,-,1.7174501436948777,1.564183123111725,1.5378782033920289,1.5155235171318053,7721968.0
08/25/2000,1.5066423532968094,1.5587009468900903,1.5066423532968094,1.5372655391693115,4012000,0.0,0.0,-,1.7190100485086441,1.5660204911231994,1.537571942806244,1.5293037652969361,7860720.0
08/24/2000,1.5433899969148837,1.5617640611680357,1.500518426369826,1.5127675533294678,5852800,0.0,0.0,-,1.720629929304123,1.5666329455375672,1.5366532623767852,1.536653256416321,8082176.0
08/23/2000,1.5311408117967045,1.586262254835061,1.5280787170799486,1.5617640018463137,3943200,0.0,0.0,-,1.7224027216434479,1.5655785369873048,1.5400217413902282,1.5427778601646422,8457472.0
08/22/2000,1.4698955154418945,1.53114116191864,1.4576463861465454,1.53114116191864,3968000,0.0,0.0,-,1.7240521812438965,1.5651325297355652,1.5408638715744019,1.5507397532463074,8562032.0
08/21/2000,1.4729578163259704,1.4760206597976928,1.457646589477857,1.4698957204818726,2523200,0.0,0.0,-,1.7261284703016282,1.566154239177704,1.540251410007477,1.5562518715858462,8683344.0
08/18/2000,1.4392723699895442,1.4882688634763857,1.4331474344901096,1.4760197401046753,5144800,0.0,0.0,-,1.7285109865665436,1.5695004653930664,1.544844824075699,1.566663658618927,8949808.0
08/17/2000,1.457646266888764,1.4943936517683127,1.433148010302398,1.445397138595581,12950400,0.0,0.0,-,1.731349478363991,1.5726020526885987,1.5469884335994721,1.566663658618927,9016928.0
08/16/2000,1.506643215486826,1.506643215486826,1.4331484244874686,1.4821449518203735,17260800,0.0,0.0,-,1.7342498463392257,1.5787596917152404,1.5482133626937866,1.5691135168075563,8895488.0
08/15/2000,1.6720062242906528,1.6842553514003742,1.6230097158517676,1.626071810722351,2440000,0.0,0.0,-,1.736875239610672,1.5851597952842713,1.5494382321834563,1.5703384041786195,8651968.0
08/14/2000,1.6199468439486469,1.665881256683151,1.60463562224627,1.650570034980774,4188800,0.0,0.0,-,1.7387809985876084,1.5889257311820983,1.545916599035263,1.5602328896522524,8752592.0
08/11/2000,1.5678881353485603,1.6291337656356135,1.5678881353485603,1.6107604503631592,2156000,0.0,0.0,-,1.7404122030735016,1.592201702594757,1.5430074036121368,1.5458401203155518,8808288.0
08/10/2000,1.6291343024190934,1.64138343251247,1.574013590812683,1.574013590812683,2208000,0.0,0.0,-,1.742029566168785,1.5971291184425354,1.545151025056839,1.53665326833725,9333680.0
08/09/2000,1.5893243325263844,1.6658811853892768,1.5862622378424307,1.641382932662964,3954400,0.0,0.0,-,1.7437698358297349,1.6069455862045288,1.5448447585105896,1.5372656226158143,9386256.0
08/08/2000,1.574013218120973,1.6107605997001313,1.5617640909279202,1.586262345314026,4620000,0.0,0.0,-,1.7455382090806961,1.6151397275924682,1.5417824685573578,1.5309879899024963,9370032.0
08/07/2000,1.4729577068216488,1.5923869121389636,1.469895611205197,1.574013590812683,2660800,0.0,0.0,-,1.7477646553516388,1.6228784942626953,1.5359641373157502,1.5242509484291076,9330208.0
08/04/2000,1.4698948046052407,1.500517986848096,1.4331474344901096,1.4760197401046753,2537600,0.0,0.0,-,1.7502652364969253,1.631350989341736,1.5304520070552825,1.5230259895324707,9388480.0
08/03/2000,1.457646589477857,1.5066431134939196,1.4270241357816305,1.4698957204818726,4112800,0.0,0.0,-,1.7526779514551163,1.640805916786194,1.5292271018028258,1.5273132085800172,9475984.0
08/02/2000,1.5250170236384473,1.5311412146834078,1.494393825531006,1.494393825531006,4541600,0.0,0.0,-,1.7555470633506776,1.6534378123283386,1.5283083975315095,1.5273132085800172,9454240.0
08/01/2000,1.506642601384211,1.5495149191397233,1.5005184117776351,1.5250166654586792,2500800,0.0,0.0,-,1.7583545112609864,1.6653353762626648,1.5359641015529633,1.5285380601882934,9435024.0
07/31/2000,1.512767277791674,1.5250164025202413,1.5005181530631069,1.5066423416137695,3259200,0.0,0.0,-,1.7610696679353715,1.6758873844146729,1.5445384919643401,1.5316003084182739,9426000.0
07/28/2000,1.5678884444698211,1.5740133825197664,1.512767740157664,1.5188919305801392,4260800,0.0,0.0,-,1.764697839617729,1.6864403676986695,1.5528067111968995,1.5401746869087218,9530912.0
07/27/2000,1.5862620699452856,1.6352585702119005,1.574012944878632,1.5801371335983276,6184000,0.0,0.0,-,1.7682951748371125,1.6966261792182922,1.5622997879981995,1.5536487817764282,9551456.0
07/26/2000,1.5250168558199662,1.592386688038638,1.5066427894519423,1.5786066055297852,3128000,0.0,0.0,-,1.7715862840414047,1.7091302824020387,1.5730177998542785,1.552423894405365,9531472.0
07/25/2000,1.561764254047346,1.561764254047346,1.5066428021077187,1.5188919305801392,3312800,0.0,0.0,-,1.774672150015831,1.7223981094360352,1.5819750010967255,1.5525769472122193,9546144.0
07/24/2000,1.5311408117967045,1.592386444268573,1.5188916853023309,1.5617640018463137,7488800,0.0,0.0,-,1.7778132915496827,1.7355162549018859,1.5899369060993194,1.5476773262023926,9569088.0
07/21/2000,1.4729575119016949,1.5311410590525596,1.4698954166904572,1.5188919305801392,10936800,0.0,0.0,-,1.781317913532257,1.7466773104667663,1.594836550951004,1.5378780245780945,9488208.0
07/20/2000,1.5250171838137552,1.5250171838137552,1.4637715287936772,1.4698957204818726,5726400,0.0,0.0,-,1.7842461615800858,1.7580849123001099,1.59881751537323,1.5311409950256347,9353232.0
07/19/2000,1.5556388405280386,1.5556388405280386,1.4821440921566351,1.5066423416137695,2849600,0.0,0.0,-,1.7878147614002229,1.7712055277824401,1.6021860063076019,1.5293035864830018,9339888.0
07/18/2000,1.5495149579983265,1.580137402053893,1.4943935120199607,1.555639147758484,5502400,0.0,0.0,-,1.7909563302993774,1.7821250224113465,1.6067794501781463,1.543390142917633,9326640.0
07/17/2000,1.6321955927744058,1.635258434507341,1.5801370024681092,1.5923861265182495,5507200,0.0,0.0,-,1.7932294565439224,1.792186794281006,1.6067794501781463,1.5574766755104066,9325680.0
07/14/2000,1.5678889521846064,1.6720069517294716,1.564826855981799,1.653632879257202,8676800,0.0,0.0,-,1.7950603395700455,1.8004139971733093,1.6073919415473938,1.565438735485077,9361120.0
07/13/2000,1.5862623242469454,1.5923865139484406,1.5188917517662048,1.567888259887695,14231200,0.0,0.0,-,1.7966458201408386,1.8057057642936707,1.6031047105789185,1.5709507942199707,9347408.0
07/12/2000,1.4637708192787486,1.5801371335983276,1.4637708192787486,1.5801371335983276,28744800,0.0,0.0,-,1.7985687863826751,1.8154003405570984,1.597712653875351,1.5936117053031922,9145904.0
07/11/2000,1.4637715287936772,1.4698957204818726,1.4515223977896616,1.4698957204818726,17060000,0.0,0.0,-,1.8005217456817626,1.825705223083496,1.5956789791584014,1.6113730549812317,8762880.0
07/10/2000,1.4698951750189044,1.4760201120618237,1.4515218591448418,1.4637709856033323,20311200,0.0,0.0,-,1.8026305466890336,1.8368709588050842,1.6012955248355865,1.6321964859962463,8470288.0
07/07/2000,1.4637707596229843,1.4698949480930896,1.4270233859206571,1.451521635055542,19322400,0.0,0.0,-,1.8044962531328201,1.8466930317878723,1.60996732711792,1.6517950773239136,8257392.0
07/06/2000,1.4760198841904268,1.4821440726605322,1.3964002006884353,1.451521635055542,44564800,0.0,0.0,-,1.8065904808044433,1.858226249217987,1.6189462006092072,1.666494035720825,7973648.0
07/05/2000,1.7393759818943448,1.7638742351604624,1.6352587793270243,1.647507905960083,3745600,0.0,0.0,-,1.8083805841207505,1.8702481579780579,1.6340340733528138,1.6750684261322022,7211920.0
07/03/2000,1.6658812821852962,1.7148777904848636,1.6413830280355124,1.6965044736862185,6089600,0.0,0.0,-,1.8097229719161987,1.878105981349945,1.641766184568405,1.6701687574386597,7227664.0
06/30/2000,1.7026291794191175,1.7393765717806813,1.641383525483178,1.6720067262649536,11603200,0.0,0.0,-,1.8109876477718354,1.8852282333374024,1.6476593911647797,1.6560822248458862,7264480.0
06/29/2000,1.7883724125283271,1.794497349398594,1.6903794036226654,1.70875346660614,4602400,0.0,0.0,-,1.8123596090078353,1.8955284190177917,1.6547774851322175,1.6493451476097107,7242320.0
06/28/2000,1.7332517394261813,1.8067464969786555,1.7332517394261813,1.7944973707199097,7415200,0.0,0.0,-,1.8137683176994324,1.9030166101455688,1.6621963739395142,1.6352586269378662,7245680.0
06/27/2000,1.6903800376721876,1.7638748219188043,1.6842558461321062,1.7577506303787231,3367200,0.0,0.0,-,1.8148775655031204,1.9094008135795593,1.6757133543491363,1.6018136024475098,7301232.0
06/26/2000,1.6965040909124012,1.769998836779497,1.6658809063208366,1.678130030632019,8877600,0.0,0.0,-,1.8160336935520172,1.9184748315811158,1.690380322933197,1.5799849033355713,7388256.0
06/23/2000,1.592386334012002,1.672006024526251,1.580137208365756,1.6597568988800049,7259200,0.0,0.0,-,1.8176031357049942,1.9313404965400696,1.705133855342865,1.5703945636749268,7416560.0
06/22/2000,1.540327687177209,1.6107603442753171,1.5311406563323962,1.5985112190246582,8191200,0.0,0.0,-,1.8192796391248702,1.9444514536857604,1.7220279276371002,1.5681395769119262,7391056.0
06/21/2000,1.598511163287068,1.6168844767087711,1.5250164143457603,1.5372655391693115,5857600,0.0,0.0,-,1.8211407279968261,1.9590316891670227,1.7395406723022462,1.5713983654975892,7341648.0
06/20/2000,1.580137157335033,1.604635407836351,1.5372655927713623,1.5985112190246582,5952800,0.0,0.0,-,1.82339928150177,1.9726375985145568,1.7677519202232361,1.5929997205734252,7318608.0
06/19/2000,1.5923865292015975,1.5923865292015975,1.5066426391676655,1.555639147758484,6188800,0.0,0.0,-,1.825503669977188,1.9837967944145203,1.792289960384369,1.6133636116981507,7308864.0
06/16/2000,1.5678885656458732,1.6168850833223067,1.5311411773885482,1.6046359539031982,11242400,0.0,0.0,-,1.8276399350166321,1.9954468774795533,1.817138856649399,1.6392365574836731,7365408.0
06/15/2000,1.5188917517662048,1.6291338950395584,1.482144370675087,1.567888259887695,15084800,0.00475,0.0,-,1.82969788312912,2.005628309249878,1.8386216342449189,1.6602098226547242,7261328.0
06/14/2000,1.5577908414952517,1.5638994508624982,1.4050659128842755,1.4600471258163452,24617600,0.0,0.0,-,1.8319699370861053,2.017033410072327,1.8616363465785981,1.689134120941162,7074304.0
06/13/2000,1.600553466214074,1.618880787163208,1.533355029426578,1.5394636392593384,9171200,0.0,0.0,-,1.8347356444597245,2.031572787761688,1.898901104927063,1.749613106250763,6799120.0
06/12/2000,1.6555344144655546,1.6616430233062336,1.5516813526462625,1.5822266340255735,10033600,0.0,0.0,-,1.83719535946846,2.0478226852416994,1.9340278208255768,1.8007757425308228,6944000.0
06/09/2000,1.6921882372516304,1.6982968458488803,1.5761172166511193,1.63720703125,15846400,0.0,0.0,-,1.8395627242326738,2.0595519518852234,1.963656449317932,1.8398731470108032,6940064.0
06/08/2000,1.796041300424857,1.7990956060009853,1.612771779973341,1.6310991048812866,8500800,0.0,0.0,-,1.8416855543851853,2.0722586512565613,1.9877869367599488,1.8759162783622743,6933744.0
06/07/2000,1.7960416126029808,1.8082595827567425,1.734951761834172,1.7532790899276731,6878400,0.0,0.0,-,1.8437933707237244,2.0809334087371827,2.01069558262825,1.907682979106903,6909152.0
06/06/2000,1.8296403638688457,1.832694668551756,1.802150130271912,1.802150130271912,5084800,0.0,0.0,-,1.8454269236326217,2.0870423817634585,2.029327952861786,1.9425041198730468,6899360.0
06/05/2000,1.826586573511021,1.8326951845968875,1.765496734024458,1.8143686056137085,7471200,0.0,0.0,-,1.8467857646942138,2.090585606098175,2.0418513000011442,1.9712163090705872,6882032.0
06/02/2000,1.8724033938317584,1.906002991980763,1.7471694093156993,1.8143686056137085,6973600,0.0,0.0,-,1.8480531448125843,2.094251000881195,2.054069256782532,1.9950411558151244,6865280.0
06/01/2000,2.012910530138015,2.015964835882187,1.7654968503475177,1.8571312427520752,28425600,0.0,0.0,-,1.8494419908523563,2.0979163956642153,2.0635381400585175,2.0170334458351133,6839456.0
05/31/2000,2.0526190086229312,2.077054949201776,2.0098564854728163,2.064836978912353,4836800,0.0,0.0,-,1.8503589153289797,2.1020705103874207,2.066592639684677,2.034138572216034,6375216.0
05/30/2000,2.0526170604653378,2.064835019158584,2.0037452256923536,2.0510900020599365,3143200,0.0,0.0,-,1.8503587698936466,2.0988938117027285,2.0659816443920134,2.048189103603363,6349968.0
05/26/2000,1.9915272437891545,2.003745202340008,1.9670913266874468,1.9732006788253784,2628800,0.0,0.0,-,1.8505791914463046,2.097946937084198,2.0681962072849274,2.0672798991203307,6510400.0
05/25/2000,1.979311018031219,2.077054772008069,1.979311018031219,1.9976383447647093,5574400,0.0,0.0,-,1.8511738771200184,2.101612343788147,2.0709452986717225,2.087439751625061,7067488.0
05/24/2000,2.1075996835692217,2.113708294215753,1.906002854899754,1.948766112327576,6912800,0.0,0.0,-,1.851691915988922,2.098680021762848,2.0688071131706236,2.0996575951576233,7311120.0
05/23/2000,2.119817822465764,2.1381444016168287,2.0892725295798726,2.1014904975891118,3025600,0.0,0.0,-,1.8521354848146439,2.0937928223609923,2.072777932882309,2.113708186149597,7412784.0
05/22/2000,2.0465095174616805,2.1014899872896966,2.015964231993023,2.0892720222473145,3580800,0.0,0.0,-,1.8521646267175675,2.084079523086548,2.0703342616558076,2.116151785850525,7405216.0
05/19/2000,2.019017500015252,2.070944384073907,1.991527279218038,2.052617073059082,2049600,0.0,0.0,-,1.852543323636055,2.0744273352622984,2.067890614271164,2.1124862909317015,7410624.0
05/18/2000,2.061781740097804,2.1381438334318816,1.9915282562822667,2.034291505813598,8504800,0.0,0.0,-,1.853241943717003,2.0658747863769533,2.067890614271164,2.113097357749939,7569936.0
05/17/2000,2.235887943980205,2.235887943980205,2.015964539654284,2.0281825065612797,5288000,0.0,0.0,-,1.8541536539793015,2.0580552935600283,2.0755268394947053,2.1100428342819213,7443328.0
05/16/2000,2.235886821861065,2.3458484688378385,2.193124332010447,2.2053422927856445,5184800,0.0,0.0,-,1.8553995543718338,2.050602340698242,2.078275865316391,2.0990467071533203,7464416.0
05/15/2000,2.183962410984872,2.2664338982036387,2.150362805714153,2.2419979572296143,3861600,0.0,0.0,-,1.856032937169075,2.040705804824829,2.0736941277980803,2.083774185180664,7475408.0
05/12/2000,2.1198186979860374,2.229780455485218,2.1198186979860374,2.1747992038726807,4460000,0.0,0.0,-,1.8565134090185165,2.0288543605804445,2.072166806459427,2.069112515449524,7642144.0
05/11/2000,2.1259253882283784,2.1747972362336285,2.1014894642257533,2.119816780090332,3444800,0.0,0.0,-,1.857314684987068,2.0196908688545228,2.0794975101947784,2.054450845718384,7907264.0
05/10/2000,2.1014899872896966,2.1137079523320783,2.0892720222473145,2.0892720222473145,4188000,0.0,0.0,-,1.8586793452501298,2.0057623863220213,2.0892719089984895,2.0379566311836244,7968352.0
05/09/2000,2.046510073122747,2.136617403344581,2.028182747720302,2.1259264945983887,5059200,0.0,0.0,-,1.8602119141817093,1.9922483325004579,2.101184457540512,2.0318476796150207,8171296.0
05/08/2000,2.052617073059082,2.052617073059082,2.015963196754456,2.052617073059082,2187200,0.0,0.0,-,1.8614245647192,1.979950954914093,2.1057661831378938,2.02451673746109,8291904.0
05/05/2000,1.9976379083518792,2.089272284823493,1.9976379083518792,2.058727741241455,5454400,0.0,0.0,-,1.8632770544290542,1.9655858445167542,2.110958880186081,2.0232949376106264,8397616.0
05/04/2000,1.9793103409976491,2.04650952173373,1.9609837662585228,2.003746271133423,7279200,0.0,0.0,-,1.8653267163038254,1.9500017833709717,2.114929658174515,2.022683870792389,8501392.0
05/03/2000,1.967093113881008,1.9854204412210037,1.887676684009525,1.9182212352752688,7991200,0.0,0.0,-,1.867939755320549,1.935761067867279,2.120427721738815,2.041010844707489,8538832.0
05/02/2000,2.092325252624505,2.0953803016103243,1.979309320449829,2.052617073059082,4156000,0.0,0.0,-,1.870449030995369,1.9228652811050415,2.1314238250255584,2.057505023479462,8506848.0
05/01/2000,2.0159641187414734,2.16257969101358,2.0159641187414734,2.095381259918213,9593600,0.0,0.0,-,1.8725140661001205,1.9072815775871277,2.1381437718868255,2.063614070415497,8705664.0
04/28/2000,1.9426567382123097,2.0342918628775366,1.9426567382123097,2.0281825065612797,2430400,0.0,0.0,-,1.8746613377332688,1.8902332854270936,2.1509726345539093,2.07522109746933,8641408.0
04/27/2000,2.0098558567076226,2.0098558567076226,1.9365480579047696,1.9548746347427368,9666400,0.0,0.0,-,1.8770762807130816,1.8761131477355957,2.1579980075359346,2.1045441746711733,8790544.0
04/26/2000,2.0648364072822663,2.0770543741892618,2.022073895970541,2.0281825065612797,5135200,0.0,0.0,-,1.8796907579898836,1.8645558881759643,2.1738813757896422,2.1405871868133546,8702080.0
04/25/2000,2.058726425305698,2.1137068669001264,2.0342905077692803,2.052617073059082,6478400,0.0,0.0,-,1.8817716908454898,1.8526292181015014,2.175714099407196,2.1705212354660035,8732272.0
04/24/2000,2.0526170330847093,2.099961808820743,2.015963157493911,2.040399074554444,4532800,0.0,0.0,-,1.883563442230225,1.8402138566970825,2.1760196328163146,2.1870156288146974,8854816.0
04/20/2000,2.162578701972961,2.1931239717559947,2.0281811555226645,2.052617073059082,7930400,0.0,0.0,-,1.8855073797702793,1.828408432006836,2.17296524643898,2.1986228227615356,9047680.0
04/19/2000,2.0892722779812094,2.2725417760497364,2.0892722779812094,2.187016010284424,10495200,0.0,0.0,-,1.8876179599761966,1.8168460893630982,2.1702163100242613,2.207175445556641,9147504.0
04/18/2000,2.1137075570257986,2.1381434825405474,2.003745892209428,2.083163022994995,4770400,0.0,0.0,-,1.8888591778278354,1.8029613375663758,2.1607474267482756,2.1998445987701416,9025088.0
04/17/2000,2.1625793931112125,2.1992332811300463,1.8693482889605395,2.1137075424194336,10192800,0.0,0.0,-,1.8908625769615177,1.7905443501472473,2.1598311245441435,2.2053426265716554,9207296.0
04/14/2000,2.2786507067308848,2.284759315996539,2.1198171713942267,2.211451530456543,7718400,0.0,0.0,-,1.8925462496280674,1.7775164723396302,2.1494458496570585,2.212673473358154,9351296.0
04/13/2000,2.333631243203816,2.333631243203816,2.187015667714571,2.321413278579712,10292800,0.0,0.0,-,1.894105582237244,1.7635085940361024,2.1390605866909027,2.226724171638489,10144560.0
04/12/2000,2.272541505509992,2.376394581581486,2.272541505509992,2.315304756164551,5984000,0.0,0.0,-,1.8947355449199679,1.7415740847587586,2.1308134734630584,2.211451840400696,10177856.0
04/11/2000,2.187016005355794,2.3458495699905724,2.187016005355794,2.327522993087769,5720800,0.0,0.0,-,1.8952745962142947,1.7200054740905761,2.1075993478298187,2.2071755647659304,10195456.0
04/10/2000,2.107599322231145,2.2419969363937704,2.0892720019826334,2.2175610065460205,4705600,0.0,0.0,-,1.8957221829891209,1.698314347267151,2.0764435052871706,2.180906963348389,10231712.0
04/07/2000,2.077053875338395,2.1625796231464465,2.077053875338395,2.156471014022827,5465600,0.0,0.0,-,1.8963855671882632,1.679066174030304,2.0463567316532134,2.1650236368179323,10262352.0
04/06/2000,2.119816731292646,2.1747971861703057,2.0403996072496686,2.138143301010132,9016000,0.0,0.0,-,1.8973392212390903,1.6611616706848145,2.018866312503815,2.1473076701164246,10491648.0
04/05/2000,2.1137075424194336,2.2817047156037384,2.046509120580868,2.1137075424194336,6038400,0.0,0.0,-,1.898308598995209,1.6441111636161805,1.9932086288928985,2.1332571744918822,10616048.0
04/04/2000,2.199233109610421,2.235886994770595,2.0770534924098425,2.138143301010132,5733600,0.0,0.0,-,1.8992483305931094,1.6263307690620423,1.969689095020294,2.1216502547264096,10828960.0
04/03/2000,2.278651132181436,2.2908690987193374,2.1564714668024174,2.187016010284424,10858400,0.0,0.0,-,1.900035518407822,1.6080616593360901,1.945558673143387,2.114319622516632,11098320.0
03/31/2000,2.174797657094559,2.358067122580056,2.168689047774391,2.351958513259888,16415200,0.0,0.0,-,1.9006998038291933,1.5905211281776428,1.9217336475849152,2.086218225955963,11247120.0
03/30/2000,2.211452486728724,2.2786516920612216,2.1442540271219066,2.1686899662017822,9836800,0.0,0.0,-,1.9004482805728915,1.5688896536827088,1.8866070091724396,2.0513970017433163,11302656.0
03/29/2000,2.10149045144358,2.3214138707806984,2.0648365482207267,2.2725419998168945,15530400,0.0,0.0,-,1.900885367393494,1.549400305747986,1.8640037417411803,2.050175106525421,11576320.0
03/28/2000,2.046510396341083,2.1442541586564605,2.040401038333509,2.064836978912353,7271200,0.0,0.0,-,1.900605825185776,1.5289306616783143,1.8215462744235993,2.008023130893707,11655936.0
03/27/2000,1.9793105856222568,2.064836351667663,1.9670926190443416,2.058727741241455,6388800,0.0,0.0,-,1.901030788421631,1.5141992926597596,1.788982892036438,1.971980047225952,11815568.0
03/24/2000,1.991529318285577,2.0526191746747053,1.960984762953906,1.9793113470077517,4218400,0.0,0.0,-,1.901471120119095,1.4984933757781982,1.7615993857383727,1.927689826488495,12151984.0
03/23/2000,2.009856314011816,2.0281828950196443,1.9548750795370065,1.9976383447647093,6633600,0.0,0.0,-,1.9023085337877277,1.4854115843772888,1.7293518960475922,1.8904249548912044,12454704.0
03/22/2000,2.064836802760963,2.077054772008069,1.979311018031219,1.9976383447647093,5682400,0.0,0.0,-,1.9034186840057377,1.4738520741462708,1.6934462130069732,1.8531600832939148,12579088.0
03/21/2000,1.9334936118696333,2.089272919491198,1.924330693446861,2.064836978912353,5213600,0.0,0.0,-,1.9044978600740436,1.463633017539978,1.6581498205661773,1.8177279353141784,12708800.0
03/20/2000,1.9976371312267684,2.028181662926307,1.8937840828528767,1.9060020446777344,3574400,0.0,0.0,-,1.9054533010721209,1.4515825510025024,1.6185795664787292,1.7767977237701416,12893648.0
03/17/2000,2.077054061540743,2.1381438868801768,2.003746271133423,2.003746271133423,11164800,0.0,0.0,-,1.9072635549306873,1.4430743741989136,1.586951059103012,1.7572490692138671,13305088.0
03/16/2000,1.8449125598593976,2.1625796231464465,1.8388039507357783,2.156471014022827,30483200,0.0,0.0,-,1.9087063688039783,1.4361452198028564,1.5489120781421661,1.7218170166015625,13221600.0
03/15/2000,1.7089882006581214,1.857130853708429,1.692188683643114,1.851022243499756,17756000,0.0,0.0,-,1.9090520292520525,1.4254304099082946,1.5071973085403443,1.6778323769569397,12752176.0
03/14/2000,1.6249890130931868,1.7105147506244072,1.6127710505887267,1.7044061422348022,11996000,0.0,0.0,-,1.9106520372629168,1.4222869062423706,1.4834967792034148,1.6350694179534913,12478400.0
03/13/2000,1.6066626202669416,1.6249891931921563,1.600553265474981,1.6158255338668823,2647200,0.0,0.0,-,1.9132731795310978,1.423172459602356,1.4698689222335815,1.605985736846924,12271504.0
03/10/2000,1.6249892040828913,1.6249892040828913,1.5761173483209998,1.606662631034851,3851200,0.0,0.0,-,1.916352387070656,1.4259514808654785,1.4606700956821441,1.5955089449882507,12316832.0
03/09/2000,1.637207595925582,1.661643530193128,1.5944450838201432,1.624989628791809,10015200,0.0,0.0,-,1.9192651581764224,1.4278170204162597,1.4528433561325074,1.5682788372039795,12306592.0
03/08/2000,1.6433168649673462,1.6860793747987712,1.637207508862575,1.6433168649673462,2174400,0.0,0.0,-,1.9225411194562916,1.4301690244674683,1.4453188717365264,1.5337323427200318,12210048.0
03/07/2000,1.7135696460995795,1.7166246970738015,1.637207540528686,1.6555348634719849,6342400,0.0,0.0,-,1.9259225273132328,1.4315452146530152,1.4377919495105744,1.4985717058181762,12263408.0
03/06/2000,1.6494256598608834,1.7227334669658116,1.6494256598608834,1.7105154991149902,5734400,0.0,0.0,-,1.9293489784002307,1.4327379536628724,1.4281308889389037,1.460361409187317,12250816.0
03/03/2000,1.707461281729182,1.722733555899726,1.649425745010376,1.649425745010376,12198400,0.0,0.0,-,1.9326369720697405,1.4317952990531921,1.415720796585083,1.416653048992157,12246752.0
03/02/2000,1.472265294485658,1.7288425837311463,1.4417200062365536,1.7166246175765991,17716000,0.0,0.0,-,1.9362455779314045,1.4329274415969848,1.4088023900985718,1.3760071396827698,12162560.0
03/01/2000,1.4050653413675092,1.4295012603478137,1.3378669370342051,1.423392653465271,6499200,0.00475,0.0,-,1.9395181894302371,1.4345434761047364,1.384205549955368,1.3365622401237487,11922688.0
02/29/2000,1.4988709287396793,1.5110568712497578,1.4074767317995416,1.4135693311691284,14335200,0.0,0.0,-,1.9442569607496265,1.4455580973625184,1.374879628419876,1.3319241404533386,12263056.0
02/28/2000,1.3465476822764155,1.5537088069519205,1.340454336135618,1.5110576152801514,11089600,0.0,0.0,-,1.9489842021465305,1.4525041151046754,1.366349494457245,1.3337521076202392,12216384.0
02/25/2000,1.2795244204309415,1.377011995320918,1.2734318188859035,1.334361553192139,7472800,0.0,0.0,-,1.9534741508960727,1.4570128989219666,1.353554230928421,1.3258312463760376,12264176.0
02/24/2000,1.2795246839523315,1.2978039798944554,1.2551527852103823,1.2795246839523315,10643200,0.0,0.0,-,1.9587490391731266,1.4672490954399109,1.3498984456062317,1.3374078750610352,12202912.0
02/23/2000,1.2856178937969196,1.2978038418719082,1.2673385997988142,1.2917104959487915,9151200,0.0,0.0,-,1.963903933167458,1.4779727125167847,1.3502031087875366,1.3569054007530212,12110080.0
02/22/2000,1.303896394303567,1.3404542371345085,1.2551526038623124,1.2734318971633911,6392000,0.0,0.0,-,1.968664360046387,1.4901586556434632,1.3468519747257233,1.3770121932029724,11995072.0
02/18/2000,1.2551526038623124,1.2978037923840184,1.2551526038623124,1.2734318971633911,14096800,0.0,0.0,-,1.9735616618394856,1.5019789958000183,1.34441477060318,1.3959003686904907,11969616.0
02/17/2000,1.3221756829928684,1.328268284891166,1.2246881024503975,1.242966651916504,6380800,0.0,0.0,-,1.9784438025951387,1.5130682015419006,1.3462426483631134,1.414788544178009,11824576.0
02/16/2000,1.3770120116257174,1.3891979586312546,1.2795244355814188,1.3221756219863892,9887200,0.0,0.0,-,1.9836602032184603,1.5250103998184203,1.3476135551929473,1.4415976405143738,11932736.0
02/15/2000,1.4257554322217418,1.4379413760868849,1.3770116567611694,1.3770116567611694,5243200,0.0,0.0,-,1.9886928027868274,1.536099603176117,1.3412159025669097,1.4318488597869874,11879584.0
02/14/2000,1.4409879043563114,1.474499441236276,1.4135697122595705,1.4318490028381348,6644800,0.0,0.0,-,1.9933602619171145,1.5473106741905212,1.334818309545517,1.4178351163864136,11989088.0
02/11/2000,1.4440349486334758,1.4501275496455936,1.4074771112474525,1.4318490028381348,12605600,0.0,0.0,-,1.9973441898822788,1.556937575340271,1.3296392858028412,1.3989468812942505,12162144.0
02/10/2000,1.4805930825168616,1.4866856847490584,1.437941891806466,1.4501278400421145,14176000,0.0,0.0,-,2.0011461830139163,1.5669300746917725,1.321718430519104,1.3812772154808044,12136064.0
02/09/2000,1.4927792376447169,1.4927792376447169,1.4684073377955893,1.4744999408721924,12921600,0.0,0.0,-,2.0047355067729953,1.5752740383148194,1.3154731273651123,1.3623890161514283,12141088.0
02/08/2000,1.4653594902995486,1.498871020189615,1.456220590687581,1.4927784204483032,4374400,0.0,0.0,-,2.0083697390556337,1.5806975722312928,1.312731271982193,1.343500816822052,12035536.0
02/07/2000,1.4744995991388956,1.486685546239217,1.4501277049382528,1.4623136520385742,13880800,0.0,0.0,-,2.0116093665361405,1.5855122160911561,1.3124266266822815,1.3166917562484741,11992384.0
02/04/2000,1.486685546239217,1.4927788916749705,1.4379417578379312,1.4623136520385742,17392800,0.0,0.0,-,2.014895188212395,1.5909361553192138,1.3124266266822815,1.2929291725158691,11803008.0
02/03/2000,1.3770121816665897,1.5293369099312728,1.3709195792970632,1.5110576152801514,47381600,0.0,0.0,-,2.0181052082777025,1.5964209294319154,1.3133406043052673,1.2776967525482177,11651648.0
02/02/2000,1.2642919490601905,1.2734315935315097,1.2185944704746317,1.2246878147125244,11957600,0.0,0.0,-,2.0212837558984758,1.6013566064834595,1.320652151107788,1.253629469871521,10936560.0
02/01/2000,1.273432070564391,1.2795246733135586,1.182037079156335,1.236874222755432,6864000,0.0,0.0,-,2.0255606156587604,1.611168119907379,1.340454286336899,1.2505829453468322,10844496.0
01/31/2000,1.255152599484313,1.273431892721633,1.1942228616452684,1.242966651916504,7533600,0.0,0.0,-,2.029564290046692,1.6215874648094177,1.3633029282093048,1.2518015027046203,10919984.0
01/28/2000,1.264291989467098,1.279524234892095,1.2246878538536796,1.2551523447036743,6237600,0.0,0.0,-,2.033780075311661,1.6321282601356506,1.388588786125183,1.2603316903114319,10907264.0
01/27/2000,1.3069425887338535,1.3221755798335102,1.230780608320195,1.261245846748352,16930400,0.0,0.0,-,2.037889446616173,1.644006769657135,1.4135699987411499,1.2621596455574036,10985456.0
01/26/2000,1.2064089098918145,1.297803896163196,1.1942229613070487,1.2856179475784302,15236000,0.0,0.0,-,2.0420896363258363,1.6553984594345093,1.435504686832428,1.2685572385787964,10783664.0
01/25/2000,1.2246878147125244,1.2368737594172707,1.1698506916556464,1.2246878147125244,16684000,0.0,0.0,-,2.0461603862047197,1.666059410572052,1.4583532810211182,1.281961727142334,10637136.0
01/24/2000,1.3069423836412828,1.3160820281126022,1.206408525769885,1.2246878147125244,19201600,0.0,0.0,-,2.0507101351022725,1.6780606245994567,1.4827252089977265,1.3081614971160889,10397968.0
01/21/2000,1.3160820529438668,1.328267997878532,1.2795242181398705,1.3099894523620603,18298400,0.0,0.0,-,2.0553508585691453,1.690791702270508,1.5072494089603423,1.3319240808486938,10124864.0
01/20/2000,1.1942228057236055,1.291710381701043,1.1942228057236055,1.2703847885131836,19192000,0.0,0.0,-,2.059201210141182,1.7019384336471557,1.5249190747737884,1.348984456062317,9848512.0
01/19/2000,1.2521059921937194,1.2551522923975575,1.169850680292869,1.1942225694656372,23520000,0.0,0.0,-,2.0635224741697313,1.7143638563156127,1.54670147895813,1.387674832344055,9553968.0
01/18/2000,1.3221754699595236,1.334361415563892,1.2429664516455816,1.249059796333313,19511200,0.0,0.0,-,2.0681639075279237,1.7294073843955993,1.5768616676330567,1.4303256273269653,9180512.0
01/14/2000,1.291710678590547,1.3282685279846191,1.291710678590547,1.3282685279846191,15252800,0.0,0.0,-,2.0721672981977464,1.7433541679382325,1.6131148636341095,1.4748043537139892,8949520.0
01/13/2000,1.3191286428736553,1.3404542371345085,1.2551526038623124,1.2734318971633911,23209600,0.0,0.0,-,2.076168827414513,1.7576631593704224,1.6347449481487275,1.5168458819389343,8754016.0
01/12/2000,1.4196630418052951,1.4196630418052951,1.2917102404420011,1.3252217769622805,19354400,0.0,0.0,-,2.0804293763637545,1.772703936100006,1.6578981935977937,1.5649803519248962,8403632.0
01/11/2000,1.4744992087615945,1.4866851526356573,1.413569489391281,1.4196628332138062,12852800,0.0,0.0,-,2.08420356631279,1.7863439726829529,1.6839456737041474,1.6024521350860597,8129840.0
01/10/2000,1.4623136207705638,1.511057408129583,1.4562210192362712,1.4866855144500732,12168000,0.0,0.0,-,2.0876571577787404,1.798095188140869,1.703747808933258,1.6347448348999023,8010752.0
01/07/2000,1.4684069974743277,1.4744995991388956,1.4257558107376098,1.4623136520385742,14456000,0.0,0.0,-,2.0903966087102894,1.8078976964950562,1.7244639158248902,1.657288920879364,7892976.0
01/06/2000,1.639010544613223,1.6572890965869802,1.4440353567794606,1.480593204498291,24146400,0.0,0.0,-,2.0933640557527546,1.8173360848426818,1.744570678472519,1.682574737071991,7735088.0
01/05/2000,1.6268240601401724,1.663381895831288,1.6146381149098006,1.6572885513305664,6990400,0.0,0.0,-,2.0959975284338,1.8261655712127685,1.7619356274604798,1.70085369348526,7344928.0
01/04/2000,1.6816602380652177,1.687753581827756,1.6146379193031817,1.6207305192947388,7012000,0.0,0.0,-,2.0974897837638857,1.8329209518432616,1.771075028181076,1.7057281255722045,7284768.0
01/03/2000,1.7639164590684833,1.7730561075663802,1.6877544570525322,1.6938470602035522,4067200,0.0,0.0,-,2.099225474596024,1.8411373734474181,1.7838702917098999,1.723397707939148,7263664.0
12/31/1999,1.7456367655792804,1.7791483066123814,1.7304045173901246,1.7486838102340698,1651200,0.0,0.0,-,2.10112621486187,1.8487430286407471,1.7960561990737915,1.7514253735542298,7283120.0
12/30/1999,1.6999402002516792,1.840078237156073,1.6938468540708222,1.7547765970230105,4913600,0.0,0.0,-,2.1028437340259556,1.852940607070923,1.8042817115783691,1.7526440143585205,7420080.0
12/29/1999,1.7547759862589984,1.7730552746680386,1.6694743758158528,1.6999396085739136,3339200,0.0,0.0,-,2.1045762699842454,1.858719437122345,1.813116580247879,1.750816035270691,7458960.0
12/28/1999,1.7182179455990558,1.766961717105412,1.699939403169636,1.742589831352234,5188000,0.0,0.0,-,2.1068862104415897,1.865838313102722,1.8214859008789062,1.765439212322235,7524768.0
12/27/1999,1.6694751766774618,1.71212637424469,1.6572892264827357,1.71212637424469,4842400,0.0,0.0,-,2.1093619161844255,1.8723474764823913,1.8216402411460877,1.7727507829666138,7575120.0
12/23/1999,1.6694743377550751,1.7243114579609975,1.6633817376049729,1.7151718139648438,5712800,0.0,0.0,-,2.1118231713771825,1.882750482559204,1.8227094531059265,1.7916389107704163,7697776.0
12/22/1999,1.7304051306800412,1.7486844300025328,1.6572894209329971,1.6633827686309814,5531200,0.0,0.0,-,2.114238874912262,1.893214225769043,1.8236263930797576,1.8065666198730468,7803824.0
12/21/1999,1.7608700149778087,1.7730559640649517,1.699940269542094,1.7060328722000122,7988800,0.0,0.0,-,2.1169741737842562,1.904713749885559,1.8272848725318909,1.8230175614356994,7820912.0
12/20/1999,1.919285730833924,1.937564267129048,1.791333001685346,1.7974263429641724,5722400,0.0,0.0,-,2.1195720249414447,1.9145086884498597,1.8298753023147583,1.8364219307899474,7782320.0
12/17/1999,1.75477663675944,1.986309665220755,1.73040473902667,1.97412371635437,23517600,0.0,0.0,-,2.1219251573085787,1.9215025663375855,1.825767159461975,1.844342875480652,7863344.0
12/16/1999,1.7182190196620808,1.785242119265092,1.7182190196620808,1.7608702182769775,12001600,0.0,0.0,-,2.1232583594322207,1.9272738599777222,1.8149530470371247,1.8406870245933533,7744240.0
12/15/1999,1.76696128398319,1.827890983430886,1.6999389864760968,1.7364968061447144,13479200,0.0,0.0,-,2.126052000522614,1.9341472864151001,1.8154098570346833,1.8559194087982178,7612336.0
12/14/1999,1.7913342446135476,1.8461713790893552,1.760869748393472,1.8461713790893557,4409600,0.0,0.0,-,2.128482366204262,1.9430896639823914,1.8210389077663423,1.875417125225067,7488992.0
12/13/1999,1.8735889539705095,1.876635253829444,1.803519594589336,1.8157055377960205,6001600,0.0,0.0,-,2.1300453752279283,1.9488653588294982,1.8202718555927277,1.8775325894355774,7531968.0
12/10/1999,1.8705431579458092,1.9253795452606983,1.8339853184788344,1.9010076522827148,3400800,0.0,0.0,-,2.1318969660997396,1.9527565360069274,1.820419853925705,1.8705296993255616,7477520.0
12/09/1999,1.8217984849323008,1.870542247154292,1.815705142769159,1.86444890499115,5119200,0.0,0.0,-,2.1334734410047536,1.9539076375961304,1.8166068971157074,1.8537799954414367,7519472.0
12/08/1999,1.8339855300906491,1.8400781321525572,1.8157062363624568,1.8278921842575075,6844800,0.0,0.0,-,2.1347785437107087,1.956033239364624,1.8164465367794036,1.8406861662864684,7505328.0
12/07/1999,1.8735880798691948,1.876634378306913,1.8096120938241091,1.840076565742493,11788800,0.0,0.0,-,2.136538916230202,1.9585250258445739,1.8184182286262511,1.8315521836280824,7485536.0
12/06/1999,1.9253795766211173,1.9314729218504352,1.870543188413058,1.876635789871216,7229600,0.0,0.0,-,2.13823836684227,1.9611380743980407,1.8209971964359284,1.823328673839569,7361648.0
12/03/1999,1.943658551717474,1.9619370968836656,1.9192866623151923,1.9375652074813845,10718400,0.0,0.0,-,2.139755021333695,1.9614384770393372,1.8244853556156158,1.8071914434432983,7319744.0
12/02/1999,1.9314733563545248,1.9680312046410011,1.7852419632086172,1.9131940603256223,15297600,0.0,0.0,-,2.1409670287370686,1.9594254183769226,1.8249270439147949,1.789219069480896,7231776.0
12/01/1999,1.8766368086638716,1.949752528481944,1.858358250595135,1.931473970413208,11301600,0.004125,0.0,-,2.1421495187282567,1.958568880558014,1.8314532458782196,1.7749003052711487,7271488.0
11/30/1999,1.75175826444679,1.8734081439222612,1.75175826444679,1.867326021194458,14427200,0.0,0.0,-,2.1428924107551577,1.9561302471160888,1.836153084039688,1.7666606903076172,7293680.0
11/29/1999,1.7335116452989994,1.776088743941943,1.7213466539021367,1.7456766366958618,7644000,0.0,0.0,-,2.1439257645607,1.9571034359931945,1.8431479632854462,1.7630111217498778,7059952.0
11/26/1999,1.7274277501177335,1.7395927342734925,1.715262765961975,1.7335106134414673,2216800,0.0,0.0,-,2.1454311221838,1.9611786961555482,1.856225311756134,1.7703100085258483,7071072.0
11/24/1999,1.7335106134414673,1.7395927342734925,1.70918064512995,1.7335106134414673,4412000,0.0,0.0,-,2.147057861089707,1.965436463356018,1.868390327692032,1.779433798789978,7137584.0
11/23/1999,1.7700062628983215,1.7760883861253531,1.6726863513298091,1.736552357673645,9824800,0.0,0.0,-,2.148351548314095,1.9705761551856995,1.8784264504909516,1.7922069072723388,7099520.0
11/22/1999,1.7152636306034328,1.7578414678573608,1.6666036694515625,1.7578414678573608,11627200,0.0,0.0,-,2.1497965538501744,1.976172046661377,1.8877022087574005,1.8052842736244201,7075344.0
11/19/1999,1.7578413195706872,1.763923442955558,1.7152634859085083,1.7152634859085083,7354400,0.0,0.0,-,2.1515287142992023,1.9807947421073913,1.8995630145072937,1.8186657190322877,6886064.0
11/18/1999,1.7821714484332962,1.800418562619206,1.703098640315465,1.7578414678573608,10638400,0.0,0.0,-,2.1533678019046785,1.9863298416137696,1.9153774201869964,1.8417792677879334,6793824.0
11/17/1999,1.8004185220161733,1.812583512029796,1.733511448187281,1.7700064182281494,6897600,0.0,0.0,-,2.154872886538506,1.9910741639137268,1.9311918377876283,1.860635018348694,6669664.0
11/16/1999,1.8429956991922871,1.8612428064409052,1.800417878125843,1.849077820777893,10147200,0.0,0.0,-,2.1559538179636006,1.9950886154174805,1.9406196534633637,1.8880061864852906,6595168.0
11/15/1999,1.8490774390991944,1.8490774390991944,1.7882525233393525,1.8308303356170652,6840800,0.0,0.0,-,2.1565334188938143,1.9978865838050843,1.9503516674041748,1.905645477771759,6545152.0
11/12/1999,1.8642836382191348,1.8734075619685324,1.8125826411253985,1.8186655044555664,7909600,0.0,0.0,-,2.1571739828586582,2.0016577553749086,1.9616043210029601,1.9232848048210145,6505808.0
11/11/1999,1.861243486404419,1.8734084765116368,1.8125835259755447,1.824748516082764,4725600,0.0,0.0,-,2.1576482933759693,2.004942288398743,1.9740734457969666,1.9421406149864198,6621088.0
11/10/1999,1.8642827572472445,1.8977366335251755,1.8551595803007384,1.861241698265076,5546400,0.0,0.0,-,2.1581527411937715,2.0087718296051027,1.9944498538970947,1.9573468565940857,6666384.0
11/09/1999,1.92206809571245,1.9281509609321936,1.8612431559747145,1.867326021194458,4480800,0.0,0.0,-,2.1581568145751957,2.0119929766654967,2.01330571770668,1.9646459937095642,6667616.0
11/08/1999,1.9585629817434267,1.9585629817434267,1.8734080694937123,1.8916559219360352,4464800,0.0,0.0,-,2.158357541561127,2.0149102282524107,2.0318573653697967,1.9701201438903808,6641488.0
11/05/1999,1.982893954217434,1.982893954217434,1.93423397988081,1.9463989734649656,4847200,0.0,0.0,-,2.158224680423737,2.0177052426338196,2.047063559293747,1.9804603099822997,6666560.0
11/04/1999,2.0498017901764345,2.0498017901764345,1.928151854334874,1.9463989734649656,7961600,0.0,0.0,-,2.1577197015285496,2.019891254901886,2.057099622488022,1.9889755725860596,6674416.0
11/03/1999,2.019388122217996,2.068048076970237,2.019388122217996,2.043718099594116,5477600,0.0,0.0,-,2.1569952124357226,2.022198736667633,2.072914093732834,2.0017486572265626,6674672.0
11/02/1999,2.00722288165432,2.0680478174620265,2.001140759319495,2.025470733642578,5690400,0.0,0.0,-,2.155890100002289,2.022377622127533,2.0759552657604217,1.9932331204414369,6689024.0
11/01/1999,2.043718580766158,2.092378546974876,2.007223606109619,2.007223606109619,5664800,0.0,0.0,-,2.1549670529365543,2.0234680008888244,2.0838625133037567,1.9950578570365907,6634704.0
10/29/1999,2.007223606109619,2.1045435385270554,1.99505861455744,2.007223606109619,6898400,0.0,0.0,-,2.1538778907060627,2.0248018956184386,2.0902491390705107,1.999923837184906,6547296.0
10/28/1999,1.9585630788127104,1.9889759202265835,1.946398090745551,1.976810932159424,6279200,0.0,0.0,-,2.152803859114647,2.0260143160820006,2.090401178598404,2.0060062766075135,6456624.0
10/27/1999,1.955521983794321,1.9707280329938208,1.9220680815618745,1.9342330694198608,6561600,0.0,0.0,-,2.152093840837479,2.0283208537101745,2.0894887685775756,2.0315528512001038,6497632.0
10/26/1999,1.988975308023892,2.0072224132622347,1.8977375543570216,1.9220675230026243,4638400,0.0,0.0,-,2.1518086498975757,2.030446515083313,2.091313564777374,2.0619654417037965,6454912.0
10/25/1999,2.0315525386391617,2.043717523900474,1.964645490947832,1.9950575828552248,3982400,0.0,0.0,-,2.1516145634651185,2.0333013224601744,2.0928342640399933,2.0935945868492127,6475744.0
10/22/1999,2.086294379118109,2.1167064569667424,2.019386619864824,2.0315515995025635,5956800,0.0,0.0,-,2.1510858029127125,2.035303657054901,2.091617834568024,2.113666808605194,6626176.0
10/21/1999,1.9524799988363173,2.092376921779255,1.9524799988363173,2.074129819869995,5040000,0.0,0.0,-,2.1502837437391285,2.036515381336212,2.0846230506896974,2.125223672389984,6669664.0
10/20/1999,2.043717633122983,2.046758693977891,1.9463977458314123,1.9585627317428589,8499200,0.0,0.0,-,2.149768368005753,2.0370577073097227,2.0727621734142305,2.144079530239105,6721472.0
10/19/1999,2.080213065658297,2.08629593124832,2.031553110906056,2.043718099594116,6857600,0.0,0.0,-,2.1495431923866275,2.038636050224304,2.0683523952960967,2.158677411079407,6746432.0
10/18/1999,2.0680483981702453,2.104543369902661,1.995058454705413,2.055883407592773,6629600,0.0,0.0,-,2.1486197471618653,2.0399080657958986,2.0566436052322388,2.1726671695709228,6773152.0
10/15/1999,2.1775328944711125,2.20186287094565,1.9950580709120809,2.0680480003356934,7705600,0.0,0.0,-,2.1478776872158054,2.0420906257629396,2.0496487081050874,2.1805744409561156,6759376.0
10/14/1999,2.262688790583591,2.268771658578611,2.214028816592546,2.232276678085327,10975200,0.0,0.0,-,2.146544952988625,2.0445764875411987,2.0437182903289797,2.1747960805892945,6753520.0
10/13/1999,2.2322768484897573,2.305266815048131,2.226193980030392,2.238358974456787,11015200,0.0,0.0,-,2.1440428876876836,2.0442636251449584,2.0294244050979615,2.1474246859550474,6686720.0
10/12/1999,2.207946859636966,2.2870189521623696,2.2018639911776003,2.238358974456787,6385600,0.0,0.0,-,2.1412681925296786,2.045043697357178,2.017031216621399,2.1206616878509523,6527568.0
10/11/1999,2.1410370057273287,2.201861920662764,2.1288720227402416,2.195779800415039,6059200,0.0,0.0,-,2.1386448824405675,2.04691689491272,2.0059306144714357,2.092073941230774,6464240.0
10/08/1999,2.256605103044182,2.256605103044182,2.134955252273384,2.147120237350464,9773600,0.0,0.0,-,2.1359316951036456,2.0497631454467773,1.9955904364585877,2.069568860530853,6377104.0
10/07/1999,2.12887349308178,2.341761213636033,2.116708501692741,2.262688398361206,17562400,0.0,0.0,-,2.1332195889949803,2.0535218286514283,1.9878353476524353,2.0440224289894102,6232736.0
10/06/1999,2.1653664401500903,2.1775314201509333,2.092376560145031,2.104541540145874,5406400,0.0,0.0,-,2.1304897671937946,2.056123037338257,1.9744538068771362,2.0014448165893555,5906128.0
10/05/1999,2.134955733238786,2.232275635779769,2.116707880266385,2.1836156845092773,7312000,0.0,0.0,-,2.1279602748155595,2.061947922706604,1.967763179540634,1.978027379512787,5838608.0
10/04/1999,2.0193883449172594,2.18361608156319,2.013306221148482,2.134956121444702,6558400,0.0,0.0,-,2.1251716601848605,2.0656447410583496,1.9580312073230743,1.9406200408935548,5786000.0
10/01/1999,1.958563375181663,2.0619661606453583,1.946398385273702,2.0102643966674805,3279200,0.0,0.0,-,2.122293293476105,2.0714079189300536,1.952252846956253,1.9187229752540589,5713744.0
09/30/1999,1.9768105818559365,2.080212590857322,1.9463977458314123,1.9585627317428589,5498400,0.0,0.0,-,2.1200081068277363,2.0805758333206175,1.9508842349052429,1.9126405000686646,5741760.0
09/29/1999,1.9403168801956872,2.013306842914792,1.93423401205628,1.9707289934158323,4412000,0.0,0.0,-,2.1182085084915165,2.0919316601753235,1.9537673771381379,1.9114241242408752,5709040.0
09/28/1999,1.952481508255005,1.982893615778536,1.9403165167471608,1.9524815082550049,5855200,0.0,0.0,-,2.1168325155973435,2.100918607711792,1.9563458800315856,1.9134007453918458,5667584.0
09/27/1999,1.897739030696728,2.0011418491282744,1.897739030696728,1.9707289934158323,5594400,0.0,0.0,-,2.115744562149048,2.11118145942688,1.9593812346458435,1.9197872877120972,5642192.0
09/24/1999,1.8977380444222025,1.922068019350692,1.8855730569579572,1.8916559219360352,5134400,0.0,0.0,-,2.1145805126428607,2.1222635912895202,1.9624151170253754,1.921612012386322,5587008.0
09/23/1999,1.95856209385474,1.9828920577535567,1.8247472924112484,1.8369122743606567,6320000,0.0,2.0,-,2.113872383832932,2.1346538949012754,1.970617300271988,1.9316482663154602,5575616.0
09/22/1999,1.8308311423383956,1.891656084899605,1.824748276836287,1.870367169380188,17283200,0.0,0.0,-,2.1133168637752537,2.1474710512161255,1.981860339641571,1.947462797164917,5562880.0
09/21/1999,1.915986137627836,1.937274311496409,1.7821712587059302,1.809542298316956,12411200,0.0,0.0,-,2.1126546233892443,2.1589510893821715,1.9909750998020173,1.9574989795684814,5274400.0
09/20/1999,1.955521479775142,1.9707275250554117,1.915985465049744,1.915985465049744,2740800,0.0,0.0,-,2.1124024730920796,2.170979590415955,2.004497468471527,1.975442373752594,5137344.0
09/17/1999,1.9707285649343187,1.9798524939135296,1.9311925293472505,1.9494396448135376,8200000,0.0,0.0,-,2.1116635262966157,2.181243612766266,2.0123941123485567,1.9857827186584474,5163552.0
09/16/1999,1.985935016990402,1.99505894780159,1.931192917107842,1.9463989734649656,5542400,0.0,0.0,-,2.1106531536579136,2.191749482154846,2.018314361572266,1.9891279697418214,5057792.0
09/15/1999,2.03155164079162,2.0406755613282166,1.9828917212517008,1.990495204925537,2508800,0.0,0.0,-,2.1097184503078465,2.2015266942977907,2.0256013035774236,1.9961106300354003,5004576.0
09/14/1999,1.995058016994653,2.0741308096458977,1.982893029086149,2.0163469314575195,8616000,0.0,0.0,-,2.1083969879150395,2.211393647193909,2.0281023502349855,1.9992910146713256,5012384.0
09/13/1999,1.9889762401580813,2.019388343971865,1.9768112501341544,1.988976240158081,2163200,0.0,0.0,-,2.106931153535843,2.2200755500793456,2.0305253982543947,1.9989751815795898,4875040.0
09/10/1999,2.007224521982951,2.019389519085878,1.9768124004718832,1.992018461227417,2742400,0.0,0.0,-,2.1055114746093753,2.2307623863220214,2.0358353018760686,2.0032182216644285,4917760.0
09/09/1999,1.9707276123326,2.013305431993081,1.964645490947832,1.9950575828552248,4430400,0.0,0.0,-,2.1040765845775606,2.2398701333999633,2.0408412694931033,2.0095863342285156,4986496.0
09/08/1999,1.988976855341757,1.988976855341757,1.9585639996293152,1.9707289934158323,3172800,0.0,0.0,-,2.1023393070697787,2.248431282043457,2.0461506962776186,2.016257882118225,5017920.0
09/07/1999,2.013306220205935,2.019388343971865,1.982893373900084,1.988976240158081,7646400,0.0,0.0,-,2.100527167320252,2.2573575091362,2.049488240480423,2.024451220035553,4995712.0
09/03/1999,2.0133067886251728,2.0254717820836565,2.0102649833913446,2.0193889141082764,4873600,0.0,0.0,-,2.098684256076813,2.2645827412605284,2.0554053723812102,2.0335525631904603,4906304.0
09/02/1999,2.0133049832680414,2.0528409909325847,1.900778337811988,1.9828921556472776,13673600,0.004063,0.0,-,2.096296274662018,2.271138999462128,2.0626864969730376,2.0390055060386656,4877248.0
09/01/1999,2.0253352146384755,2.040517450815224,2.0071159381630377,2.016225576400757,6990400,0.0,0.0,-,2.0943023943901067,2.27812153339386,2.0731589436531066,2.0475007534027103,4672864.0
08/31/1999,2.037481288479662,2.046590927328276,2.0192620107824357,2.02229905128479,5608000,0.0,0.0,-,2.092104055285454,2.283830099105835,2.0831793427467344,2.0550919771194462,4591232.0
08/30/1999,2.0556989958076906,2.058736035085241,2.013188600540161,2.013188600540161,3174400,0.0,0.0,-,2.0901096439361577,2.289295735359192,2.0959325194358827,2.056913685798645,4518304.0
08/27/1999,2.0951733305652303,2.1012459250020186,2.028370343788076,2.0314066410064697,5718400,0.0,0.0,-,2.088266597390175,2.295429425239563,2.1118740320205687,2.0620756149291997,4526016.0
08/26/1999,2.0648092246623166,2.0708825636347163,2.046590690403395,2.055699586868286,5240000,0.0,0.0,-,2.086332460641861,2.300834369659424,2.1272083163261413,2.068452382087708,4545184.0
08/25/1999,2.049627124336001,2.083028637563173,2.040517485941465,2.06177306175232,7974400,0.0,0.0,-,2.084307088851929,2.3048425245285036,2.1411760568618776,2.072096204757691,4488352.0
08/24/1999,2.0815085885217437,2.083027571250396,1.998006052859131,2.0526623725891118,6195200,0.0,0.0,-,2.0820548456907275,2.307939734458923,2.157724845409393,2.0760435104370116,4440064.0
08/23/1999,2.089099301668648,2.092135597879645,2.064807449323664,2.0799896717071533,2974400,0.0,0.0,-,2.079530726671219,2.3098830795288086,2.1748810172080995,2.074525260925293,4366240.0
08/20/1999,2.0769546406508583,2.0769546406508583,2.055699071569269,2.073918342590332,1294400,0.0,0.0,-,2.0777315562963485,2.3112191677093508,2.1893043637275698,2.0772581815719606,4399872.0
08/19/1999,2.095173530851998,2.095173530851998,2.0465898053983724,2.06784462928772,2364800,0.0,0.0,-,2.0759174013137818,2.312676682472229,2.2067641973495484,2.0863674879074097,4470784.0
08/18/1999,2.0481093405606443,2.1407215697109407,2.022299220109768,2.0921378135681152,8329600,0.0,0.0,-,2.0740429204702377,2.315713157653809,2.226804971694946,2.098817133903503,4524832.0
08/17/1999,2.0769539262567247,2.083027261617731,2.028370208683468,2.0405161380767822,4425600,0.0,0.0,-,2.071442347764969,2.3181398725509643,2.2485157847404476,2.111266708374023,4436320.0
08/16/1999,2.0951730844489407,2.101245678172392,2.0496256662084145,2.064807891845703,5680000,0.0,0.0,-,2.069810318350792,2.3224480533599854,2.2674937963485715,2.1349513530731197,4444992.0
08/13/1999,2.10124690987462,2.1346484189187733,2.0891009739793907,2.0951743125915527,11504000,0.0,0.0,-,2.0679359078407287,2.326512951850891,2.2875346064567563,2.161672449111938,4374944.0
08/12/1999,2.1042837526038216,2.155904549502539,2.076955575105804,2.0921378135681152,8131200,0.0,0.0,-,2.065803850889206,2.3304556465148925,2.3090176701545717,2.1859642505645747,4325376.0
08/11/1999,2.0496260957631782,2.1407202100068137,2.034443866944042,2.101246118545532,7630400,0.0,0.0,-,2.063959062099457,2.3331249523162843,2.329969334602356,2.2102559089660643,4235232.0
08/10/1999,2.0875818371147044,2.101245822594194,2.010151721180767,2.037479877471924,9747200,0.0,0.0,-,2.0619931519031525,2.3345205068588255,2.348795533180237,2.239406180381775,4199616.0
08/09/1999,2.168048518159693,2.168048518159693,2.092135912180902,2.107318878173828,8193600,0.0,0.0,-,2.060451886057854,2.3383436012268066,2.3691399931907653,2.2752367734909056,4181312.0
08/06/1999,2.183230667980313,2.192340298998057,2.149829181800976,2.165011405944824,5940800,0.0,0.0,-,2.0583951503038405,2.3408305644989014,2.3843224167823793,2.301350545883179,4198176.0
08/05/1999,2.2530707490432342,2.274325573974695,2.180195157289742,2.192341089248657,7412800,0.0,0.0,-,2.055853446722031,2.341314673423767,2.3975311756134032,2.327160906791687,4297952.0
08/04/1999,2.2834358316189145,2.298618065379861,2.2105602199715024,2.2166335582733154,7635200,0.0,0.0,-,2.0528727859258655,2.3430714893341062,2.4116507768630986,2.3547928094863892,4513504.0
08/03/1999,2.3138003804982024,2.3472011369794834,2.2682529508779243,2.277362585067749,3057600,0.0,0.0,-,2.0496497344970708,2.345130786895752,2.4225820779800418,2.3857648611068725,4470432.0
08/02/1999,2.333536908341936,2.3623840517034296,2.295581057667732,2.3320188522338867,3219200,0.0,0.0,-,2.0462439662218097,2.3464000368118287,2.4329060912132268,2.4000362396240233,4647872.0
07/30/1999,2.3396105686480846,2.3623841916005537,2.319873058091509,2.33809232711792,1702400,0.0,0.0,-,2.0417184424400334,2.3471219444274904,2.438827252388001,2.4133967638015745,4873856.0
07/29/1999,2.374529218310135,2.374529218310135,2.3259455078723685,2.335054397583008,2555200,0.0,0.0,-,2.036391652822495,2.3477830362319945,2.448088538646698,2.432071089744568,5096736.0
07/28/1999,2.3927488327026367,2.3927488327026367,2.368456966380782,2.3927488327026367,1232000,0.0,0.0,-,2.0313067877292634,2.348504886627197,2.4537061095237735,2.4496827602386477,5309568.0
07/27/1999,2.3775672743312573,2.4231147219049016,2.3593479987701445,2.3957858085632324,2030400,0.0,0.0,-,2.0254799884557726,2.3480728483200073,2.455224418640137,2.458184885978699,5351776.0
07/26/1999,2.417040327267769,2.4231136635785773,2.353274373312757,2.3684566020965576,4681600,0.0,0.0,-,2.0194112646579745,2.347337484359741,2.4562871456146245,2.4630432128906254,5420640.0
07/23/1999,2.4777713656667664,2.483844705364877,2.4231150150299072,2.4231150150299072,2945600,0.0,0.0,-,2.0135547637939455,2.348149299621582,2.455376207828522,2.4672942876815798,5433024.0
07/22/1999,2.4868793820742785,2.4929519764813155,2.441331958706523,2.4686601161956787,4680000,0.0,0.0,-,2.0078935551643373,2.347473783493042,2.4515805482864383,2.46790144443512,5549312.0
07/21/1999,2.432222908005507,2.5263540744781494,2.429186610075144,2.5263540744781494,3862400,0.0,0.0,-,2.0016871994733814,2.3443106508255003,2.4447484850883487,2.4685087442398075,5587040.0
07/20/1999,2.4656237931292484,2.477769723144663,2.420076370239258,2.420076370239258,2339200,0.0,0.0,-,1.995313296914101,2.33865948677063,2.4335134744644167,2.4593992948532106,5608320.0
07/19/1999,2.5142078199997324,2.5384996829948987,2.4656240940093994,2.4656240940093994,4585600,0.0,0.0,-,1.9892893922328951,2.3353158044815063,2.4272886991500857,2.4657759428024297,5618144.0
07/16/1999,2.483843254842875,2.5263536425874,2.4808062161027844,2.524835586547852,2835200,0.0,0.0,-,1.9838842248916628,2.3310005235672,2.4200011491775517,2.4642577409744266,5643520.0
07/15/1999,2.489915540625314,2.514207399558244,2.4716970170899684,2.511171102523804,4564800,0.0,0.0,-,1.9787573903799056,2.3262287473678587,2.4088420629501344,2.464105987548828,5747456.0
07/14/1999,2.448923872708773,2.483843426674688,2.448923872708773,2.4777700901031494,5683200,0.0,0.0,-,1.973880266547203,2.322579236030579,2.3960888743400575,2.457729458808899,5904736.0
07/13/1999,2.4018586785554312,2.453478713684364,2.3927490425535627,2.444369077682495,2859200,0.0,0.0,-,1.9692608404159546,2.3192339038848875,2.3830320477485656,2.4522639513015747,5909984.0
07/12/1999,2.4413318027591577,2.4534777321261187,2.4079303116678408,2.4109673500061035,5558400,0.0,0.0,-,1.965231659412384,2.314919214248657,2.3683050751686094,2.449531078338623,5914112.0
07/09/1999,2.4777703142166136,2.4899162471294405,2.3866761880348712,2.429186582565308,4051200,0.0,0.0,-,1.961641564965248,2.3105448198318483,2.3550964117050173,2.4434581279754637,5884000.0
07/08/1999,2.459550888967902,2.477769411031755,2.441331625575406,2.4747331142425537,2912000,0.0,0.0,-,1.9584743070602417,2.3053209400177,2.3409767866134645,2.4352596521377565,5884768.0
07/07/1999,2.4899159004453586,2.5081351679422905,2.4231136493904977,2.4352595806121826,2881600,0.0,0.0,-,1.9548676973581314,2.299853205680847,2.3282235503196715,2.4209882259368896,5916992.0
07/06/1999,2.477769514570612,2.489915443563605,2.453477656584625,2.4838428497314453,2899200,0.0,0.0,-,1.951594495177269,2.2939620923995974,2.3171342492103575,2.4076276540756227,5945792.0
07/02/1999,2.508135440637238,2.523317670982817,2.444368738793804,2.45044207572937,1748800,0.0,0.0,-,1.9481237214803695,2.286674795150757,2.305738365650177,2.3888014554977417,5940448.0
07/01/1999,2.447406147763723,2.5324276884073686,2.417040941155063,2.52331805229187,4299200,0.0,0.0,-,1.945001339316368,2.2797523069381715,2.296618902683258,2.3757445573806764,5952128.0
06/30/1999,2.4322228432192743,2.4716976805782096,2.3806028144623914,2.447405815124512,6179200,0.0,0.0,-,1.9413029617071151,2.2722212886810302,2.285068452358246,2.3535781383514403,5973312.0
06/29/1999,2.4048957372648028,2.4231150150299072,2.3563119849968266,2.4231150150299072,6001600,0.0,0.0,-,1.9377725261449814,2.264874367713928,2.273978316783905,2.334448289871216,5964608.0
06/28/1999,2.3411284621523643,2.420076645570086,2.3411284621523643,2.4170403480529785,2062400,0.0,0.0,-,1.9341216933727265,2.257164249420166,2.26137375831604,2.3138001441955565,6019552.0
06/25/1999,2.3563104407636555,2.3684563708706845,2.332018580549597,2.350237846374512,3176000,0.0,0.0,-,1.93025938808918,2.250545916557312,2.2519534707069395,2.2870790719985963,6304672.0
06/24/1999,2.3380929286603704,2.3684573964113693,2.322909953455808,2.3472018241882324,3420800,0.0,0.0,-,1.9269578278064727,2.245081691741943,2.2460249304771422,2.2667346954345704,6424544.0
06/23/1999,2.301654394093172,2.3380921886593264,2.295581057667732,2.3320188522338867,3454400,0.0,0.0,-,1.9237016773223876,2.240163331031799,2.2381256818771362,2.2466939210891725,6461376.0
06/22/1999,2.301653861999512,2.31683608756006,2.259142740835589,2.301653861999512,2908800,0.0,0.0,-,1.9201151323318482,2.2355183124542237,2.235533833503723,2.2354588747024535,6471168.0
06/21/1999,2.332018655443948,2.332018655443948,2.2773623388713635,2.2955808639526367,1961600,0.0,0.0,-,1.916936954855919,2.232177987098694,2.236431062221527,2.2266408443450927,6462240.0
06/18/1999,2.2530708368458123,2.32898272921512,2.237887865308844,2.319873094558716,3560000,0.0,0.0,-,1.914030595421791,2.2293230199813845,2.2386932730674745,2.2226752758026125,6477504.0
06/17/1999,2.259142740835589,2.347200538681156,2.2348508834072494,2.301653861999512,6676800,0.0,0.0,-,1.9111536812782288,2.2245267534255984,2.241105329990387,2.21749324798584,6576992.0
06/16/1999,2.23788805942907,2.2591436283614823,2.2166332318256057,2.2561073303222656,2398400,0.0,0.0,-,1.9084282338619232,2.221186428070068,2.2445799827575685,2.2165587663650514,6555264.0
06/15/1999,2.1376846083240904,2.222706155246071,2.1316120113513346,2.2166335582733154,5560000,0.0,0.0,-,1.9065039616823196,2.2185144662857055,2.250331962108612,2.2135083436965943,6556480.0
06/14/1999,2.1619755561742404,2.180194821974911,2.1467933288928425,2.149829626083374,2504000,0.0,0.0,-,1.9054712277650834,2.2151765537261965,2.2580576300621034,2.2089473724365236,6687104.0
06/11/1999,2.177158545931167,2.22574228330943,2.1437577824803613,2.146794080734253,4656000,0.0,0.0,-,1.90505923807621,2.2147514486312865,2.268517029285431,2.2168278694152836,6700704.0
06/10/1999,2.222705985055539,2.222705985055539,2.1376844446435785,2.146794080734253,4840000,0.0,0.0,-,1.9049491554498672,2.214326400756836,2.2816296935081484,2.2253151655197145,6747264.0
06/09/1999,2.216632091888944,2.2409239463681185,2.210558757604867,2.219668388366699,5067200,0.004063,0.0,-,1.9046881681680679,2.212991714477539,2.2937569499015806,2.2295574426651004,6734432.0
06/08/1999,2.2498594190553245,2.255923359024113,2.207408878184885,2.2134735584259038,3904000,0.0,0.0,-,1.9041231721639633,2.2108059692382813,2.298298704624176,2.235608792304993,6740672.0
06/07/1999,2.286247123644458,2.286247123644458,2.237732603676118,2.255925178527832,4859200,0.0,0.0,-,1.9034382373094558,2.2072280120849608,2.299814820289612,2.246221280097962,6755392.0
06/04/1999,2.280181441077574,2.2983747482437,2.2528922206008883,2.268052816390991,2177600,0.0,0.0,-,1.9022392243146897,2.2032255697250367,2.299663174152374,2.254711270332337,6752576.0
06/03/1999,2.25895515767635,2.35295214224114,2.2559231879219177,2.292309045791626,9025600,0.0,0.0,-,1.9015228480100632,2.1980102682113647,2.298753535747528,2.2647174119949343,6816384.0
06/02/1999,2.183152545124015,2.249860354139073,2.1710239198733263,2.2256031036376958,3624000,0.0,0.0,-,1.900141915678978,2.1912788796424865,2.2984504222869875,2.2726011991500856,6829856.0
06/01/1999,2.213474402735423,2.213474402735423,2.158895220836448,2.1710238456726074,5849600,0.0,0.0,-,1.8989134263992309,2.1861241912841796,2.303605043888092,2.28715558052063,6975360.0
05/28/1999,2.237731247921935,2.237731247921935,2.207409321176183,2.228634595870972,8832000,0.0,0.0,-,1.8979880219697953,2.1841836166381836,2.3105790257453918,2.307167887687683,6984640.0
05/27/1999,2.186184512108965,2.2680529174597366,2.186184512108965,2.2316670417785645,9036800,0.0,0.0,-,1.89707637488842,2.181454677581787,2.3105790257453918,2.3202061891555785,6980800.0
05/26/1999,2.280181155821375,2.3044384021599003,2.1619268948529617,2.1892168521881104,10929600,0.0,0.0,-,1.8956817543506623,2.1788470125198365,2.308608055114746,2.337944221496582,6953824.0
05/25/1999,2.3105038225185126,2.334761076611764,2.280181884765625,2.280181884765625,18190400,0.0,0.0,-,1.8946201115846635,2.178301229476929,2.307546842098236,2.3579564571380613,7023264.0
05/24/1999,2.359017007348663,2.359017007348663,2.310502526377711,2.319598436355591,5481600,0.0,0.0,-,1.8930432796478271,2.1774522113800048,2.3036050677299498,2.3609886169433594,6841280.0
05/21/1999,2.3711470194129878,2.3772109629576685,2.3347611373269004,2.340825080871582,11929600,0.0,0.0,-,1.8911486375331878,2.1751477909088135,2.2946603417396547,2.353408360481262,6807328.0
05/20/1999,2.3893395153022805,2.3893395153022805,2.3165677534149016,2.368114233016968,14518400,0.0,0.0,-,1.8890422302484513,2.1722975397109985,2.2835929870605467,2.344615077972412,6757952.0
05/19/1999,2.37114691734314,2.4499826216663845,2.355985578588748,2.37114691734314,12846400,0.0,0.0,-,1.8867993772029876,2.169144105911255,2.2704031586647035,2.332789659500122,6589056.0
05/18/1999,2.383275544183072,2.4135967411465864,2.365082233786856,2.37114691734314,13196800,0.0,0.0,-,1.8848733574151992,2.166233229637146,2.259184169769287,2.3242996454238893,6500576.0
05/17/1999,2.37114691734314,2.3893394874667213,2.359018290503207,2.37114691734314,3342400,0.0,0.0,-,1.8831736904382705,2.164171347618103,2.2446298122406008,2.3200545072555543,6464384.0
05/14/1999,2.395403480582015,2.401467422117819,2.352952928741701,2.3590176105499268,5473600,0.0,0.0,-,1.8818814748525619,2.1615636920928956,2.2279529213905334,2.3139901638031004,6603360.0
05/13/1999,2.395402668552052,2.4348204959895887,2.37114543008708,2.409047365188598,5300800,0.0,0.0,-,1.8803480917215347,2.1607753086090087,2.214308226108551,2.300951862335205,6671456.0
05/12/1999,2.316567456056624,2.3893392086029053,2.2801815797834832,2.3893392086029053,8760000,0.0,0.0,-,1.8787909239530562,2.157045760154724,2.1977071881294252,2.27927188873291,6659360.0
05/11/1999,2.2619889817649064,2.3165674253140467,2.2437956737335005,2.3105034828186035,6566400,0.0,0.0,-,1.8775888341665268,2.152434439659119,2.183304417133331,2.2571372270584105,6569664.0
05/10/1999,2.2528925265530453,2.292310377069421,2.228635273885644,2.243795871734619,4926400,0.0,0.0,-,1.8771431118249893,2.1499448442459106,2.1727676391601562,2.2462215185165406,6532384.0
05/07/1999,2.2498602846322124,2.271843232151814,2.2256030348802343,2.252892255783081,2830400,0.0,0.0,-,1.8770309275388717,2.149394979476929,2.1673097252845763,2.235912322998047,6671392.0
05/06/1999,2.295341831596974,2.3195990788008323,2.2316667427549555,2.2498600482940674,5854400,0.0,0.0,-,1.8775825208425523,2.1468465232849123,2.1623067378997805,2.2225708961486816,6816384.0
05/05/1999,2.340825233123499,2.340825233123499,2.2498608921281136,2.2862467765808105,8032000,0.0,0.0,-,1.8782700020074845,2.1454486560821535,2.1538167238235473,2.2080166578292846,6895808.0
05/04/1999,2.313534942500932,2.3590174622498807,2.307470261073964,2.32869553565979,12428800,0.0,0.0,-,1.8788359206914902,2.14332305431366,2.146236264705658,2.194068694114685,6875008.0
05/03/1999,2.2377317312380574,2.322632108082028,2.2377317312380574,2.3105034828186035,5945600,0.0,0.0,-,1.879023593068123,2.1403484773635864,2.1359269499778746,2.169205117225647,6808800.0
04/30/1999,2.19831266912522,2.228634595870972,2.1892167573466343,2.228634595870972,3065600,0.0,0.0,-,1.8790305894613266,2.137737741470337,2.122888672351837,2.1419156789779663,6809792.0
04/29/1999,2.207408214803717,2.207408214803717,2.164958426962726,2.1922476291656494,4052800,0.0,0.0,-,1.8794469302892685,2.136158890724182,2.1178856611251833,2.127664589881897,6946912.0
04/28/1999,2.213475135110499,2.2195390793987078,2.1588959351528407,2.16799259185791,4089600,0.0,0.0,-,1.8798037523031235,2.1339149856567383,2.1145503640174867,2.11614248752594,6990368.0
04/27/1999,2.183153084889464,2.219538969637621,2.1528318844023584,2.2013463973999023,4523200,0.0,0.0,-,1.8800403970479964,2.1320350694656374,2.1101537227630613,2.1094716072082518,7003904.0
04/26/1999,2.125542571356209,2.152832548540692,2.0982533344446743,2.1407039165496826,4321600,0.0,0.0,-,1.8801102727651595,2.1289431047439575,2.105605459213257,2.099313759803772,6961728.0
04/23/1999,2.0921887585951047,2.1194779872894287,2.083092102272755,2.1194779872894287,2632000,0.0,0.0,-,1.8800910025835038,2.12730619430542,2.100299048423767,2.098707127571106,6984160.0
04/22/1999,2.1588961297033777,2.1649608148108666,2.08006040521579,2.1043176651000977,2332800,0.0,0.0,-,1.880358949303627,2.1247615957260133,2.0971153020858764,2.102042579650879,7217280.0
04/21/1999,2.0800600560859017,2.2013463351500158,2.0800600560859017,2.1467671394348145,5358400,0.0,0.0,-,1.880793246626854,2.1231863117218017,2.0922638058662413,2.09961678981781,7371904.0
04/20/1999,2.037609204865088,2.0861237097428287,2.037609204865088,2.080059766769409,5744000,0.0,0.0,-,1.8809247475862503,2.122336440086365,2.0827124297618864,2.0984038352966308,7468480.0
04/19/1999,2.09825222832816,2.1043169112630755,2.0072879064848945,2.037609100341797,8748800,0.0,0.0,-,1.8811785167455672,2.1223968648910523,2.077102875709534,2.1026487827301024,7573088.0
04/16/1999,2.0861237049102783,2.1164456405249226,2.0739950787189394,2.0861237049102783,16318400,0.0,0.0,-,1.8815841764211654,2.1228218507766723,2.078922176361084,2.103861665725708,7678592.0
04/15/1999,2.1012838527964344,2.1285738110899115,2.061866011180216,2.077026605606079,9169600,0.0,0.0,-,1.8815359908342362,2.120823230743408,2.0792253732681276,2.1081067323684692,7503328.0
04/14/1999,2.0982518179428578,2.122509064393064,2.0982518179428578,2.1012837886810303,5262400,0.0,0.0,-,1.8815332907438278,2.1185826587677004,2.080438232421875,2.112958240509033,7416544.0
04/13/1999,2.140702586088297,2.146766528178546,2.0921880882763526,2.0997679233551025,3944000,0.0,0.0,-,1.8809867614507676,2.115735845565796,2.0834704279899596,2.110835838317871,7404352.0
04/12/1999,2.1346375942230225,2.1467662169174715,2.0921877849286417,2.1346375942230225,2462400,0.0,0.0,-,1.8803270906209946,2.1120110392570495,2.0903685808181764,2.1118971586227415,7539616.0
04/09/1999,2.0770280043630667,2.177089771613363,2.0770280043630667,2.152832508087158,2724800,0.0,0.0,-,1.8795685201883316,2.107831048965454,2.0938555717468263,2.101890969276428,7635808.0
04/08/1999,2.155863495572729,2.158895467059439,2.0770270550101038,2.080059766769409,8534400,0.0,0.0,-,1.878718975186348,2.1020155262947084,2.09612957239151,2.092188024520874,7642720.0
04/07/1999,2.1346375942230225,2.2074093303897167,2.11644503031754,2.1346375942230225,5590400,0.0,0.0,-,1.8782785660028458,2.0985637593269346,2.102648711204529,2.084910821914673,7564096.0
04/06/1999,2.043673553713639,2.134637865339007,2.031544929478758,2.122509241104126,2459200,0.0,0.0,-,1.8774596309661866,2.0931726813316347,2.1071969866752625,2.0670210242271425,7528352.0
04/05/1999,2.1225096911368286,2.1376702895767905,2.001223423071867,2.049737930297852,12091200,0.0,0.0,-,1.8767767995595932,2.087630560398102,2.1144741654396055,2.0515569686889648,7654528.0
04/01/1999,2.140702998125364,2.140702998125364,2.098252434232892,2.12857437133789,3184000,0.0,0.0,-,1.8766238158941269,2.0826658248901366,2.1240254759788515,2.05398268699646,7484672.0
03/31/1999,2.0739952075643897,2.149798940901361,2.0558026372834783,2.1255416870117188,6984000,0.0,0.0,-,1.8757295721769334,2.0765482497215273,2.133576679229736,2.0503440141677856,7501440.0
03/30/1999,2.1285742716471496,2.1285742716471496,2.049737831084524,2.080059766769409,4198400,0.0,0.0,-,1.8751824766397476,2.070854642391205,2.1384280920028687,2.0479182243347167,7459104.0
03/29/1999,2.0558026743055544,2.146767007893529,2.0254807362611267,2.1103811264038086,5379200,0.0,0.0,-,1.8751495176553725,2.0650412702560423,2.14236376285553,2.0561050176620483,7494528.0
03/26/1999,2.05883293492611,2.067929582806453,2.019415114474009,2.034575700759888,4640000,0.0,0.0,-,1.8753573101758958,2.058681993484497,2.1461458921432497,2.068840003013611,8028992.0
03/25/1999,2.02548111679057,2.0618670051161496,1.9981918856145844,2.055803060531616,4718400,0.0,0.0,-,1.8759290379285813,2.0546866250038147,2.155232238769531,2.085820174217224,8315808.0
03/24/1999,1.9527085598909664,2.013351682868947,1.9527085598909664,2.007287740707397,5368000,0.0,0.0,-,1.8762304431200028,2.0511144614219665,2.158715558052063,2.100071120262146,8534432.0
03/23/1999,1.967868236277428,2.0012221234021683,1.9557396173477173,1.9557396173477173,9699200,0.0,0.0,-,1.8764579194784163,2.0486337113380433,2.1673495054244993,2.1203866004943848,8771808.0
03/22/1999,2.0648976593206467,2.067930369949834,1.9102582878526035,1.967868685722351,10899200,0.0,0.0,-,1.8765964806079865,2.047305028438568,2.17856085896492,2.1473729491233824,8705856.0
03/19/1999,2.1103809925547816,2.1103809925547816,2.0709631418424563,2.0739951133728027,6313600,0.0,0.0,-,1.8767045426368714,2.0453704500198366,2.1891657590866087,2.1773913621902468,8861312.0
03/18/1999,2.1103802057229384,2.1103802057229384,2.049737096363084,2.0921876430511475,8640000,0.0,0.0,-,1.8766738438606263,2.043311641216278,2.1944643378257753,2.194068264961243,9054656.0
03/17/1999,2.1649596158171325,2.177088239042236,2.083091223979582,2.1012837886810303,7688000,0.0,0.0,-,1.8769440484046935,2.0397384405136108,2.1973395586013793,2.216809344291687,9090784.0
03/16/1999,2.243796121994478,2.2741180613469627,2.14070315679594,2.1619277000427246,14401600,0.0,0.0,-,1.8771989142894745,2.034893345832825,2.196277987957001,2.2289379596710206,9237888.0
03/15/1999,2.2013451163457214,2.28018078395262,2.192248465384221,2.2377309799194336,9091200,0.0,0.0,-,1.8770299899578093,2.029804220199585,2.1918814420700072,2.2286225080490114,9219328.0
03/12/1999,2.2074093834744515,2.216506035782144,2.1892168191314663,2.2043774127960205,3784000,0.0,0.0,-,1.8765272557735444,2.021079623699188,2.1823323011398315,2.223451781272888,9375872.0
03/11/1999,2.213473853468177,2.213473853468177,2.189216609815224,2.198312520980835,9460800,0.0,0.0,-,1.8758446455001831,2.0116293478012084,2.175056350231171,2.2246443033218384,9491872.0
03/10/1999,2.2134752556117467,2.231667829739529,2.1892179965928387,2.210442543029785,6073600,0.0,0.0,-,1.8751019275188445,2.0013314962387083,2.1647531270980833,2.21735999584198,9458880.0
03/09/1999,2.255924296628149,2.258956267872687,2.213474478387006,2.2256031036376958,8422400,0.0,0.0,-,1.8743136298656464,1.9913965845108033,2.1555086731910706,2.2143124103546143,9385856.0
03/08/1999,2.2437955670178256,2.274117498870534,2.2316669423312425,2.268052816390991,11387200,0.0,0.0,-,1.8731480944156647,1.9799473690986633,2.149442195892334,2.2097487688064574,9396384.0
03/05/1999,2.3105039350661385,2.328696506385937,2.2362153505142164,2.240764141082764,10291200,0.0,0.0,-,1.8718758046627044,1.9666802930831908,2.1401936054229735,2.200940155982971,9375776.0
03/04/1999,2.255923365149274,2.319598436355591,2.243794744906536,2.319598436355591,8878400,0.0,0.0,-,1.8709961831569673,1.9561994910240172,2.1310983180999754,2.194860410690308,9410528.0
03/03/1999,2.1710234806553927,2.2983743901596405,2.1528309165961503,2.222569942474365,4696000,0.004063,0.0,-,1.8694360291957854,1.9417803835868837,2.1144280314445494,2.177869772911072,9514176.0
03/02/1999,2.182995044901126,2.228411219221436,2.143634705446708,2.158773183822632,4275200,0.0,0.0,-,1.8682555162906647,1.9298468399047852,2.101549434661865,2.163618016242981,9675776.0
03/01/1999,2.2163006741763005,2.2163006741763005,2.161801846866659,2.186023712158203,4702400,0.0,0.0,-,1.8680269968509675,1.9178570318222046,2.0915579319000246,2.1551403760910035,9979616.0
02/26/1999,2.149692814450104,2.270802247962974,2.1375818710988166,2.2163026332855225,11876800,0.0,0.0,-,1.8676923727989196,1.9052010989189148,2.0779331266880035,2.141212821006775,10314048.0
02/25/1999,2.173913185819535,2.1829958326069225,2.081567122337761,2.125469446182251,10080000,0.0,0.0,-,1.8674625766277313,1.8928479075431823,2.0633998990058897,2.125468397140503,10294304.0
02/24/1999,2.198133446820228,2.237493771669425,2.173911594729604,2.179966688156128,9825600,0.0,0.0,-,1.8674307239055634,1.8842491269111634,2.0502292454242705,2.112146258354187,10192864.0
02/23/1999,2.1557448360655043,2.2162994662920634,2.1436339100201924,2.179966688156128,6992000,0.0,0.0,-,1.867382607460022,1.8753476095199586,2.036604481935501,2.096704936027527,10067488.0
02/22/1999,2.176939141442866,2.19207761420144,2.14968974263898,2.179966688156128,9118400,0.0,0.0,-,1.8674249267578125,1.8665066576004028,2.020860332250595,2.0891356229782105,9988992.0
02/19/1999,2.1557448360655043,2.201160993533489,2.14968974263898,2.179966688156128,5995200,0.0,0.0,-,1.8677385354042053,1.8579079270362855,2.0041321575641633,2.079447054862976,9921664.0
02/18/1999,2.0891373630993817,2.179969036698628,2.0891373630993817,2.1496920585632324,9921600,0.0,0.0,-,1.8679315698146821,1.848824758529663,1.9852088809013366,2.0673362255096435,9961696.0
02/17/1999,2.077024828144716,2.0951908532296524,2.058858063867288,2.080052375793457,6225600,0.0,0.0,-,1.8684568345546722,1.8405892992019652,1.9688590586185455,2.0509862899780273,9996384.0
02/16/1999,2.0770250694959773,2.095191096691814,2.0709692343023134,2.0739967823028564,4766400,0.0,0.0,-,1.8692700147628785,1.8341704964637757,1.956899505853653,2.0394808530807493,10103392.0
02/12/1999,2.0588590971816925,2.077025870576786,2.034637225450143,2.046748161315918,2414400,0.0,0.0,-,1.8700682640075683,1.8280544829368592,1.9426692247390747,2.0279754877090452,10087936.0
02/11/1999,1.9983037359574265,2.0891360935517964,1.992248639687194,2.0588583946228027,5443200,0.0,0.0,-,1.8712288296222688,1.822066822052002,1.9299526810646057,2.014653432369232,10271264.0
02/10/1999,2.0104140810212794,2.0104140810212794,1.9740812964245087,1.992248058319092,14288000,0.0,0.0,-,1.8722082626819612,1.8160788202285767,1.918750125169754,2.001331400871277,10323008.0
02/09/1999,2.1194133853234614,2.1194133853234614,2.016470819061256,2.0255534648895264,10064000,0.0,0.0,-,1.8732494556903838,1.8107579135894776,1.9129974663257598,1.9883122324943543,10126048.0
02/08/1999,2.1012460109892794,2.113356936876272,2.0346355490146952,2.104273557662964,10187200,0.0,0.0,-,1.8747722113132477,1.8047104454040528,1.9058823049068452,1.9765040278434753,10038176.0
02/05/1999,2.086108556227373,2.125469652905532,2.0558315856057328,2.083081007003784,10974400,0.0,0.0,-,1.8758109378814698,1.7967257833480834,1.895133900642395,1.9525850415229797,10025536.0
02/04/1999,2.010414667690501,2.113357957017947,2.010414667690501,2.0588583946228027,14024000,0.0,0.0,-,1.8768953359127045,1.7891649723052978,1.8845368385314942,1.9288172602653504,10112416.0
02/03/1999,1.97408177212971,2.0225254965991506,1.9498599098949896,1.9861927032470703,7555200,0.0,0.0,-,1.8781159222126007,1.7809398460388184,1.8801466524600983,1.9030815362930298,9981056.0
02/02/1999,1.949859530666407,1.9649980068206787,1.9256376731426008,1.9649980068206787,4830400,0.0,0.0,-,1.879518973827362,1.7733820128440856,1.8765133976936341,1.8867318272590636,9983168.0
02/01/1999,1.9377488161114684,1.9680265109594657,1.931693720657376,1.9589431285858157,4652800,0.0,0.0,-,1.880786851644516,1.7664899325370789,1.8712149500846862,1.8743181586265565,10062304.0
01/29/1999,1.9377494763724408,1.9861932132817524,1.9074725104005037,1.9135276079177856,10707200,0.0,0.0,-,1.8817835605144502,1.7581469225883484,1.8686413645744324,1.857362961769104,10236864.0
01/28/1999,1.8893052856877164,1.9332077813136117,1.8650834230506943,1.9256380796432493,7272000,0.0,0.0,-,1.8829018431901932,1.7515586924552917,1.863040041923523,1.8452519297599792,10176512.0
01/27/1999,1.9256385962309952,1.9316944331111323,1.8499454399823752,1.8620563745498655,3070400,0.0,0.0,-,1.8840952229499817,1.7445770859718324,1.853351318836212,1.8361688494682311,10168928.0
01/26/1999,1.889304657843762,1.9195823456746075,1.859027709205256,1.9074714183807373,4603200,0.0,0.0,-,1.885561290383339,1.7398042941093446,1.8444194972515107,1.8376827001571656,10249984.0
01/25/1999,1.865083694458008,1.8893055606198,1.8393481464592767,1.865083694458008,3803200,0.0,0.0,-,1.8868907231092453,1.7345464515686035,1.8347307741641998,1.8352605819702148,10222944.0
01/22/1999,1.7742521965331812,1.8529728977565292,1.7621412625609163,1.8454031944274905,8768000,0.0,0.0,-,1.888522521853447,1.7301363635063172,1.8241337060928344,1.8376827597618104,10306496.0
01/21/1999,1.786362676083439,1.8045287028243169,1.7742517451920006,1.8015011548995967,3598400,0.0,0.0,-,1.8901773685216903,1.726240804195404,1.8120984971523284,1.8402564167976379,10215744.0
01/20/1999,1.8348065447566528,1.8408616410849656,1.7863628173596802,1.8226956129074097,4022400,0.0,0.0,-,1.8922024405002593,1.7224372696876527,1.8078596413135528,1.8572117686271667,10304992.0
01/19/1999,1.798473436001491,1.859028084702004,1.7803066717950922,1.8408613204956052,4867200,0.0,0.0,-,1.8942119723558426,1.716940128803253,1.7966570138931275,1.8662949681282044,10947136.0
01/15/1999,1.8045296467461605,1.8287515211991288,1.7530583483318387,1.7893911600112915,5969600,0.0,0.0,-,1.8957086652517319,1.714526014328003,1.7859085857868195,1.8681117415428161,10986368.0
01/14/1999,1.8408609983083364,1.8469168317147409,1.7681954325856388,1.792417287826538,32102400,0.0,0.0,-,1.8973722779750823,1.7129599380493163,1.774403166770935,1.8799197673797607,10931104.0
01/13/1999,1.8226963400450475,1.8862785728206075,1.7984744666836043,1.834807276725769,18980800,0.0,0.0,-,1.8990509057044982,1.710970561504364,1.7624436557292937,1.8808281540870666,10634688.0
01/12/1999,1.8893058161581715,1.8893058161581715,1.8105851100813108,1.877194881439209,15649600,0.0,0.0,-,1.9000352782011032,1.7057148814201355,1.7506354451179504,1.870533788204193,10414336.0
01/11/1999,1.8711393048911984,1.8893053327249445,1.8105846467910405,1.8832502365112305,17236800,0.0,0.0,-,1.9006871420145035,1.7024531888961791,1.741552221775055,1.8511562943458557,10195968.0
01/08/1999,1.871139443197465,1.90141640488918,1.871139443197465,1.8893054723739624,6401600,0.0,0.0,-,1.9013690131902694,1.698586699962616,1.7341342508792876,1.8342009663581849,9910656.0
01/07/1999,1.9438053723659363,1.9619714046645864,1.859028830189072,1.8711397647857664,18672000,0.0,0.0,-,1.9020507538318634,1.6941758489608765,1.7265649318695069,1.8105846524238587,9903648.0
01/06/1999,1.9165551011543664,1.9861931557422967,1.9135275524834323,1.9710546731948853,15980800,0.0,0.0,-,1.9025821739435196,1.691216654777527,1.7205094516277313,1.783940577507019,9679968.0
01/05/1999,1.8469178392638643,1.916555156676427,1.8408620025538192,1.9135276079177856,10446400,0.0,0.0,-,1.9026140195131303,1.6859568428993226,1.7082471311092378,1.7585075139999389,9422560.0
01/04/1999,1.9165554465269703,1.9165554465269703,1.8226962464649428,1.859029054641724,15043200,0.0,0.0,-,1.9030842196941375,1.6822708249092102,1.6994667053222656,1.7270190596580506,9307968.0
12/31/1998,1.7924172394927995,1.9286649867507557,1.7924172394927995,1.9074714183807373,13473600,0.0,0.0,-,1.9039173424243927,1.6790096783638,1.694470864534378,1.7037054300308228,9124448.0
12/30/1998,1.725808021626247,1.8045287028243169,1.725808021626247,1.8015011548995967,16918400,0.0,0.0,-,1.9045383942127228,1.6739936637878419,1.6875070989131928,1.6688865661621093,9200032.0
12/29/1998,1.677364782734423,1.7379194546888643,1.6743364947421209,1.7318636178970337,9584000,0.0,0.0,-,1.9054481476545333,1.6698878192901612,1.6848002970218658,1.644059157371521,9234688.0
12/28/1998,1.7197527473779033,1.7379195192353376,1.6622256220864282,1.683419942855835,7811200,0.0,0.0,-,1.9065553718805313,1.6666910123825074,1.6861800312995912,1.6307371020317079,9287680.0
12/24/1998,1.668280784547396,1.7197520520101373,1.6531423069158546,1.7136969566345217,2422400,0.0,0.0,-,1.9080856776237487,1.664946792125702,1.688319170475006,1.6319481492042542,9600704.0
12/23/1998,1.6046986124904972,1.6773641933008023,1.6016703255623497,1.653142333030701,8948800,0.0,0.0,-,1.9092535972595215,1.6592111349105836,1.6887933254241942,1.6340675354003906,9816224.0
12/22/1998,1.7136974142150248,1.7136974142150248,1.5986431794322626,1.6046990156173706,10356800,0.0,0.0,-,1.9107242900133132,1.651602976322174,1.6913882315158844,1.642545211315155,9795616.0
12/21/1998,1.6016698653067905,1.7258074179133025,1.6016698653067905,1.7167240381240845,12028800,0.0,0.0,-,1.912497489452362,1.645870623588562,1.696405303478241,1.6570783257484436,9832384.0
12/18/1998,1.6349758614193308,1.6470867937261406,1.5986430644989014,1.5986430644989014,14060800,0.0,0.0,-,1.913348838686943,1.6360839223861694,1.6929492056369781,1.6579867482185364,9844128.0
12/17/1998,1.5623105375689046,1.653142915163483,1.5623105375689046,1.6258927583694458,12776000,0.0,0.0,-,1.914534363746643,1.6277518820762635,1.6934321045875549,1.6719143509864807,9743328.0
12/16/1998,1.5713937124694903,1.580477096849574,1.538088462537633,1.5592827796936035,19467200,0.0,0.0,-,1.9155987149477005,1.6191771554946899,1.6931571662425995,1.6852362990379333,9766624.0
12/15/1998,1.6107541870434483,1.6713088557292923,1.5320334873482178,1.5532270669937134,21424000,0.0,0.0,-,1.9170564031600952,1.6138089656829835,1.6922826588153839,1.7061276316642762,9516992.0
12/14/1998,1.6834195906465703,1.70764145526019,1.5956155162203602,1.5986430644989014,10889600,0.0,0.0,-,1.9185612452030183,1.6072922039031983,1.693827110528946,1.7255414366722106,9237216.0
12/11/1998,1.7439741407121931,1.7439741407121931,1.6955304145812988,1.6955304145812988,5008000,0.0,0.0,-,1.9198691153526306,1.6003508138656617,1.6927228450775147,1.7416229605674745,9428000.0
12/10/1998,1.7439742023646918,1.7439742023646918,1.7167247902508995,1.7348908185958862,3556800,0.0,0.0,-,1.9208731538057326,1.5907461142539978,1.6891171634197235,1.744690191745758,9929504.0
12/09/1998,1.7439741885143771,1.7560851203790602,1.7136972284489784,1.7379190921783447,3067200,0.0,0.0,-,1.9216954332590104,1.583740110397339,1.6846015870571136,1.743519115447998,10185216.0
12/08/1998,1.731863391146092,1.7560852567565268,1.713697361534604,1.7500301599502563,5752000,0.0,0.0,-,1.9223069232702255,1.5789711022377013,1.679934597015381,1.7402312517166139,10386464.0
12/07/1998,1.734890907868561,1.7379191954090731,1.6894754650728294,1.7258082628250122,7996800,0.0,0.0,-,1.9226923018693924,1.5746854257583618,1.6749643504619598,1.7357322812080382,10406400.0
12/04/1998,1.7651685040757272,1.7742518877723945,1.7076413929203276,1.7379190921783447,11656000,0.0,0.0,-,1.9232138401269914,1.5712469577789308,1.6692401587963104,1.7279116630554199,10470848.0
12/03/1998,1.792417478175202,1.8287502648949696,1.7591122388839722,1.7591122388839722,11576000,0.0,0.0,-,1.923599575161934,1.5692592334747315,1.6597361326217652,1.714949858188629,10452832.0
12/02/1998,1.7258082127393135,1.792417970422196,1.7258082127393135,1.7681961059570312,3993600,0.003438,0.0,-,1.9237589347362518,1.5679359579086303,1.657788300514221,1.7010780334472657,10546592.0
12/01/1998,1.7292260136308475,1.753410992842468,1.708063972303932,1.747365117073059,11580800,0.0,0.0,-,1.9236170250177382,1.5684867358207704,1.654932862520218,1.6784376859664918,10517600.0
11/30/1998,1.7352733146622883,1.7866662313226225,1.7110883258730392,1.759458303451538,8030400,0.0,0.0,-,1.9234137213230134,1.568607656955719,1.652212029695511,1.662112784385681,10341120.0
11/27/1998,1.7171331764786997,1.729225663637,1.7110873019329709,1.7262027263641355,4440000,0.0,0.0,-,1.9232251954078674,1.5690308737754821,1.642840278148651,1.643822729587555,10227488.0
11/25/1998,1.6929484640131442,1.7292259310991402,1.6929484640131442,1.723180055618286,5670400,0.0,0.0,-,1.923172851204872,1.5703005814552307,1.642235654592514,1.633544135093689,10185792.0
11/24/1998,1.705040454864502,1.7110870666456193,1.668762998378023,1.705040454864502,9555200,0.0,0.0,-,1.923225919008255,1.5723562932014465,1.6405729413032533,1.6256840586662293,10127424.0
11/23/1998,1.65667051288253,1.7322483627126757,1.6506246391681545,1.705040454864502,15318400,0.0,0.0,-,1.9231288820505141,1.5739283347129822,1.6387590646743775,1.619637942314148,10027616.0
11/20/1998,1.6203941550040042,1.653648697179479,1.5992321065225892,1.647602081298828,7456000,0.0,0.0,-,1.9229565954208374,1.5746538996696473,1.6396660447120666,1.6141964197158813,9842400.0
11/19/1998,1.6294630838628403,1.647601448402787,1.5992314922069844,1.608301043510437,7660800,0.0,0.0,-,1.9232219976186753,1.575560827255249,1.6426891446113587,1.6105686545372009,9828448.0
11/18/1998,1.5357465441547224,1.6476019150192784,1.526676990282686,1.620393991470337,8787200,0.0,0.0,-,1.9238344150781632,1.5762863922119141,1.6487354278564452,1.6045224070549011,9782656.0
11/17/1998,1.5690005453757838,1.5750464205074868,1.5085381037241825,1.541792631149292,13380800,0.0,0.0,-,1.9239499098062516,1.5776770281791688,1.6525143146514893,1.6144985675811767,9831840.0
11/16/1998,1.6203935692328533,1.6294631207415722,1.5569081848057726,1.5841161012649536,7689600,0.0,0.0,-,1.9243982076644897,1.5807606101036071,1.658258217573166,1.6314280390739442,9877984.0
11/13/1998,1.638532494596282,1.6445783695686014,1.575046378985558,1.576557755470276,6892800,0.0,0.0,-,1.9245596343278886,1.5813724851608277,1.6588628590106964,1.6423112750053406,9825888.0
11/12/1998,1.644578825833491,1.6596942555247445,1.5901629837181386,1.623416781425476,7123200,0.0,0.0,-,1.9245030003786088,1.5831616973876954,1.6586361348628997,1.6418578267097472,9784992.0
11/11/1998,1.644579291343689,1.68387971489206,1.6385334129826974,1.644579291343689,3251200,0.0,0.0,-,1.9242722684144973,1.5849795413017274,1.6572757422924043,1.6509271740913392,9763776.0
11/10/1998,1.644579291343689,1.6808567757115644,1.6113247461563092,1.644579291343689,7980800,0.0,0.0,-,1.9239959275722505,1.5869777607917785,1.6463924825191498,1.6554618239402772,10019808.0
11/09/1998,1.6203936353089865,1.650625228881836,1.6022552696188812,1.650625228881836,4230400,0.0,0.0,-,1.9238550382852555,1.5892174625396729,1.6278002381324768,1.657880187034607,9987008.0
11/06/1998,1.5478390288607002,1.6385330909915887,1.541793151687795,1.611324429512024,8060800,0.0,0.0,-,1.9236387699842452,1.5936300158500671,1.6111730456352233,1.665135669708252,10065536.0
11/05/1998,1.698995047944294,1.7110875367621643,1.5357460798695683,1.547838568687439,36129600,0.0,0.0,-,1.9237996125221253,1.6016052627563477,1.5919762730598448,1.6748096346855164,10028928.0
11/04/1998,1.7352717546877143,1.7413176274162656,1.6687627262739213,1.7201555967330933,6828800,0.0,0.0,-,1.9243079787492752,1.6119971251487732,1.573686397075653,1.6929484486579895,9410176.0
11/03/1998,1.6959711831889783,1.73527232101751,1.6717862082484336,1.711087346076965,3206400,0.0,0.0,-,1.9242256724834441,1.6200895643234252,1.547536438703537,1.6905300617218018,9335168.0
11/02/1998,1.584116059541702,1.7775958836078642,1.5720235705375671,1.6929484605789185,17281600,0.0,0.0,-,1.9243091040849685,1.6277597498893739,1.5265257358551025,1.6850883960723877,9436416.0
10/30/1998,1.7110872387317124,1.7231797254433612,1.5720232725143433,1.5720232725143433,7963200,0.0,0.0,-,1.9246939343214036,1.6360341644287109,1.5032477617263793,1.6754144430160522,9241472.0
10/29/1998,1.6899252806985414,1.7231798052116762,1.6566707561854066,1.714110255241394,4731200,0.0,0.0,-,1.925713493824005,1.6461234307289123,1.4872252762317657,1.6754144430160522,9160768.0
10/28/1998,1.6506253788773648,1.6929487280449524,1.6324862734719183,1.6899257898330688,2971200,0.0,0.0,-,1.9260376679897309,1.652163677215576,1.4622845351696014,1.6636243104934691,9173952.0
10/27/1998,1.7292253470075305,1.7473644434570474,1.6445779523987702,1.6687629222869873,6051200,0.0,0.0,-,1.9263473153114319,1.6608607125282289,1.447017776966095,1.6373231410980225,9355488.0
10/26/1998,1.6869025885322904,1.723180055618286,1.6264401433889637,1.723180055618286,7488000,0.0,0.0,-,1.9266724687814714,1.6678079056739807,1.4385530650615692,1.5977202892303466,9395552.0
10/23/1998,1.723180245788942,1.7534111026634125,1.6808561604842367,1.708064079284668,3110400,0.0,0.0,-,1.9267556393146514,1.6729424095153809,1.429181379079819,1.557210421562195,9390496.0
10/22/1998,1.7171342139477497,1.753411697341012,1.6627183578915006,1.7292267084121704,4716800,0.0,0.0,-,1.9268842869997025,1.6784999871253967,1.4214724183082583,1.5091429114341737,9433312.0
10/21/1998,1.6566713149993204,1.7201567100719355,1.59016298160589,1.6959717273712158,5867200,0.0,0.0,-,1.926756625175476,1.6848415565490722,1.416937726736069,1.4544243454933166,9449120.0
10/20/1998,1.6203932292269962,1.6748097887941489,1.596208255656444,1.6566706895828247,17252800,0.0,0.0,-,1.9268554359674455,1.6899769806861877,1.416786563396454,1.4045428156852722,9475968.0
10/19/1998,1.5659780693139869,1.7806192468831548,1.541793085525872,1.596208930015564,18651200,0.0,0.0,-,1.9272560983896256,1.696381332874298,1.4237397789955142,1.3679630756378174,9207296.0
10/16/1998,1.5690003353531352,1.6143473450385222,1.5387687495406053,1.5720232725143433,12233600,0.0,0.0,-,1.9279741245508193,1.7037534642219543,1.4315998911857606,1.3310810804367066,8996768.0
10/15/1998,1.3966831827971846,1.6385330206783306,1.3845906909031271,1.596208930015564,23462400,0.0,0.0,-,1.928873284459114,1.7111263990402221,1.4420296847820284,1.2990361094474792,9001344.0
10/14/1998,1.2636658183497984,1.4329607110811575,1.2455267108092871,1.426914095878601,13198400,0.0,0.0,-,1.9298020124435424,1.717593092918396,1.4517036437988282,1.2609447598457337,8771168.0
10/13/1998,1.318081426183767,1.3241280402915172,1.2576189754413922,1.2727344036102295,7918400,0.0,0.0,-,1.9305989450216294,1.727445683479309,1.471656221151352,1.2567124128341676,8906304.0
10/12/1998,1.2757580339677104,1.378543827511849,1.2757580339677104,1.3180813789367676,12195200,0.0,0.0,-,1.9322420263290405,1.7417098546028138,1.4972016274929048,1.2793858408927918,8947968.0
10/09/1998,1.215296479393907,1.257619855497056,1.2001803025800646,1.2273889780044556,12616000,0.0,0.0,-,1.9336884772777558,1.7559724974632263,1.518363493680954,1.3011523365974427,8778720.0
10/08/1998,1.1548331317802434,1.2092489662269583,1.1246015385910717,1.182041049003601,9020800,0.0,0.0,-,1.9357614672183991,1.7736787939071654,1.541641467809677,1.3338019251823425,8634240.0
10/07/1998,1.2999429563946747,1.2999429563946747,1.1548330861776115,1.1971564292907717,13940800,0.0,0.0,-,1.9380386221408843,1.7910847926139832,1.5647683799266816,1.3794511079788208,8620640.0
10/06/1998,1.2455262742194826,1.3241278158978518,1.2334337861202644,1.2908732891082764,6985600,0.0,0.0,-,1.9402552455663682,1.8090939402580262,1.5894068479537964,1.4290303111076355,8456928.0
10/05/1998,1.2273889780044556,1.257619855497056,1.2092498610548614,1.2273889780044556,7435200,0.0,0.0,-,1.9422290444374084,1.8262548995018006,1.6096617698669433,1.4795164823532105,8402528.0
10/02/1998,1.2213419570283142,1.3362210249903692,1.2092494624042711,1.2515735626220703,20428800,0.0,0.0,-,1.9446858155727387,1.8461343002319337,1.6290278136730194,1.5321187019348144,8361664.0
10/01/1998,1.3543586793635949,1.402728632198009,1.1850638444431454,1.215295433998108,30083200,0.0,0.0,-,1.9471270185709,1.8655300092697145,1.6497500538825989,1.5850232601165772,8273600.0
09/30/1998,1.4934230476892671,1.5055155390144146,1.369474458056182,1.3845906257629397,16342400,0.0,0.0,-,1.9499904137849808,1.8884883189201356,1.6747007310390472,1.6424625277519227,7785536.0
09/29/1998,1.529700276701665,1.5478386417511971,1.48133031914694,1.4994686841964722,13129600,0.0,0.0,-,1.9522481381893158,1.9085436320304872,1.692695713043213,1.6866000294685364,7581440.0
09/28/1998,1.5478388268177905,1.553885441268581,1.5297004595995531,1.5357463359832764,6748800,0.0,0.0,-,1.953765920996666,1.9265428686141968,1.7055504977703095,1.7150174140930177,7576224.0
09/25/1998,1.656670628718661,1.656670628718661,1.5296998911714303,1.5538848638534546,11219200,0.0,0.0,-,1.9551474630832673,1.943152542114258,1.722325825691223,1.7355746507644654,7634368.0
09/24/1998,1.692948716685454,1.7050412075189216,1.6203937716846488,1.6385328769683838,10755200,0.0,0.0,-,1.956739319562912,1.9583129000663757,1.745135921239853,1.7494810104370118,7536448.0
09/23/1998,1.80782747515168,1.80782747515168,1.6506251180979232,1.6929484605789185,16264000,0.0,0.0,-,1.9579982358217238,1.9717802977561951,1.7665808618068695,1.7500856518745422,8062112.0
09/22/1998,1.7715500233481265,1.8199199797799253,1.7443413693050176,1.795735001564026,2544000,0.0,0.0,-,1.959045278429985,1.9831935691833495,1.7881723165512085,1.7497833847999573,7908832.0
09/21/1998,1.7594577882809972,1.7715502791349316,1.6778332905001725,1.7534111738204956,2756800,0.0,0.0,-,1.9595482939481734,1.9915852999687196,1.8031153976917267,1.7398070573806763,7939488.0
09/18/1998,1.7957353119879471,1.8108507414691075,1.777596206156883,1.7806191444396973,2348800,0.0,0.0,-,1.9606241309642791,2.0008235073089597,1.8207782983779908,1.7259369254112245,8100032.0
09/17/1998,1.7775956231194574,1.801780597583668,1.7171331869589317,1.7896881103515625,2355200,0.0,0.0,-,1.9615831887722015,2.007948122024536,1.8355716705322265,1.7144768476486205,8380512.0
09/16/1998,1.801780667526043,1.8289885803377373,1.7655032044214918,1.8259656429290767,2752000,0.0,0.0,-,1.96231649518013,2.0156157064437865,1.8468933939933776,1.7069389343261718,8460320.0
09/15/1998,1.7655034275629744,1.8259658737123916,1.7413184491032077,1.7836425304412842,4564800,0.0,0.0,-,1.9625677436590194,2.0229199361801147,1.8618339896202087,1.6987913966178894,8475520.0
09/14/1998,1.708064167955854,1.7896886666615806,1.6959716769648974,1.741318702697754,6057600,0.0,0.0,-,1.96294040620327,2.030708432197571,1.8734579920768737,1.6960835814476014,8502656.0
09/11/1998,1.6385326290937885,1.698995074114464,1.6385326290937885,1.6929484605789185,6758400,0.0,0.0,-,1.9634795808792114,2.038498330116272,1.8853873193264008,1.709077000617981,8507840.0
09/10/1998,1.68387971489206,1.695972209681352,1.6203943017651052,1.644579291343689,5371200,0.0,0.0,-,1.9647116208076476,2.047014181613922,1.9000370442867278,1.7407908320426941,8521216.0
09/09/1998,1.7110878334503987,1.7231803243650057,1.6808562371303457,1.6899257898330688,11246400,0.0,0.0,-,1.9663959866762162,2.0556523275375365,1.9201233386993408,1.7830760717391967,8584288.0
09/08/1998,1.6566713149993204,1.7171337717511206,1.6324863322986003,1.6959717273712158,15688000,0.003438,0.0,-,1.9679287815093993,2.0633835434913634,1.9332641959190369,1.8265612483024598,8474560.0
09/04/1998,1.6901633928059068,1.6901633928059068,1.5452922448511148,1.6147098541259766,5084800,0.0,0.0,-,1.9693712139129638,2.0693036675453187,1.947310024499893,1.866423738002777,8339936.0
09/03/1998,1.7082728242534675,1.7233633861164692,1.6660183668136597,1.6660183668136597,4848000,0.0,0.0,-,1.9713552582263947,2.0763661456108093,1.9648153066635132,1.915619671344757,8412960.0
09/02/1998,1.7505267724184923,1.7686360384906668,1.708273046338305,1.7143089771270752,6062400,0.0,0.0,-,1.9729925507307053,2.0827042484283447,1.978547888994217,1.9566664934158324,8503360.0
09/01/1998,1.7686354547378775,1.7927806436295026,1.659982104725565,1.7444902658462524,16052800,0.0,0.0,-,1.9740125524997711,2.0880765390396117,1.988809621334076,1.9868478536605836,8553312.0
08/31/1998,1.865217822675212,1.907471571335086,1.7384551029889392,1.756564378738403,6340800,0.0,0.0,-,1.9742502272129059,2.0930262923240663,1.997562289237976,2.024876582622528,8383456.0
08/28/1998,2.004051486907467,2.01008815499332,1.8169265658938043,1.8712528944015503,8156800,0.0,0.0,-,1.97442753136158,2.0973120164871215,2.009031218290329,2.0508324027061464,8542048.0
08/27/1998,1.9980141837966217,2.0402678839733808,1.9617964107083368,2.01008677482605,6230400,0.0,0.0,-,1.9742418670654296,2.0996058177948,2.0170292496681212,2.0616976380348206,8533504.0
08/26/1998,2.100631508431005,2.1066681742953826,2.0463051999151816,2.067431688308716,5192000,0.0,0.0,-,1.9731515592336655,2.0997869062423704,2.0221601009368895,2.0592832565307617,8716736.0
08/25/1998,2.088559756224806,2.1519407206831147,2.088559756224806,2.1247775554656982,3078400,0.0,0.0,-,1.9720150661468505,2.09743278503418,2.021405565738678,2.057170605659485,8898400.0
08/24/1998,2.130814427070894,2.16099556089144,2.076487354599596,2.0945966243743896,8268800,0.0,0.0,-,1.9709977573156356,2.0952596855163574,2.0200473785400392,2.039967143535614,8902720.0
08/21/1998,2.076487317412662,2.118741788228408,1.9678339112689764,2.1066691875457764,7534400,0.0,0.0,-,1.9698757773637772,2.0948371124267577,2.0227636098861694,2.0281963109970094,8837696.0
08/20/1998,2.0281962017680324,2.1006317804026047,2.0040510088898413,2.076486587524414,3928000,0.0,0.0,-,1.9686934345960616,2.095742521286011,2.028498101234436,2.0140109419822694,8780224.0
08/19/1998,2.124775892246269,2.142885146117768,2.016122579574585,2.016122579574585,5390400,0.0,0.0,-,1.9675718033313752,2.0971912145614624,2.035741722583771,2.0004292845726015,8905440.0
08/18/1998,2.052341956983913,2.1489227549596266,2.028196757489985,2.1247775554656982,12048000,0.0,0.0,-,1.9664813882112504,2.0991904449462893,2.0530961394309997,1.9907713890075684,8909504.0
08/17/1998,1.943687037793462,2.034231833446083,1.913505930477545,2.016122579574585,8054400,0.0,0.0,-,1.9646973556280136,2.0977505540847776,2.0662250757217406,1.970247995853424,8853888.0
08/14/1998,2.004050433635712,2.052340805530548,1.9376515407066108,1.9799052476882932,7235200,0.0,0.0,-,1.9635618335008622,2.0970971393585205,2.0853904724121093,1.9672300338745117,8935200.0
08/13/1998,2.0583785558228707,2.0583785558228707,1.9557610930100475,1.9859429597854612,5251200,0.0,0.0,-,1.9622766643762588,2.097288656234741,2.104706710577011,1.972360861301422,9057280.0
08/12/1998,1.9738696110589704,2.05837777435211,1.964814980778672,2.0463051795959477,5507200,0.0,0.0,-,1.960705727338791,2.0989269042015075,2.1210047006607056,1.9850369453430177,9064128.0
08/11/1998,1.949724968903876,1.979906095840846,1.90747050696862,1.9527429342269895,7209600,0.0,0.0,-,1.9591035848855973,2.100925371646881,2.1342845797538756,1.985640525817871,9031360.0
08/10/1998,1.985942932582236,2.004051462917046,1.9617977342338373,1.9768882989883425,3819200,0.0,0.0,-,1.9582999962568284,2.1049156522750856,2.1498280346393583,2.000127613544464,8968928.0
08/07/1998,1.9557608647372933,2.004051256459202,1.9436882668068165,1.9648154973983765,8124800,0.0,0.0,-,1.9572854828834534,2.1079407429695127,2.1617496967315675,2.0173309087753295,9033504.0
08/06/1998,1.937652048606384,1.9617972408827704,1.8953975936963128,1.9406700134277344,12462400,0.0,0.0,-,1.9563764292001724,2.1113881158828733,2.1742749989032744,2.042985260486603,9041536.0
08/05/1998,1.913507691646648,1.931616225332584,1.7505272042076545,1.9195436239242556,11953600,0.0,0.0,-,1.9554828679561616,2.1139318227767943,2.184083992242813,2.07105416059494,8896736.0
08/04/1998,1.9919792323742276,1.9980159015049483,1.877289887421662,1.9195436239242556,19955200,0.0,0.0,-,1.9545521199703217,2.116536328792572,2.1967601776123047,2.1154208898544313,8711168.0
08/03/1998,2.0463059564833026,2.0463059564833026,1.9557610930100475,1.9859429597854612,10001600,0.0,0.0,-,1.9537641906738281,2.11920111656189,2.2103418529033663,2.1622021555900575,8559808.0
07/31/1998,2.112703706269508,2.112703706269508,2.028195558018728,2.031213521957397,3732800,0.0,0.0,-,1.95276453435421,2.1193321776390075,2.2196980714797974,2.203550910949707,8480288.0
07/30/1998,2.076486020769392,2.136848986489432,2.070450092623692,2.112703800201416,5392000,0.0,0.0,-,1.9516437631845474,2.118979804515839,2.224678075313568,2.2370525598526,8588416.0
07/29/1998,2.136849142523373,2.136849142523373,2.0100872736813686,2.0523409843444824,8340800,0.0,0.0,-,1.9501606422662734,2.1180225253105163,2.2249799370765686,2.2569724559783935,8634912.0
07/28/1998,2.13986753052251,2.154958828682114,2.0945958466021226,2.09761381149292,5755200,0.0,0.0,-,1.9489793354272842,2.117127058506012,2.226187217235565,2.28292863368988,8649568.0
07/27/1998,2.1670305066723774,2.17306643389584,2.136848659997576,2.148921251296997,4265600,0.0,0.0,-,1.9475115275382995,2.1149041295051574,2.22513085603714,2.299528455734253,8730656.0
07/24/1998,2.227395684607591,2.230413651229217,2.19721380783164,2.2213590145111084,5392000,0.0,0.0,-,1.9459074550867081,2.114187090396881,2.2172836899757384,2.306168484687805,8699968.0
07/23/1998,2.3722669246844026,2.3722669246844026,2.130814857889717,2.2213590145111084,16025600,0.0,0.0,-,1.9437307184934616,2.112141888141632,2.2046074271202087,2.3055647373199464,8806656.0
07/22/1998,2.3843381443161995,2.385847218857902,2.3420836887221306,2.363210916519165,5680000,0.0,0.0,-,1.9417644572257995,2.111121575832367,2.1926856517791746,2.297113823890686,8666080.0
07/21/1998,2.3903742463682733,2.4145194407760338,2.366229051960513,2.3873562812805176,6137600,0.0,0.0,-,1.9388483953475952,2.106239335536957,2.173671281337738,2.278099465370178,8690656.0
07/20/1998,2.378303269666505,2.402448480526063,2.342085453377168,2.399430513381958,12868800,0.0,0.0,-,1.9357364374399184,2.1018990778923037,2.153902363777161,2.2584815502166746,8639456.0
07/17/1998,2.336048874170733,2.4084844867519477,2.3119036699769957,2.366230010986328,9656000,0.0,0.0,-,1.9323987370729447,2.097679078578949,2.1324733674526213,2.2358452320098876,8479712.0
07/16/1998,2.3119027614593506,2.36019315086996,2.2636123720487413,2.3119027614593506,6323200,0.0,0.0,-,1.9287760311365127,2.0952082467079163,2.113459014892578,2.2123035907745363,8384032.0
07/15/1998,2.24550310759333,2.3541564837672007,2.24550310759333,2.3119027614593506,37038400,0.0,0.0,-,1.9253948897123336,2.0933416628837587,2.0988209366798403,2.1929874181747437,8331840.0
07/14/1998,2.203249054243038,2.275684627475367,2.203249054243038,2.263612031936645,8600000,0.0,0.0,-,1.9222242254018784,2.092198507785797,2.080712080001831,2.16944580078125,7684096.0
07/13/1998,2.233430064823649,2.233430064823649,2.197212279988671,2.2153215408325195,4076800,0.0,0.0,-,1.9193852126598359,2.091780035495758,2.068337607383728,2.1507332563400268,7631424.0
07/10/1998,2.173067090098685,2.2424846952455733,2.173067090098685,2.2153215408325195,10784000,0.0,0.0,-,1.9168177247047424,2.0921465373039245,2.0612449288368224,2.128398895263672,7680480.0
07/09/1998,2.1730676747984803,2.185140272991805,2.046305762195028,2.136849880218506,16372800,0.0,0.0,-,1.9141901016235352,2.0934173321723937,2.0580758333206175,2.103650116920471,7613152.0
07/08/1998,2.1972125238842435,2.1972125238842435,2.160994735029009,2.173067331314087,6345600,0.0,0.0,-,1.9119397950172425,2.095775234699249,2.0586794018745422,2.0882574796676634,7402240.0
07/07/1998,2.167031931273649,2.2032497289814006,2.167031931273649,2.1911771297454834,3512000,0.0,0.0,-,1.9095384711027146,2.096323621273041,2.055830240249634,2.0692430973052978,7422944.0
07/06/1998,2.1489221387439303,2.1911765941681045,2.142886209027792,2.173067331314087,5921600,0.0,0.0,-,1.9070917052030563,2.099102170467377,2.0489105343818665,2.0493231773376466,7502112.0
07/02/1998,2.1247769321038468,2.142886194837948,2.1066684062225414,2.1308135986328125,6316800,0.0,0.0,-,1.904750522375107,2.1018812012672425,2.039429759979248,2.0291015028953554,7519200.0
07/01/1998,2.0885591760516173,2.1368495616250653,2.076486579658256,2.118741035461426,7427200,0.0,0.0,-,1.902515367269516,2.105264141559601,2.0323631346225737,2.01461443901062,7518592.0
06/30/1998,2.0825232541703667,2.0915771488600807,2.058378061292176,2.076486587524414,8524800,0.0,0.0,-,1.9001000344753265,2.108948833942413,2.0298188507556914,2.0046544551849363,7548640.0
06/29/1998,1.991978412450746,2.1006317804026047,1.991978412450746,2.076486587524414,5760000,0.0,0.0,-,1.897895973920822,2.112755162715912,2.033305948972702,1.991978359222412,7549664.0
06/26/1998,1.9678327430378304,1.9919779300689695,1.9678327430378304,1.9919779300689695,8956800,0.0,0.0,-,1.895436338186264,2.115596902370453,2.0370944678783416,1.9859419584274292,7555264.0
06/25/1998,1.998015625173652,2.022160824650959,1.9165253927244883,1.9678337574005127,8736000,0.0,0.0,-,1.8933391124010086,2.1189230418205263,2.043902713060379,1.9940909624099732,7526528.0
06/24/1998,1.9738696142482093,1.998014803799547,1.9376518299212029,1.9829235076904297,9368000,0.0,0.0,-,1.8913175058364868,2.122310049533844,2.052370232343674,2.0125015497207643,7451808.0
06/23/1998,1.9919781379853585,1.9919781379853585,1.9617970194725405,1.9829235076904297,8560000,0.0,0.0,-,1.8892354846000672,2.1259378600120544,2.0566168248653414,2.029101324081421,7393216.0
06/22/1998,1.9678327430378304,1.9919779300689695,1.9557601495222607,1.9919779300689695,7560000,0.0,0.0,-,1.8869880956411362,2.1293847870826723,2.0599590957164766,2.04241738319397,7366144.0
06/19/1998,1.991977808466848,1.991977808466848,1.9678326229096743,1.9708505868911743,14270400,0.0,0.0,-,1.8845751589536668,2.133012387752533,2.062999349832535,2.0484978914260865,7371456.0
06/18/1998,2.0281966890474568,2.0281966890474568,1.961797761106325,1.9859429597854612,7729600,0.0,0.0,-,1.8821175211668015,2.1374242448806764,2.064081621170044,2.049758017063141,7165472.0
06/17/1998,1.9497243331436345,2.034232492605065,1.9376517389348584,2.01914119720459,15392000,0.0,0.0,-,1.8794232577085495,2.1412328362464903,2.065464216470718,2.0501118302345276,7188544.0
06/16/1998,2.0402697761663617,2.0402697761663617,1.9074711516821607,1.94972562789917,14275200,0.0,0.0,-,1.8763828670978546,2.144980323314667,2.067749148607254,2.0549832463264464,6997888.0
06/15/1998,2.058377014039791,2.058377014039791,2.0100866528523755,2.016122579574585,3294400,0.0,0.0,-,1.873599483370781,2.150477850437164,2.0706412494182587,2.074633538722992,6879168.0
06/12/1998,2.136848897033967,2.136848897033967,2.0463048206706813,2.073467969894409,5017600,0.0,0.0,-,1.8705441623926162,2.152959396839142,2.069158488512039,2.0882469773292542,6944640.0
06/11/1998,2.142885737924669,2.151939630508423,2.118740550662716,2.151939630508423,4660800,0.0,0.0,-,1.8672321379184722,2.1539323115348816,2.0711385548114776,2.0937144637107847,7026816.0
06/10/1998,2.100630886099312,2.197211616494682,2.100630886099312,2.148921251296997,10188800,0.003438,0.0,-,1.8635577780008317,2.1534563755989073,2.0694965183734895,2.0922389149665834,7245024.0
06/09/1998,2.04675353618759,2.128141555971767,2.043739355880823,2.116084098815918,5593600,0.0,0.0,-,1.8597784161567688,2.1511115860939025,2.070567625761032,2.0841323256492617,7123488.0
06/08/1998,1.9834531480131372,2.07388375786231,1.977424048194296,2.0527830123901367,9267200,0.0,0.0,-,1.8563734036684036,2.1489412569999695,2.070718365907669,2.077500808238983,7141280.0
06/05/1998,1.9955092990386023,1.9955092990386023,1.9653652916320443,1.9834518432617188,12120000,0.0,0.0,-,1.853104761838913,2.148278086185455,2.076596385240555,2.077500808238983,7118720.0
06/04/1998,2.0738833196235427,2.0738833196235427,1.9834527288835408,1.9894810914993288,13339200,0.0,0.0,-,1.8503178757429124,2.149122121334076,2.0868453204631807,2.078405225276947,7173472.0
06/03/1998,2.1462285029057533,2.1462285029057533,2.0678553581237797,2.0678553581237797,5593600,0.0,0.0,-,1.847786058783531,2.1488809752464295,2.0995056867599486,2.0808166027069093,7013600.0
06/02/1998,2.146228551864624,2.1673292974523317,2.122113624315584,2.146228551864624,3868800,0.0,0.0,-,1.8449824613332748,2.1470723438262937,2.107041597366333,2.0805150508880614,7196320.0
06/01/1998,2.158285327638201,2.188429345430026,2.1281420457753275,2.152256965637207,4088000,0.0,0.0,-,1.8418470442295074,2.144299125671387,2.112467420101166,2.0666489601135254,7275424.0
05/29/1998,2.1371853800591665,2.164315226895186,2.122113733547527,2.128142833709717,7048000,0.0,0.0,-,1.8386514621973038,2.1417670583724977,2.11698899269104,2.0500699996948244,7404704.0
05/28/1998,2.061825218196398,2.1522565167834458,2.061825218196398,2.1371841430664062,8526400,0.0,0.0,-,1.8355164033174516,2.1398378372192384,2.1222641825675965,2.0485626459121704,7542368.0
05/27/1998,2.0467546130174137,2.0678553581237797,2.001538940912107,2.0678553581237797,5222400,0.0,0.0,-,1.832216044664383,2.1367631912231446,2.129348039627075,2.0467541217803955,7469024.0
05/26/1998,2.061826388976153,2.061826388976153,2.025653996187098,2.0497689247131348,2675200,0.0,0.0,-,1.8294724935293198,2.1344722533226013,2.13869252204895,2.0570029258728026,7588896.0
05/22/1998,1.992495693847628,2.0618262941538084,1.992495693847628,2.0527830123901367,12387200,0.0,0.0,-,1.8270595502853393,2.133266496658325,2.1462284088134767,2.063935923576355,7640352.0
05/21/1998,2.0135967625001814,2.0256542281438947,1.983453466355547,1.9924960136413572,6025600,0.0,0.0,-,1.8246915847063065,2.1311564540863035,2.1600944876670836,2.0756919622421264,7522208.0
05/20/1998,2.049767228657614,2.049767228657614,2.0045515911021328,2.01359486579895,9139200,0.0,0.0,-,1.8224148935079574,2.1302521514892576,2.1760706305503845,2.095285415649414,7526432.0
05/19/1998,2.013595818944405,2.073883118912801,2.0015383589507265,2.0648398399353027,7716800,0.0,0.0,-,1.8200026887655258,2.1291670322418215,2.1903889179229736,2.1181947708129885,7527360.0
05/18/1998,2.001538545595728,2.0437400274734023,1.995510183001216,2.0075676441192627,9073600,0.0,0.0,-,1.8171391081809998,2.125610113143921,2.202295708656311,2.1335681438446046,7557120.0
05/15/1998,2.1160852823537675,2.128142746253421,1.977424079543157,1.9864673614501955,9809600,0.0,0.0,-,1.814696995615959,2.122173721790314,2.215257477760315,2.158285880088806,7622240.0
05/14/1998,2.116084212280387,2.128141670082757,2.1100551154147915,2.1130692958831787,2731200,0.0,0.0,-,1.812360384464264,2.1192196345329286,2.2268627882003784,2.183907985687256,7546368.0
05/13/1998,2.1884294847474464,2.194457847132212,2.1160847205562745,2.119098901748657,10726400,0.0,0.0,-,1.8092106264829635,2.1139746570587157,2.229123568534851,2.1959657192230226,7587232.0
05/12/1998,2.116085182036234,2.182400862375895,2.025653839111328,2.170343399047852,8996800,0.0,0.0,-,1.8061508113145828,2.108676588535309,2.2300278306007386,2.211941957473755,7508608.0
05/11/1998,2.1703429257351545,2.1703429257351545,2.091969799159217,2.119098901748657,6908800,0.0,0.0,-,1.80280474960804,2.1024740624427793,2.2297263622283934,2.2203821182250976,7432768.0
05/08/1998,2.188429962004496,2.218573252360026,2.164315035348409,2.170343399047852,3577600,0.0,0.0,-,1.7998650246858596,2.098018846511841,2.2315349102020265,2.228520894050598,7449952.0
05/07/1998,2.254746245802573,2.254746245802573,2.1884305477142334,2.1884305477142334,4881600,0.0,0.0,-,1.7965940183401108,2.092598912715912,2.2316856384277344,2.244497013092041,7482304.0
05/06/1998,2.2426884174346924,2.2487175177042427,2.2065160236051007,2.2426884174346924,4872000,0.0,0.0,-,1.7931800359487533,2.0860346436500548,2.2318362832069396,2.256855845451355,7477568.0
05/05/1998,2.2547459654186084,2.260775065911097,2.200487740632525,2.218573570251465,3713600,0.0,0.0,-,1.7891420018672943,2.0777229928970335,2.2285204887390138,2.262583065032959,7485760.0
05/04/1998,2.251730825561483,2.2728315644179573,2.242687546633144,2.2547450065612797,4651200,0.0,0.0,-,1.7851344722509384,2.0699538397789006,2.2279175877571107,2.2710232734680176,7651808.0
05/01/1998,2.2366600530943788,2.2517316998743997,2.2306309528248285,2.2426884174346924,5966400,0.0,0.0,-,1.7808259916305542,2.061160261631012,2.226410436630249,2.2722290754318237,7752992.0
04/30/1998,2.302977283172177,2.302977283172177,2.230632447051586,2.2336466312408447,6529600,0.0,0.0,-,1.776187504529953,2.052126176357269,2.2212860107421877,2.269817590713501,7833952.0
04/29/1998,2.2547463500310503,2.30900532000184,2.224603050214581,2.278861284255981,7417600,0.0,0.0,-,1.7717893719673157,2.042249526977539,2.215709364414215,2.2622814178466797,7879072.0
04/28/1998,2.2246017247054164,2.2547450065612797,2.188429344921011,2.2547450065612797,5827200,0.0,0.0,-,1.767630516886711,2.0308063888549803,2.2081734418869017,2.2481137037277223,7946656.0
04/27/1998,2.284888873944892,2.302974694682133,2.1522568234658164,2.200486660003662,7380800,0.0,0.0,-,1.7634121072292328,2.020146551132202,2.1970202803611754,2.2390706062316896,7911520.0
04/24/1998,2.3270904076315744,2.345176970474117,2.30297548112762,2.3301045894622803,7470400,0.0,0.0,-,1.760455734729767,2.0104514956474304,2.1873743295669557,2.2345489263534546,7891136.0
04/23/1998,2.315033053279868,2.3391479809182,2.3029755894607016,2.312018871307373,6776000,0.0,0.0,-,1.7568812972307206,1.998525276184082,2.171850323677063,2.2188742637634276,7862016.0
04/22/1998,2.290917334526945,2.3150322538377552,2.290917334526945,2.2999606132507324,6286400,0.0,0.0,-,1.7534573346376419,1.9859975600242614,2.1575320601463317,2.2068167209625242,7890688.0
04/21/1998,2.2668032621213903,2.315033118762271,2.24268833380095,2.302975654602051,8929600,0.0,0.0,-,1.7501161789894104,1.9734100103378296,2.1414052188396453,2.1944579124450683,8236544.0
04/20/1998,2.206515711672763,2.2788604891046567,2.206515711672763,2.266803026199341,8576000,0.0,0.0,-,1.7467824614048004,1.9613641476631165,2.1251276254653932,2.184811902046204,8276480.0
04/17/1998,2.152257880409667,2.224602670743954,2.146228779917178,2.218573570251465,6040000,0.0,0.0,-,1.7434044456481934,1.95064377784729,2.112165856361389,2.1805917978286744,8288960.0
04/16/1998,2.110055072347545,2.188428914427714,2.0979976147912733,2.158284902572632,7520000,0.0,0.0,-,1.7402375507354737,1.939142165184021,2.102519857883453,2.172754430770874,8243104.0
04/15/1998,2.164313974199799,2.164313974199799,2.1130692282337,2.1371841430664062,5000000,0.0,0.0,-,1.7372970432043076,1.928605511188507,2.0961897015571593,2.1691373109817507,8197856.0
04/14/1998,2.170342392504612,2.1944573079768857,2.1492416574841684,2.164314031600952,6438400,0.0,0.0,-,1.7343719702959062,1.918189857006073,2.088503086566925,2.1682331800460815,8320768.0
04/13/1998,2.170341493163935,2.176370587498091,2.122111682204737,2.155269861221313,7206400,0.0,0.0,-,1.7313262623548509,1.9062081956863404,2.0779528081417085,2.1549699544906615,8335776.0
04/09/1998,2.206516177534608,2.206516177534608,2.1582863157305727,2.173357963562012,7825600,0.0,0.0,-,1.7281456387043,1.8946482062339782,2.069663369655609,2.1401997327804567,8411648.0
04/08/1998,2.182400164710953,2.2185725431315766,2.170342705237412,2.19144344329834,3971200,0.0,0.0,-,1.725009673833847,1.8829672694206239,2.058359515666962,2.1248263835906984,8471808.0
04/07/1998,2.2125449185489408,2.2276165639303023,2.164315064585249,2.176372528076172,8883200,0.0,0.0,-,1.7218583393096925,1.871466429233551,2.0461513876914976,2.108247399330139,8592224.0
04/06/1998,2.224602111615757,2.230630474663823,2.200487187565338,2.2065155506134038,5859200,0.0,0.0,-,1.7187223136425018,1.8600864100456238,2.0352997064590452,2.0883525252342223,8556032.0
04/03/1998,2.146228117390766,2.230630346726357,2.140199754688456,2.224601984024048,8339200,0.0,0.0,-,1.7154956185817718,1.848825957775116,2.0193236231803895,2.0654433488845827,8607232.0
04/02/1998,2.1221133384832096,2.158285724934628,2.1100558763327366,2.140199899673462,6568000,0.0,0.0,-,1.7120884257555007,1.8373241543769836,1.9998809278011322,2.043739914894104,8614624.0
04/01/1998,2.1341711689125407,2.14020026899272,2.1010129582945907,2.1221137046813965,9126400,0.0,0.0,-,1.709148274064064,1.8285940432548522,1.9848090827465057,2.032285284996033,8702752.0
03/31/1998,2.0316831185484654,2.1341711979426834,2.0256540183862755,2.128142833709717,15571200,0.0,0.0,-,1.7064186429977417,1.820707242488861,1.9712444186210631,2.0232420921325684,8723808.0
03/30/1998,2.0105810433159386,2.031681776046753,1.99852358688815,2.031681776046753,4112000,0.0,0.0,-,1.7036438548564912,1.8135426759719848,1.9575470507144928,2.0087729930877685,8557248.0
03/27/1998,2.0256534678318205,2.0316825663553555,1.995510183001216,2.0075676441192627,6483200,0.0,0.0,-,1.7013213473558426,1.808427743911743,1.9489738166332244,2.000935661792755,8531680.0
03/26/1998,2.0135953750322715,2.0226386520161115,1.9894804603612264,2.0196244716644287,8139200,0.0,0.0,-,1.6991494351625442,1.8038552927970886,1.9434123396873475,1.9991270065307618,8465632.0
03/25/1998,1.9774237530572076,2.0286677821877026,1.965366291148322,2.025653600692749,14857600,0.0,0.0,-,1.696666249036789,1.7984999084472657,1.9373984515666962,1.991892647743225,8425120.0
03/24/1998,1.9774237871170044,1.9894812492335716,1.9653663250004367,1.9774237871170044,5345600,0.0,0.0,-,1.6939730340242385,1.7926627087593079,1.9291266262531281,1.9840553760528565,8274720.0
03/23/1998,2.010581991919835,2.025653635583273,1.9653663250004367,1.9774237871170044,14729600,0.0,0.0,-,1.6912661391496657,1.7879105162620545,1.9216107308864594,1.9822468876838684,8242496.0
03/20/1998,2.0316825663553555,2.0377109289498674,1.995510183001216,2.0075676441192627,7824000,0.0,0.0,-,1.688304416537285,1.7830379128456115,1.914245337247849,1.9732038974761963,8065664.0
03/19/1998,2.025653600692749,2.0377110626016344,2.013596138783864,2.025653600692749,10552000,0.0,0.0,-,1.685012093782425,1.7769604468345641,1.9046202600002289,1.9560219407081605,7971712.0
03/18/1998,1.9955094067633872,2.043739232474542,1.9834519503355983,2.031681776046753,13931200,0.0,0.0,-,1.6815693807601928,1.7707620525360108,1.8928867876529694,1.9373328804969787,7952096.0
03/17/1998,1.9593369317079512,1.9924943831478583,1.947279475931068,1.9834518432617188,4859200,0.0,0.0,-,1.678111515045166,1.764864480495453,1.8782934069633483,1.919246745109558,7725440.0
03/16/1998,1.989480842042852,1.989480842042852,1.923165181939224,1.9533084630966189,11216000,0.0,0.0,-,1.6749397712945937,1.7599917268753051,1.8644560337066651,1.906321108341217,7654144.0
03/13/1998,1.947280345401735,2.0015385526599307,1.9291937856963188,1.9894810914993288,5248000,0.0,0.0,-,1.67203866481781,1.7559626626968383,1.8528782665729522,1.897011971473694,7531328.0
03/12/1998,1.9291943190830445,1.9472808837890625,1.8990510258119864,1.9472808837890625,6480000,0.0,0.0,-,1.6689117234945297,1.7518121314048767,1.8391909062862397,1.8876976728439332,7652096.0
03/11/1998,1.9653667125658516,1.9653667125658516,1.9291943190830445,1.9472808837890625,6236800,0.0,0.0,-,1.6660407549142837,1.744592525959015,1.8285165429115295,1.8829042553901671,7619296.0
03/10/1998,1.8990515638744343,1.977424737328212,1.8809649940439088,1.959338903427124,9185600,0.0,0.0,-,1.6630948334932327,1.737673921585083,1.8154341518878936,1.8741978764533997,7521344.0
03/09/1998,1.8206774509802968,1.8990513516030667,1.8086199844175133,1.8869938850402832,9204800,0.0,0.0,-,1.6600436544418335,1.7306345748901366,1.8009963631629944,1.8609745740890502,7393024.0
03/06/1998,1.8387629933452532,1.850820453183816,1.820676435622937,1.835748076438904,12329600,0.0,0.0,-,1.657444140315056,1.7257344365119933,1.7916807949542999,1.8552867770195012,7303776.0
03/05/1998,1.8447913605529065,1.8508204584538277,1.8206764408071168,1.8387629985809328,6016000,0.0,0.0,-,1.6554306334257125,1.7217689156532288,1.7864326179027556,1.8532185792922973,7170560.0
03/04/1998,1.8689062436628816,1.8930211629359517,1.838762962536012,1.8508204221725464,4774400,0.003438,0.0,-,1.6531622147560119,1.7178032779693604,1.7766691148281097,1.84844069480896,7180736.0
03/03/1998,1.8361354974756317,1.866235705939206,1.8240952671147332,1.854195475578308,6795200,0.0,0.0,-,1.6503838062286378,1.7144995307922364,1.7657007038593293,1.8373400688171386,7226848.0
03/02/1998,1.9023575589853312,1.9023575589853312,1.8481768567062893,1.8602170944213867,5204800,0.0,0.0,-,1.6478883242607116,1.71179048538208,1.753811001777649,1.822590959072113,7202880.0
02/27/1998,1.9023578575651896,1.9143980971700327,1.878277378355504,1.8963381052017207,7768000,0.0,0.0,-,1.6453027749061584,1.709382426738739,1.7390616953372955,1.8087445616722106,7299168.0
02/26/1998,1.8602161404637576,1.9023565834172045,1.8602161404637576,1.899346709251404,5195200,0.0,0.0,-,1.6425066393613816,1.70721515417099,1.72310830950737,1.7906841397285462,7269088.0
02/25/1998,1.8301161326947488,1.872257332136484,1.8240963812760955,1.8602170944213867,4644800,0.0,0.0,-,1.63978540122509,1.7059509301185607,1.7076065301895142,1.774128830432892,7233440.0
02/24/1998,1.8301157548715752,1.8421559901009936,1.818075519642157,1.8271058797836304,5281600,0.0,0.0,-,1.6372598111629486,1.7048070931434631,1.6954157471656799,1.7566704273223877,7187072.0
02/23/1998,1.8120559273657624,1.8391462752731516,1.8120559273657624,1.830115914344788,12016000,0.0,0.0,-,1.6346299570798875,1.704506070613861,1.6844290316104888,1.7410181522369386,7175584.0
02/20/1998,1.790985622676689,1.8301162132537776,1.7819552602734152,1.81506609916687,9710400,0.0,0.0,-,1.6318351483345033,1.7053488755226136,1.6750978827476501,1.728074812889099,7064256.0
02/19/1998,1.721752656901111,1.8120547371142548,1.721752656901111,1.7909841537475586,10014400,0.0,0.0,-,1.6292804807424546,1.7068538761138916,1.6668201684951782,1.719646656513214,6947776.0
02/18/1998,1.7097132101301653,1.7398141622543335,1.7067033353810153,1.7398141622543335,8785600,0.0,0.0,-,1.6270111149549484,1.709081332683563,1.662455677986145,1.7048975348472595,6902016.0
02/17/1998,1.7337947371769402,1.7337947371769402,1.7067043781280518,1.7067043781280518,10796800,0.0,0.0,-,1.6246378391981124,1.712211811542511,1.66185365319252,1.6940613389015198,6865536.0
02/13/1998,1.7097128888110182,1.7337933520337083,1.697672657199673,1.7217531204223633,4070400,0.0,0.0,-,1.6228798127174378,1.7174492955207825,1.6650141596794128,1.6850310444831849,6792416.0
02/12/1998,1.7428242312823965,1.7428242312823965,1.6976731655017698,1.7157338857650757,6361600,0.0,0.0,-,1.6210165625810624,1.7224628472328185,1.667723262310028,1.6693788290023803,6977376.0
02/11/1998,1.6856326825088923,1.7428239750991124,1.6796129332244112,1.7337936162948608,6014400,0.0,0.0,-,1.6192733484506607,1.7268751573562622,1.6708838224411011,1.6555324792861938,6970688.0
02/10/1998,1.6856330633163452,1.6976732994828907,1.6675730765053751,1.6856330633163452,8209600,0.0,0.0,-,1.61743983566761,1.7297235918045044,1.671786904335022,1.6410842299461366,6878432.0
02/09/1998,1.7006833550976332,1.7187440787009491,1.6675732532878431,1.6705831289291382,23579200,0.0,0.0,-,1.6159970277547837,1.7331744313240052,1.6741949319839478,1.6341610670089721,6780064.0
02/06/1998,1.7217531097753052,1.7518540560562377,1.700682520866394,1.700682520866394,10926400,0.0,0.0,-,1.6146594446897506,1.7367458415031434,1.6776564836502075,1.6278399109840394,6484192.0
02/05/1998,1.6555332255758104,1.7337944114306203,1.6495127386527428,1.73078453540802,9200000,0.0,0.0,-,1.6131114023923874,1.741519320011139,1.679312038421631,1.6221209526062013,6369824.0
02/04/1998,1.619412459877037,1.6495126889518343,1.5832917440605736,1.6434929370880127,3747200,0.0,0.0,-,1.611292935013771,1.746532678604126,1.6779575288295745,1.6139936804771424,6254912.0
02/03/1998,1.6194119678496437,1.6615524227263565,1.6073717329023511,1.631452202796936,5257600,0.0,0.0,-,1.6098809432983399,1.7535925149917602,1.6815695762634277,1.6200138211250306,6224352.0
02/02/1998,1.5953315729546222,1.6314522794946025,1.5953315729546222,1.616401433944702,11145600,0.0,0.0,-,1.6084991776943207,1.7606526350975036,1.686837124824524,1.6296459674835204,6169568.0
01/30/1998,1.5742613279815485,1.5953319285458116,1.5471709757576788,1.5652309656143188,7188800,0.0,0.0,-,1.607222643494606,1.7685549807548524,1.6930077612400054,1.644997274875641,6037888.0
01/29/1998,1.589310620577281,1.6194115679511765,1.5712506400548951,1.5772703886032104,11000000,0.0,0.0,-,1.6062319439649582,1.7771198987960815,1.7023389756679534,1.6660676956176759,6043040.0
01/28/1998,1.6194120797818785,1.6254318302327937,1.5652306513352827,1.589311122894287,10833600,0.0,0.0,-,1.6051210874319077,1.7839406776428222,1.7125731825828552,1.6862351655960084,6009536.0
01/27/1998,1.6194120439812756,1.6254317942991112,1.6013513232724577,1.616401433944702,9992000,0.0,0.0,-,1.6036802071332932,1.7879949593544007,1.7124226570129395,1.7024895787239074,5868832.0
01/26/1998,1.6374717855339398,1.6374717855339398,1.6073715686798096,1.6073715686798096,7073600,0.0,0.0,-,1.6020738935470582,1.7915074348449707,1.7116701185703278,1.7142287969589234,5746304.0
01/23/1998,1.6615529275573222,1.6615529275573222,1.6254322117408586,1.6434929370880127,8419200,0.0,0.0,-,1.6007225906848908,1.7960424041748047,1.7116701185703278,1.7274730563163758,5703296.0
01/22/1998,1.6916529943255825,1.7217532074364432,1.6495118141174316,1.6495118141174316,8708800,0.0,0.0,-,1.5991606986522675,1.7990130496025085,1.711594820022583,1.7365031242370605,5601120.0
01/21/1998,1.733794576412872,1.7458348165268502,1.6916541034529162,1.7036943435668943,10974400,0.0,0.0,-,1.597448791861534,1.8028254747390746,1.710992830991745,1.7419213771820068,5526336.0
01/20/1998,1.781954343160842,1.781954343160842,1.7097129508705375,1.727773666381836,10179200,0.0,0.0,-,1.595795755982399,1.807177903652191,1.7078321695327758,1.743125331401825,5456192.0
01/16/1998,1.787975227425791,1.79399497736068,1.7518545231836298,1.7699145078659058,7243200,0.0,0.0,-,1.593392742872238,1.8100264430046082,1.7057251393795014,1.7440282821655273,5347136.0
01/15/1998,1.7699146876107557,1.793995159551038,1.7578744516406144,1.775935173034668,2833600,0.0,0.0,-,1.5906591045856475,1.8120321655273437,1.7031665742397308,1.74101824760437,5281664.0
01/14/1998,1.7458342550032555,1.7789450883865356,1.739814504321405,1.7789450883865356,3180800,0.0,0.0,-,1.5878803753852844,1.8135566687583924,1.7013605237007141,1.7386102557182312,5319264.0
01/13/1998,1.733794527077266,1.757875006620006,1.715734534859169,1.7518552541732788,6113600,0.0,0.0,-,1.5848467534780502,1.813938558101654,1.7018119931221007,1.7389111995697022,5345536.0
01/12/1998,1.6976729159553845,1.7337936162948608,1.6735924490624003,1.7337936162948608,7337600,0.0,0.0,-,1.582173433303833,1.8142608737945556,1.7060260057449341,1.7223557353019714,5317632.0
01/09/1998,1.7337936778784775,1.7458339117526336,1.715733694506021,1.7398141622543335,3734400,0.0,0.0,-,1.579740320444107,1.8153653645515442,1.7094875872135162,1.7091114401817322,5275488.0
01/08/1998,1.709713149401877,1.751854333903364,1.7036934001173951,1.7337936162948608,5888000,0.0,0.0,-,1.5773370617628097,1.8150265097618103,1.713099616765976,1.6958671808242798,5354240.0
01/07/1998,1.709714096184915,1.7277748237948511,1.6916541034529162,1.7036943435668943,3126400,0.0,0.0,-,1.575023864507675,1.8137857484817506,1.7200227439403535,1.6866865158081055,5342528.0
01/06/1998,1.7337938711507437,1.7337938711507437,1.6374719894201468,1.7157338857650757,9571200,0.0,0.0,-,1.572801204919815,1.814229395389557,1.7293538331985474,1.680064284801483,5398464.0
01/05/1998,1.739813782989278,1.7638942454882478,1.7097128374268675,1.73680317401886,2598400,0.0,0.0,-,1.570008687376976,1.8157552218437194,1.7386849880218507,1.6725390076637268,5349952.0
01/02/1998,1.7638946300026457,1.7759348638768018,1.7398141622543335,1.7398141622543335,1294400,0.0,0.0,-,1.5675905060768127,1.8164988708496095,1.7466617345809936,1.6674219965934753,5385184.0
12/31/1997,1.7819554861627456,1.878277404333705,1.7518552541732788,1.7518552541732788,5075200,0.0,0.0,-,1.5650973105430603,1.8173626828193665,1.7580999553203582,1.6653149008750916,5436704.0
12/30/1997,1.5772705609733992,1.7939947601911184,1.5772705609733992,1.7819545269012451,11286400,0.0,0.0,-,1.5627237886190415,1.817564733028412,1.7691287279129029,1.664110791683197,5401504.0
12/29/1997,1.589310485514344,1.607371199379332,1.5832907374775995,1.5863006114959717,4840000,0.0,0.0,-,1.560529552102089,1.8165935230255128,1.7768484711647035,1.6647127866744995,5266336.0
12/26/1997,1.6284410001434912,1.6374713567862833,1.5832906866842378,1.6013506650924685,1339200,0.0,0.0,-,1.5593135851621627,1.8201066660881042,1.7913442075252533,1.6896962761878966,5248608.0
12/24/1997,1.6254315518167786,1.6495120192511012,1.6073715686798096,1.6073715686798096,2769600,0.0,0.0,-,1.5579024457931518,1.8237998867034912,1.804185426235199,1.7098637342453002,5323808.0
12/23/1997,1.6434927306475078,1.6495124817551834,1.6194122564613007,1.6419869661331177,4742400,0.0,0.0,-,1.5565211606025695,1.827793641090393,1.816274529695511,1.7303320527076722,5336800.0
12/22/1997,1.6495122690411177,1.6916534608715077,1.6254317979602253,1.6374720335006714,5668800,0.0,0.0,-,1.5547269594669342,1.8312754940986633,1.8311430037021637,1.7533589720726013,5286304.0
12/19/1997,1.6615517001008706,1.6735919298117463,1.6254310109682428,1.6404811143875122,6524800,0.0,0.0,-,1.5529853159189224,1.8348476457595826,1.8483420252799987,1.7786433815956115,5215264.0
12/18/1997,1.7157340211715564,1.727774257338102,1.6615525909832547,1.6856330633163452,7080000,0.0,0.0,-,1.5514384829998016,1.838119068145752,1.8661422073841094,1.8048309683799744,5228672.0
12/17/1997,1.733793310504833,1.7420707858200115,1.7097128478589327,1.7187432050704956,5596800,0.0,0.0,-,1.549575955271721,1.840968542098999,1.8810834646224976,1.8259014725685119,5266368.0
12/16/1997,1.81205556549927,1.8301155488717264,1.7097132101301653,1.7398141622543335,10019200,0.0,0.0,-,1.5469974392652512,1.8423139119148255,1.8957222402095795,1.850885009765625,5265408.0
12/15/1997,1.8301149133002976,1.8421551429930627,1.769913764836472,1.78797447681427,6264000,0.0,0.0,-,1.5442387473583221,1.8440797638893127,1.9084053754806518,1.8741466641426086,5155072.0
12/12/1997,1.812055045788091,1.8421552544017343,1.793994332718029,1.836135506629944,3412800,0.0,0.0,-,1.541119551062584,1.8439202451705932,1.9149221181869507,1.8889841556549072,5151712.0
12/11/1997,1.7939948863447048,1.833125463569072,1.7699144180716215,1.803025245666504,2326400,0.0,0.0,-,1.5376847326755523,1.842496829032898,1.9127166032791139,1.8929921388626099,5188384.0
12/10/1997,1.8782756424912077,1.8782756424912077,1.793994043148653,1.812054753303528,4707200,0.0,0.0,-,1.534505249261856,1.8410741329193114,1.912166601419449,1.8985071182250977,5263168.0
12/09/1997,1.8662356772558224,1.8842963899582537,1.8421552169041344,1.8722561597824097,6449600,0.0,0.0,-,1.5312955778837205,1.8376668143272399,1.913269865512848,1.9022170066833497,5256832.0
12/08/1997,1.890316128730774,1.926436819088687,1.8662356684921653,1.890316128730774,3886400,0.0,0.0,-,1.5275454878807069,1.8329351806640626,1.9092583179473877,1.908927035331726,5194976.0
12/05/1997,1.8963372326375467,1.941487559222199,1.866236280036878,1.90235698223114,7726400,0.0,0.0,-,1.5235479867458344,1.8286842560768128,1.906749165058136,1.918040668964386,5192512.0
12/04/1997,1.9866395347990904,1.9866395347990904,1.878277378355504,1.8963381052017207,6961600,0.0,0.0,-,1.5196025031805038,1.8245533061027528,1.9076971054077148,1.9274534463882447,5113312.0
12/03/1997,1.974598326451792,2.022759261243299,1.968578577041626,1.968578577041626,7140800,0.002813,0.0,-,1.5156272614002229,1.8206630229949952,1.906390231847763,1.9362654566764832,5062304.0
12/02/1997,1.936349656523728,2.0145256308101014,1.9183094988089224,1.97243070602417,13318400,0.0,0.0,-,1.5110214817523957,1.8150873899459838,1.901471334695816,1.9405594706535338,5035168.0
12/01/1997,1.9002683473669963,1.936349391937256,1.87621431765349,1.936349391937256,6027200,0.0,0.0,-,1.5064936995506286,1.8093745470046998,1.8954578161239624,1.942664086818695,4835520.0
11/28/1997,1.8762153387069704,1.9032759533436152,1.840134274501067,1.8762153387069704,1401600,0.0,0.0,-,1.502258551120758,1.8045036101341247,1.8885423243045807,1.9408600807189942,4869248.0
11/26/1997,1.852161161989643,1.888242223586844,1.845395962940168,1.8581750392913816,3291200,0.0,0.0,-,1.4983240729570388,1.8010157823562623,1.8831301093101502,1.9324410676956176,4965024.0
11/25/1997,1.912295279639488,1.9183091538435149,1.828106179278001,1.8491536378860476,8785600,0.0,0.0,-,1.4945246851444245,1.7979488968849182,1.8796722650527955,1.9258260846138,5081632.0
11/24/1997,2.0085119824738715,2.0085119824738715,1.9183097155658912,1.9393564462661743,5208000,0.0,0.0,-,1.4907255154848098,1.7946414756774902,1.873358154296875,1.9243227243423462,5029632.0
11/21/1997,2.0145269658694893,2.0145269658694893,1.981452465057373,1.981452465057373,3454400,0.0,0.0,-,1.4864154797792435,1.7885678362846376,1.8599781095981598,1.9095896005630493,5019008.0
11/20/1997,1.9844577398644876,2.0145256484130045,1.9844577398644876,1.9964847564697263,2219200,0.0,0.0,-,1.48177525639534,1.7816522765159606,1.8471993207931519,1.895457661151886,5102464.0
11/19/1997,1.978445065398145,2.0145261237269465,1.9604041691982383,1.9844582080841064,2518400,0.0,0.0,-,1.4770000165700912,1.773413770198822,1.8369763433933257,1.887940764427185,5199072.0
11/18/1997,2.0205391644569173,2.0265530409104304,1.960404070276652,2.011518716812134,4561600,0.0,0.0,-,1.4721053528785706,1.7651752614974976,1.8264527142047882,1.876515007019043,5204768.0
11/17/1997,1.9423622644200824,2.0385783336403875,1.9363483930586367,1.9934768676757808,7446400,0.0,0.0,-,1.4670005711913108,1.756215136051178,1.815027016401291,1.862383198738098,5269760.0
11/14/1997,1.8040523171519087,1.9363494870763824,1.798039176463453,1.9183093309402464,9324800,0.0,0.0,-,1.4618662938475608,1.7476759839057923,1.8034510612487793,1.8482515454292294,5300320.0
11/13/1997,1.7920252084732056,1.8100660977415215,1.755944164007302,1.7920252084732056,3798400,0.0,0.0,-,1.4571826687455178,1.739978711605072,1.7942052960395813,1.836224567890167,5271200.0
11/12/1997,1.8040522232951732,1.8341201273854573,1.7799981936512377,1.7920252084732056,3865600,0.0,0.0,-,1.4532052779197693,1.7343260192871093,1.7927019238471984,1.8338191509246822,5374144.0
11/11/1997,1.804052132592947,1.846147049388795,1.7799981041583743,1.8341200351715088,4923200,0.0,0.0,-,1.449227887094021,1.7280719757080079,1.792401248216629,1.8335184454917903,5426496.0
11/10/1997,1.8641872974050124,1.870201171851361,1.7799981936512377,1.7920252084732056,3310400,0.0,0.0,-,1.4450100988149643,1.720331380367279,1.7910482108592987,1.8223935842514034,5465312.0
11/07/1997,1.900268138623705,1.91830902596242,1.8281060574101464,1.84013307094574,4969600,0.0,0.0,-,1.4412122654914856,1.7127121376991272,1.79225093126297,1.8103666186332699,5581120.0
11/06/1997,1.8942551895614543,1.936349374137783,1.8461471305766648,1.9213157892227173,7467200,0.0,0.0,-,1.4373384928703308,1.7037704539299012,1.7910482585430145,1.7989409804344174,5734592.0
11/05/1997,1.870200634002685,1.9002677953752631,1.852159749922725,1.870200634002685,4726400,0.0,0.0,-,1.4329091727733612,1.6934453058242798,1.7851850807666778,1.7860119223594662,5712704.0
11/04/1997,1.870200634002685,1.870200634002685,1.8401327385595905,1.870200634002685,3969600,0.0,0.0,-,1.4285857969522475,1.6842625546455383,1.7830803871154786,1.7763904213905335,5766560.0
11/03/1997,1.8281063042677843,1.8702012243619568,1.8100661485636744,1.8521603345870967,4713600,0.0,0.0,-,1.4241277539730073,1.6751998949050904,1.778870940208435,1.7676708340644836,5853952.0
10/31/1997,1.7679716435557298,1.8100665735329935,1.7679716435557298,1.7980395555496216,4494400,0.0,0.0,-,1.420253698825836,1.666017665863037,1.777668261528015,1.758650577068329,5936288.0
10/30/1997,1.7619578989189384,1.7920250665573847,1.743917011079334,1.7679710388183594,4718400,0.0,0.0,-,1.4166801738739014,1.6587585067749024,1.7767662107944489,1.7521860241889953,6056544.0
10/29/1997,1.731889665682274,1.8040517350857024,1.719862654115036,1.789018154144287,5230400,0.0,0.0,-,1.4133654749393463,1.6513801789283753,1.7766158938407899,1.7515846967697144,6416576.0
10/28/1997,1.6116216072757965,1.7228714227676392,1.593581433931577,1.7228714227676392,7672000,0.0,0.0,-,1.4098969084024429,1.6441213083267212,1.7737595081329345,1.7512840509414673,6683104.0
10/27/1997,1.73189064410093,1.73189064410093,1.647701515568246,1.67175555229187,5302400,0.0,0.0,-,1.4067441082000733,1.6393262338638306,1.7697003781795502,1.7597028374671937,6621632.0
10/24/1997,1.8040519044479943,1.8100657778314544,1.7258766889572144,1.7258766889572144,5923200,0.0,0.0,-,1.4038768178224563,1.6360338401794434,1.7678963243961334,1.7741352438926696,6730784.0
10/23/1997,1.7619580384536504,1.7920252084732056,1.7228696897292084,1.7920252084732056,7145600,0.0,0.0,-,1.4013224864006042,1.631899209022522,1.765490984916687,1.7831555366516114,6736288.0
10/22/1997,1.7920257853179855,1.7920257853179855,1.7679717479311672,1.7739856243133545,4360000,0.0,0.0,-,1.398521580696106,1.6263215160369873,1.7606801986694336,1.7843582391738892,6800192.0
10/21/1997,1.761958035393346,1.8160792349628347,1.731890131355286,1.7830047607421875,3870400,0.0,0.0,-,1.3956967782974243,1.6208644247055053,1.757072114944458,1.7897703528404236,6982016.0
10/20/1997,1.749930751672715,1.761957764625549,1.7198628522553214,1.761957764625549,3315200,0.0,0.0,-,1.3927819865942002,1.6147465777397156,1.7524117231369019,1.7900710463523866,7129856.0
10/17/1997,1.731890832815002,1.7679718918319811,1.7198638131426756,1.7333940267562866,4528000,0.0,0.0,-,1.3900622147321702,1.6098903250694274,1.7486532628536224,1.7966859459877014,7203232.0
10/16/1997,1.7799979170194935,1.792024929972328,1.725876725767046,1.761957764625549,3953600,0.0,0.0,-,1.3874104446172715,1.6065660500526429,1.7466236889362334,1.8013463973999024,7348000.0
10/15/1997,1.7920248349841936,1.8521598965608443,1.7799978226688633,1.7860116958618164,5099200,0.0,0.0,-,1.3845859277248382,1.602910692691803,1.7436169981956482,1.8016470909118651,7498176.0
10/14/1997,1.8130731641170812,1.822093611219885,1.7860125568795997,1.8070592880249023,3419200,0.0,0.0,-,1.3816411411762237,1.5979336142539977,1.7395579516887665,1.7962349653244019,7507712.0
10/13/1997,1.8160796165466309,1.8220934922461336,1.792025581890384,1.8160796165466309,2217600,0.0,0.0,-,1.3785162997245788,1.5924155068397523,1.7333941161632538,1.7796979188919066,7562624.0
10/10/1997,1.7860124402617634,1.8160796165466309,1.755944529906014,1.8160796165466309,2116800,0.0,0.0,-,1.3753463566303252,1.5859363889694214,1.724373859167099,1.7616574048995972,7715104.0
10/09/1997,1.8220931230683104,1.8882413379351295,1.7920252188046772,1.804052233695984,7195200,0.0,0.0,-,1.3722213053703307,1.5799976992607117,1.7153536021709441,1.7478264331817628,7845664.0
10/08/1997,1.792025706485698,1.840133779143032,1.7619585281103305,1.8281067609786987,8964800,0.0,0.0,-,1.3692012763023376,1.5742995572090148,1.7043789625167847,1.737002158164978,7836992.0
10/07/1997,1.8100657204924768,1.828105871930184,1.7769912531076748,1.7860116958618164,5548800,0.0,0.0,-,1.3660460144281388,1.5673997759819032,1.691600263118744,1.7243738770484924,7810624.0
10/06/1997,1.810066600767665,1.840133779143032,1.792025706485698,1.8281067609786987,4502400,0.0,0.0,-,1.3631461173295976,1.5618222594261169,1.680475300550461,1.7147523999214171,7809408.0
10/03/1997,1.7920255580463924,1.8341204851701665,1.779998540878296,1.779998540878296,6096000,0.0,0.0,-,1.3602302652597427,1.555282745361328,1.6673959255218507,1.7006205797195435,7858848.0
10/02/1997,1.7318902237598504,1.7950318713167366,1.7318902237598504,1.7649646997451782,5246400,0.0,0.0,-,1.3573753982782364,1.5503058528900147,1.6550682842731477,1.6919009804725647,7819584.0
10/01/1997,1.6537151968843016,1.7559444738758936,1.6356743044323392,1.7318904399871826,6065600,0.0,0.0,-,1.3543712508678436,1.5453294014930725,1.6422895789146423,1.6855869054794312,7869984.0
09/30/1997,1.6597289891551954,1.6777698886815855,1.6356749458341056,1.6416888236999512,4390400,0.0,0.0,-,1.3516147756576538,1.540804274082184,1.6296612083911897,1.682880938053131,7909184.0
09/29/1997,1.6777694073956382,1.6837825494654035,1.6356744766235352,1.6356744766235352,3356800,0.0,0.0,-,1.3494664174318314,1.5366721296310424,1.6199312806129456,1.687090313434601,7975296.0
09/26/1997,1.7018239428425903,1.7138509645797424,1.6717560214641347,1.677769899368286,3763200,0.0,0.0,-,1.3473630970716477,1.5322999930381775,1.6087007105350495,1.687090313434601,8080800.0
09/25/1997,1.713850376984099,1.7198635187554867,1.6837824659144625,1.6958094835281372,3766400,0.0,0.0,-,1.344989447593689,1.5266055727005006,1.594464659690857,1.6828807711601257,8393216.0
09/24/1997,1.689796928027424,1.7078370936714753,1.6837830500986375,1.7018239498138428,4411200,0.0,0.0,-,1.342540561556816,1.5189892029762269,1.5799271047115326,1.6717557668685914,9059168.0
09/23/1997,1.689796924591065,1.6958100684364688,1.6777699028291038,1.6897969245910645,5784000,0.0,0.0,-,1.3400466418266297,1.5120331263542175,1.565389060974121,1.6588266491889954,9546272.0
09/22/1997,1.7078360173392086,1.7078360173392086,1.6837819889259804,1.686788558959961,3336000,0.0,0.0,-,1.3375978893041611,1.5071789932250976,1.5517525970935822,1.6461982011795044,9763520.0
09/19/1997,1.7078361336731571,1.7138500082214614,1.6837821036214224,1.6928025484085083,7713600,0.0,0.0,-,1.3352988511323929,1.5016644835472106,1.537065613269806,1.6341712713241576,9994432.0
09/18/1997,1.7078370936714753,1.7258779933866806,1.701823949813843,1.7018239498138428,6190400,0.0,0.0,-,1.333104413151741,1.49999267578125,1.5241795659065247,1.6182355880737305,9965248.0
09/17/1997,1.683783291068017,1.7379052638879755,1.683783291068017,1.704830765724182,9121600,0.0,0.0,-,1.330811597108841,1.4982605385780334,1.5090411007404327,1.5989922523498534,10007168.0
09/16/1997,1.6477015222821918,1.6837825775146484,1.6296613617014373,1.6837825775146484,6185600,0.0,0.0,-,1.328429029583931,1.4967084503173829,1.4951032936573028,1.576441478729248,9913216.0
09/15/1997,1.6356744766235352,1.6477014948340023,1.6116204402026009,1.6356744766235352,4676800,0.0,0.0,-,1.326091930270195,1.4956673884391785,1.4850700497627258,1.5527722477912902,9887392.0
09/12/1997,1.5905729748165494,1.6356744766235352,1.5815532617119008,1.6356744766235352,7627200,0.0,0.0,-,1.3239654833078385,1.495678541660309,1.4786431193351746,1.530311107635498,9900032.0
09/11/1997,1.584559440612793,1.587566010903634,1.5454718246195966,1.584559440612793,7049600,0.0,0.0,-,1.3218166255950927,1.4947890496253968,1.4728166520595551,1.5060485482215882,9896992.0
09/10/1997,1.5665188970359618,1.58455979091081,1.563512326080459,1.5725327730178833,2803200,0.0,0.0,-,1.3197813844680786,1.4948017525672912,1.469245707988739,1.4880984425544739,10000544.0
09/09/1997,1.5605058733129435,1.5815533397373656,1.5605058733129435,1.5635124444961548,7811200,0.0,0.0,-,1.3176717835664749,1.4947547650337218,1.4656756222248077,1.4719514727592469,10061216.0
09/08/1997,1.5454725247650491,1.569526566130489,1.539458647388146,1.566519260406494,8974400,0.0,0.0,-,1.315622233748436,1.494527907371521,1.4613556206226348,1.4573069930076599,9970432.0
09/05/1997,1.5394588600406758,1.5635129047288114,1.521418693560168,1.5334457159042358,7868800,0.0,0.0,-,1.3136174201965332,1.494300971031189,1.4589869141578675,1.439959955215454,9957216.0
09/04/1997,1.4943562748354249,1.5274307461637229,1.485336565076432,1.5093905925750732,8945600,0.0,0.0,-,1.3115388858318329,1.4940149593353271,1.4606736421585083,1.430123543739319,9970944.0
09/03/1997,1.4793230295181274,1.485336904803617,1.4552689965178327,1.4793230295181274,6483200,0.002813,0.0,-,1.309251879453659,1.4947504472732545,1.4641636073589326,1.419089949131012,9875136.0
09/02/1997,1.4290763344076742,1.459099312962026,1.417067289580719,1.4470902681350708,6864000,0.0,0.0,-,1.3071899229288102,1.49638751745224,1.467055344581604,1.4137651085853578,9807136.0
08/29/1997,1.3930491420861708,1.423072119393942,1.3930491420861708,1.4110630750656128,9100800,0.0,0.0,-,1.3055132776498795,1.4984290599822998,1.4712585270404817,1.4173678517341615,9857088.0
08/28/1997,1.4050579245748192,1.4170669666652025,1.3810398403940531,1.393048882484436,12643200,0.0,0.0,-,1.3041064310073853,1.5014313292503356,1.4753115594387054,1.426975131034851,9930464.0
08/27/1997,1.4170674299582458,1.4170674299582458,1.3810402919084597,1.4050583839416504,6372800,0.0,0.0,-,1.3027747064828872,1.5044336199760437,1.4816163718700408,1.4395847558975219,9775968.0
08/26/1997,1.429076275071158,1.441085319399487,1.3930491420861708,1.4110630750656128,7419200,0.0,0.0,-,1.3014128249883652,1.507375843524933,1.4873207092285157,1.450392973423004,9880192.0
08/25/1997,1.4110634895394591,1.4230725373952244,1.4050585991245206,1.4170676469802856,8339200,0.0,0.0,-,1.300005978345871,1.5106783318519592,1.4909234404563905,1.4593997716903686,10115840.0
08/22/1997,1.393048882484436,1.423071854197274,1.3750356858357418,1.393048882484436,8830400,0.0,0.0,-,1.2986587643623353,1.5138006830215454,1.4954268515110016,1.46540424823761,10121024.0
08/21/1997,1.3930495666951923,1.4440878374038566,1.3630273132103732,1.4350816011428833,10507200,0.0,0.0,-,1.2971925562620163,1.5172833108901977,1.5008309602737426,1.4780138731002808,10289120.0
08/20/1997,1.4290769040393343,1.4410859536531104,1.3930497551980068,1.3990546464920044,22720000,0.0,0.0,-,1.2952621537446976,1.520045382976532,1.5056345760822296,1.4912237405776978,10531968.0
08/19/1997,1.5131400382574736,1.5431630245512276,1.3660293844481926,1.4260746240615845,18556800,0.0,0.0,-,1.2936164879798888,1.5225240349769593,1.511488950252533,1.5092372655868531,10351072.0
08/18/1997,1.5221469198831703,1.531153888550592,1.4771128095201354,1.483117699623108,4598400,0.0,0.0,-,1.2915816879272461,1.5237427544593811,1.515466922521591,1.5203455805778503,10286432.0
08/15/1997,1.5311539637153058,1.555172059358102,1.4921240085651797,1.5071358680725098,10760000,0.0,0.0,-,1.289127188026905,1.522801296710968,1.51306511759758,1.5251492023468018,10584256.0
08/14/1997,1.5071360815884254,1.525149289385398,1.5071360815884254,1.519145131111145,6198400,0.0,0.0,-,1.286492821574211,1.520360164642334,1.5085617065429688,1.5236479878425597,10541344.0
08/13/1997,1.5011315071393574,1.519145451712214,1.4951273475979845,1.5131405591964722,10340800,0.0,0.0,-,1.2837834656238556,1.5169593238830565,1.5022568941116332,1.5236479878425597,10685152.0
08/12/1997,1.483117851533461,1.5191449969192037,1.483117851533461,1.5011310577392578,13451200,0.0,0.0,-,1.2811788514256477,1.513438732624054,1.4923494160175323,1.524248445034027,10875168.0
08/11/1997,1.519144432952518,1.519144432952518,1.4771124124526978,1.4771124124526978,11262400,0.0,0.0,-,1.2786641702055932,1.5102182841300964,1.4849938690662383,1.522447109222412,10723296.0
08/08/1997,1.5491673884308372,1.5671813292020238,1.498129111202832,1.519145131111145,6984000,0.0,0.0,-,1.2762695822119712,1.507658097743988,1.483492761850357,1.5254494547843933,10583840.0
08/07/1997,1.591198358820198,1.6032074002717702,1.5611753887044062,1.5671802759170532,11766400,0.0,0.0,-,1.27363494515419,1.5047369384765625,1.4780886590480804,1.5236480474472045,10563136.0
08/06/1997,1.5371578695996952,1.5911989424398048,1.5371578695996952,1.5791898965835571,11462400,0.0,0.0,-,1.2707750743627548,1.5006751894950867,1.4801902532577516,1.5200454115867614,10424384.0
08/05/1997,1.5371577739715576,1.567180753231412,1.5251487288624048,1.5371577739715576,5576000,0.0,0.0,-,1.267855155467987,1.4965531349182128,1.4819916129112243,1.513740634918213,10346400.0
08/04/1997,1.4891218847244838,1.531153917312622,1.4831177274828,1.531153917312622,6164800,0.0,0.0,-,1.2652350574731828,1.4929719114303588,1.486495041847229,1.5105882644653321,10335232.0
08/01/1997,1.5371578269860653,1.5371578269860653,1.4530945083227649,1.4921237230300903,9841600,0.0,0.0,-,1.2626001453399658,1.489330894947052,1.4915238201618195,1.5009810328483582,10305568.0
07/31/1997,1.5371583389081176,1.5851945369989964,1.5131402398626783,1.519145131111145,8644800,0.0,0.0,-,1.2601753276586534,1.4868302416801453,1.4987292408943176,1.4934754252433777,10328032.0
07/30/1997,1.483117982542986,1.5311541806338649,1.483117982542986,1.519145131111145,6761600,0.0,0.0,-,1.257361369729042,1.4851082730293275,1.502331978082657,1.4808658003807067,10347360.0
07/29/1997,1.495126746854979,1.519144841318721,1.483117699623108,1.483117699623108,7646400,0.0,0.0,-,1.2545324721932412,1.4824269556999206,1.5056344509124755,1.4604503870010377,10355840.0
07/28/1997,1.4951268202511117,1.519144915893908,1.4951268202511117,1.5071358680725098,5488000,0.0,0.0,-,1.2516894534230232,1.4786673760414124,1.509987735748291,1.4475406289100647,10282528.0
07/25/1997,1.5131401062011718,1.5431630938430316,1.5011310577392578,1.5011310577392578,6974400,0.0,0.0,-,1.2487412837147713,1.4756266403198242,1.5122394204139709,1.4415360689163208,10304384.0
07/24/1997,1.537158074554306,1.549167122011761,1.5131399796393947,1.531153917312622,4132800,0.0,0.0,-,1.2454495653510094,1.4724661636352538,1.5149414896965028,1.4325292706489563,10248896.0
07/23/1997,1.513140051135381,1.5311539896597683,1.5071358936100003,1.5161421298980713,7766400,0.0,0.0,-,1.2420525598526,1.4685853052139282,1.5143410503864287,1.4403350949287415,10285216.0
07/22/1997,1.4891219038420451,1.5371580942885628,1.477112856230416,1.505634069442749,8025600,0.0,0.0,-,1.2387007275223731,1.465364444255829,1.515842193365097,1.4502425909042358,10252576.0
07/21/1997,1.4170676626726957,1.4530948066389504,1.3990544571766284,1.4350816011428833,7696000,0.0,0.0,-,1.2354163777828218,1.462353744506836,1.51861931681633,1.462401819229126,10285920.0
07/18/1997,1.4110634895394591,1.453094790547581,1.3930495512687553,1.4170676469802856,8632000,0.0,0.0,-,1.2324250182509422,1.459674813747406,1.5243236064910888,1.4820666074752809,10372288.0
07/17/1997,1.3029814332934433,1.4170669666652025,1.3029814332934433,1.393048882484436,19384000,0.0,0.0,-,1.2296133875846862,1.4567565441131591,1.531529051065445,1.5039830565452577,10270560.0
07/16/1997,1.3810403885402207,1.3810403885402207,1.3029819504575817,1.3149909973144531,37064000,0.0,0.0,-,1.2268770214915277,1.4549782180786133,1.5390347778797149,1.523798155784607,9993760.0
07/15/1997,1.4530945648945046,1.477112656876232,1.3510180404591627,1.354020118713379,28766400,0.0,0.0,-,1.2246056580543518,1.4554206180572509,1.5508937060832977,1.5508185148239135,9384640.0
07/14/1997,1.4530944240615846,1.513139648196361,1.4470902681350708,1.4470902681350708,16646400,0.0,0.0,-,1.2223184666037559,1.4536433959007262,1.5620020747184753,1.5724348425865173,9404096.0
07/11/1997,1.5911987399905487,1.6092119399960938,1.408060264253108,1.4110630750656128,14881600,0.0,0.0,-,1.219610752761364,1.451803572177887,1.5683068215847016,1.5829427719116211,9153728.0
07/10/1997,1.6152170495829592,1.6452392980233947,1.5972031141395,1.6092121601104736,6254400,0.0,0.0,-,1.217098119854927,1.4505643725395203,1.5761126816272735,1.597353708744049,8936960.0
07/09/1997,1.6272261359219071,1.645239338838238,1.6032080433841227,1.6152170896530151,8286400,0.0,0.0,-,1.2135947415232657,1.445721950531006,1.5743113338947297,1.5883470058441163,8859264.0
07/08/1997,1.6152173048229816,1.6512444484289874,1.6152173048229816,1.6272263526916504,4424000,0.0,0.0,-,1.2099417927861214,1.4407594299316406,1.5696998417377472,1.5814417958259583,8772704.0
07/07/1997,1.6392353214034288,1.6392353214034288,1.6062102581158062,1.6317294836044312,4894400,0.0,0.0,-,1.206273626089096,1.4361563324928284,1.5626890540122986,1.5748368144035338,8934592.0
07/03/1997,1.59420084821668,1.6452391043414591,1.5851938815552746,1.6362321376800537,5308800,0.0,0.0,-,1.2025306430459022,1.4315830731391908,1.5529048204421998,1.566580605506897,8983680.0
07/02/1997,1.5972040348374774,1.5972040348374774,1.5731859290504475,1.5911998748779297,7475200,0.0,0.0,-,1.1987576776742934,1.4266799116134643,1.5403471767902375,1.5590750455856324,8976960.0
07/01/1997,1.5671813793343257,1.6152175789618262,1.5671813793343257,1.5851945877075195,12227200,0.0,0.0,-,1.1952845874428748,1.422197735309601,1.5282423377037049,1.554271399974823,8916960.0
06/30/1997,1.543163218363346,1.5851945248845438,1.543163218363346,1.5701833963394165,5836800,0.0,0.0,-,1.1918415236473083,1.417715735435486,1.5158381581306457,1.5509688973426818,8779680.0
06/27/1997,1.5551723736789484,1.5551723736789484,1.543163323430363,1.5521695613861084,3272000,0.0,0.0,-,1.1883988019824028,1.4134140491485596,1.504334419965744,1.5515693068504333,8711616.0
06/26/1997,1.5251494499355125,1.5551724433898926,1.5011313483617248,1.5551724433898926,8313600,0.0,0.0,-,1.184896718263626,1.4095925498008728,1.4941810965538025,1.553670871257782,8719040.0
06/25/1997,1.5431632301565843,1.5671813292020238,1.4651040417717995,1.519145131111145,8555200,0.0,0.0,-,1.18115360558033,1.40583092212677,1.4850768327713013,1.5548716545104981,8618304.0
06/24/1997,1.561176115026249,1.5671810050326125,1.5431629109552851,1.5461649894714355,4155200,0.0,0.0,-,1.1777269858121873,1.4025500011444092,1.477324217557907,1.560275661945343,8589536.0
06/23/1997,1.549167488171504,1.5671814301024891,1.543163329510683,1.5611765384674072,3083200,0.0,0.0,-,1.1741054940223694,1.3976494026184083,1.4686703264713288,1.5579578876495361,8605408.0
06/20/1997,1.5491673946380615,1.5791903850522644,1.5491673946380615,1.5491673946380615,9361600,0.0,0.0,-,1.1706629747152328,1.392328646183014,1.4585163295269012,1.5505412936210632,8594848.0
06/19/1997,1.543163329510683,1.5611765384674072,1.53115427921478,1.5611765384674072,12769600,0.0,0.0,-,1.1673103883862495,1.3880875182151795,1.448513114452362,1.5392290353775024,8534432.0
06/18/1997,1.549167577777948,1.5611766287684747,1.5311543677793098,1.5431634187698364,4918400,0.0,0.0,-,1.1639874148368836,1.3834862780570985,1.4388088405132293,1.5216193079948426,8344512.0
06/17/1997,1.5731855825646974,1.5761876618832793,1.5491674820675263,1.5521695613861084,11584000,0.0,0.0,-,1.1607610794901848,1.378765618801117,1.4333030045032502,1.5022132754325868,8329984.0
06/16/1997,1.5551722054854258,1.5821923823789177,1.5551722054854258,1.5761874914169312,19201600,0.0,0.0,-,1.1575941187143326,1.3751839709281921,1.4249484896659852,1.4807074189186096,8199392.0
06/13/1997,1.561176158089674,1.585194252829515,1.5491671107197535,1.5731852054595947,8598400,0.0,0.0,-,1.1543667304515839,1.368603641986847,1.4108960509300232,1.4570995330810548,7902368.0
06/12/1997,1.5972025130591234,1.5972025130591234,1.555171234465481,1.5671802759170532,17235200,0.0,0.0,-,1.1510574036836625,1.361603674888611,1.3999917447566985,1.434691321849823,7790720.0
06/11/1997,1.5251490159799124,1.597203300199436,1.5251490159799124,1.5731852054595947,22649600,0.002813,0.0,-,1.1476886096596717,1.3546638560295106,1.388788092136383,1.4152820110321045,7600768.0
06/10/1997,1.4870111698240749,1.5409756508255898,1.4750191442609772,1.5229872465133667,13675200,0.0,0.0,-,1.1442972514033318,1.3466445660591126,1.3769843816757201,1.3943727731704711,7238592.0
06/09/1997,1.445038890814313,1.4870105981826782,1.421054848908141,1.4870105981826782,15324800,0.0,0.0,-,1.1411717969179154,1.340528645515442,1.3685899734497071,1.3793827652931214,7046912.0
06/06/1997,1.4390426347076943,1.451034656663592,1.427050612751797,1.4360448122024536,19489600,0.0,0.0,-,1.1382784307003022,1.3357318544387817,1.3619943976402282,1.3664913654327393,6802848.0
06/05/1997,1.3550988359314002,1.4030669363183523,1.349103189350594,1.385079264640808,8614400,0.0,0.0,-,1.1356622663140297,1.3321942067146302,1.3552489101886749,1.3577971935272217,6561376.0
06/04/1997,1.33711106890568,1.3670907635421377,1.33711106890568,1.3491030931472778,13388800,0.0,0.0,-,1.133405333161354,1.3299157047271728,1.3495526552200316,1.3559983730316163,6487936.0
06/03/1997,1.3311146184838487,1.3491030198362826,1.3131269490664488,1.337110996246338,19841600,0.0,0.0,-,1.1314028611779212,1.3281168913841248,1.3473041296005248,1.3643927335739137,6432800.0
06/02/1997,1.3431064555387622,1.355098477463215,1.3191224116898557,1.3401086330413818,5857600,0.0,0.0,-,1.1293559420108794,1.3245192790031433,1.3473041296005248,1.3691895604133606,6152832.0
05/30/1997,1.3790827877837353,1.3790827877837353,1.3491030931472778,1.3491030931472778,4289600,0.0,0.0,-,1.1272716596722603,1.3227804446220397,1.3435566484928132,1.3646925687789917,6113344.0
05/29/1997,1.3550987650678836,1.3910748384767655,1.3550987650678836,1.3730871677398682,5948800,0.0,0.0,-,1.1251946073770522,1.3206218838691712,1.3438564479351043,1.3652921676635743,6109952.0
05/28/1997,1.3730870272590556,1.3910746961556308,1.355098626427468,1.3640928268432615,4828800,0.0,0.0,-,1.1227440774440764,1.3187031579017638,1.342657244205475,1.3622941732406617,6271520.0
05/27/1997,1.3491031188006135,1.3730871677398682,1.3491031188006135,1.3730871677398682,7563200,0.0,0.0,-,1.1204578414559365,1.3182834458351136,1.3428071558475494,1.3595959901809693,6445824.0
05/23/1997,1.3371111055325209,1.3610951546727,1.3371111055325209,1.3580965995788574,5017600,0.0,0.0,-,1.1181117177009583,1.317683846950531,1.3425073504447937,1.3577971816062928,6522080.0
05/22/1997,1.3610951173888757,1.3790827877837353,1.319122666575747,1.3491030931472778,4681600,0.0,0.0,-,1.1157510533928872,1.3169043707847594,1.3444560945034028,1.3574974298477174,6597856.0
05/21/1997,1.439043220720793,1.4510352475601331,1.3371113585540195,1.3670910596847534,10964800,0.0,0.0,-,1.1133011218905449,1.3165445995330811,1.3471542656421662,1.3527006268501283,6611328.0
05/20/1997,1.3790822447642574,1.4330466985702517,1.3311141666855006,1.4330466985702517,9611200,0.0,0.0,-,1.1105673530697822,1.3148657131195067,1.3483534157276154,1.3431069374084472,6512064.0
05/19/1997,1.319122760641186,1.385079264640808,1.307130735544448,1.385079264640808,7185600,0.0,0.0,-,1.107488893866539,1.3119876456260682,1.3450556337833404,1.3302155256271362,6591200.0
05/16/1997,1.343106817316126,1.3550988424707342,1.2951387166976929,1.2951387166976929,3980800,0.0,0.0,-,1.104143151640892,1.310908350944519,1.3438564002513886,1.3254186987876893,6587808.0
05/15/1997,1.3311150274445525,1.355099081993103,1.325119379775044,1.355099081993103,6580800,0.0,0.0,-,1.1012098219990731,1.3112681269645692,1.346854418516159,1.3224207282066345,6765568.0
05/14/1997,1.3311151947293962,1.3491036038690902,1.3311151947293962,1.3431072235107422,4200000,0.0,0.0,-,1.097954318523407,1.308226945400238,1.3471541941165923,1.3224207282066345,6782112.0
05/13/1997,1.337110996246338,1.3670906892536825,1.3311146184838487,1.337110996246338,5948800,0.0,0.0,-,1.094699113070965,1.3051263165473939,1.348353385925293,1.3230203151702882,6836288.0
05/12/1997,1.36109546159787,1.373087488872145,1.3191230001702772,1.355099081993103,6134400,0.0,0.0,-,1.091503721177578,1.3016668009757995,1.3492527902126312,1.3260183215141297,6812480.0
05/09/1997,1.2891432979522184,1.36109546159787,1.2891432979522184,1.355099081993103,9692800,0.0,0.0,-,1.088382453918457,1.2975482559204101,1.3465545892715454,1.3272175192832947,6945216.0
05/08/1997,1.2711546350562777,1.307130709633342,1.2711546350562777,1.3011350631713867,12014400,0.0,0.0,-,1.085231358706951,1.2937888455390931,1.343556571006775,1.3314147591590881,6904704.0
05/07/1997,1.289142561875949,1.3071302265491125,1.2591621448408885,1.2711541652679443,3545600,0.0,0.0,-,1.0823053374886513,1.291168553829193,1.3453553676605225,1.3416079044342042,6860064.0
05/06/1997,1.3431064694310022,1.3431064694310022,1.2711543371400555,1.3041325807571411,5544000,0.0,0.0,-,1.0795888817310333,1.288190233707428,1.348353385925293,1.3535998940467835,6887392.0
05/05/1997,1.2651588547066703,1.3431066420737934,1.2651588547066703,1.337110996246338,6608000,0.0,0.0,-,1.0767671939730645,1.283923900127411,1.3485032796859742,1.3598957419395448,6894016.0
05/02/1997,1.3550988329470426,1.3790828830876982,1.1632264318217975,1.265159010887146,29739200,0.0,0.0,-,1.073810446858406,1.2794468855857848,1.3503020882606507,1.3622941017150878,6854528.0
05/01/1997,1.3431070547188275,1.3970715434206955,1.3371114070493193,1.355099081993103,4128000,0.0,0.0,-,1.0712880352139473,1.2761695003509521,1.3494026899337768,1.3712881088256836,6518304.0
04/30/1997,1.3730871416304733,1.3730871416304733,1.3431067150589422,1.3491030931472778,4043200,0.0,0.0,-,1.0680623635649682,1.2700159716606139,1.3428070783615111,1.3718876600265504,6548384.0
04/29/1997,1.3910751133634334,1.4030671402027732,1.3550990328454136,1.3670910596847534,2369600,0.0,0.0,-,1.0648368400335313,1.2643713951110838,1.336361390352249,1.3736864566802978,6525184.0
04/28/1997,1.4090635195900592,1.4090635195900592,1.3550990328454136,1.3670910596847534,3958400,0.0,0.0,-,1.0615064632892608,1.2588159680366515,1.3266178727149964,1.3724872589111328,6560736.0
04/25/1997,1.4270511816242708,1.4270511816242708,1.3970714807510376,1.3970714807510376,12518400,0.0,0.0,-,1.058310323059559,1.253260540962219,1.3191228806972504,1.365891659259796,6636192.0
04/24/1997,1.3970708711381936,1.4390425804333808,1.3910744944189348,1.4030665159225464,7348800,0.0,0.0,-,1.0550686877965927,1.2472850608825683,1.311627858877182,1.3556983828544618,6490080.0
04/23/1997,1.3670900258524663,1.3970704362463948,1.343105990311195,1.3910740613937378,4972800,0.0,0.0,-,1.0518269056081773,1.24101012468338,1.3044326543807983,1.349102830886841,6492352.0
04/22/1997,1.3431070060060737,1.3670910596847534,1.3251193317146797,1.3670910596847534,4475200,0.0,0.0,-,1.0486749187111855,1.2347356295585632,1.2984366595745087,1.3431068778038024,6585088.0
04/21/1997,1.3670902378495036,1.3790822574797623,1.3491025743715113,1.36109459400177,5363200,0.0,0.0,-,1.0457621696591377,1.2284619641304015,1.2930402278900146,1.3371108174324036,6806944.0
04/18/1997,1.3491034343235946,1.373087488872145,1.3311150274445525,1.355099081993103,2433600,0.0,0.0,-,1.0428943136334419,1.2220688080787658,1.2828470170497894,1.3383100748062133,7082656.0
04/17/1997,1.3670902378495036,1.391074277110021,1.3431061985889858,1.36109459400177,3643200,0.0,0.0,-,1.0401608443260193,1.2150773358345033,1.2777504086494447,1.3275172710418701,7318080.0
04/16/1997,1.3790830865240933,1.4030671402027732,1.3311149791667336,1.3670910596847534,3276800,0.0,0.0,-,1.0374421456456184,1.2076666915416718,1.2717544317245484,1.3137264966964721,7432800.0
04/15/1997,1.3311150274445525,1.4090635706949708,1.3131273525007687,1.355099081993103,7116800,0.0,0.0,-,1.0346860015392303,1.1996572983264924,1.267257422208786,1.2990363240242004,7480544.0
04/14/1997,1.3011350631713867,1.3011350631713867,1.283146659915299,1.3011350631713867,4948800,0.0,0.0,-,1.0320569401979447,1.1921870028972625,1.266657829284668,1.2807484865188599,7485152.0
04/11/1997,1.325119145551778,1.3491031958609945,1.2651590197787368,1.2951387166976929,2555200,0.0,0.0,-,1.0295932909846306,1.186095242500305,1.2687564373016358,1.2723541021347047,7468288.0
04/10/1997,1.361095043426227,1.3910747364335716,1.3071305713039596,1.337110996246338,6340800,0.0,0.0,-,1.0271819934248925,1.1801234090328216,1.2699556410312653,1.2675573348999023,7601056.0
04/09/1997,1.3311145305633545,1.3550985761590906,1.283146439371882,1.3311145305633545,3273600,0.0,0.0,-,1.0246428725123407,1.173192436695099,1.269655817747116,1.2597624778747558,7705472.0
04/08/1997,1.3670905686299737,1.3850789683952207,1.2891427881404858,1.3071304559707642,4192000,0.0,0.0,-,1.021924916803837,1.1672193169593812,1.2672574281692506,1.2537664413452148,7839360.0
04/07/1997,1.229182874104341,1.3730871677398682,1.229182874104341,1.3730871677398682,5054400,0.0,0.0,-,1.0191628149151801,1.1623842787742615,1.266358071565628,1.2489696383476256,7981120.0
04/04/1997,1.2051993078632852,1.26515945422625,1.2051993078632852,1.2471710443496704,4350400,0.0,0.0,-,1.0161007624864578,1.15563157081604,1.2642594397068023,1.2273839592933655,8165728.0
04/03/1997,1.2291832304887138,1.2291832304887138,1.20519917459562,1.2231868505477903,3016000,0.0,0.0,-,1.0137876135110855,1.150798659324646,1.2675572633743286,1.227983546257019,8689152.0
04/02/1997,1.1632270029275875,1.2351791886756858,1.1632270029275875,1.220189332962036,7737600,0.0,0.0,-,1.0116838720440864,1.1459067630767823,1.2665499210357667,1.2297823667526244,9135072.0
04/01/1997,1.217190986750443,1.223186633693118,1.1632265045905144,1.1722207069396973,4540800,0.0,0.0,-,1.0099232572317123,1.1430499625205994,1.2649442434310914,1.2354785203933716,9159648.0
03/31/1997,1.2291832474417763,1.253167303665662,1.217191219329834,1.217191219329834,4091200,0.0,0.0,-,1.008432313501835,1.1412722396850588,1.2645399689674377,1.252567172050476,9216416.0
03/27/1997,1.277151483498843,1.277151483498843,1.2231869858044844,1.2471710443496704,3121600,0.0,0.0,-,1.0065822798013686,1.139029040336609,1.2611389994621276,1.265158772468567,9606848.0
03/26/1997,1.259162425994873,1.2831464722042991,1.2411747573053054,1.259162425994873,7416000,0.0,0.0,-,1.0049552255868912,1.1359917163848878,1.2571368753910064,1.2723539471626282,10061408.0
03/25/1997,1.289142561875949,1.289142561875949,1.2411744801677245,1.2711541652679443,4942400,0.0,0.0,-,1.0031405422091484,1.1326546955108645,1.2526847779750825,1.2795491576194764,10387776.0
03/24/1997,1.1752182642618814,1.3071305184137252,1.1392421949477425,1.259162425994873,10632000,0.0,0.0,-,1.0014743238687516,1.1291975617408754,1.2452389776706696,1.2807484149932862,10696672.0
03/21/1997,1.259162188384792,1.259162188384792,1.1512340008089528,1.1572303771972656,5843200,0.0,0.0,-,0.9999573913216591,1.1283145213127137,1.2368216514587402,1.2837465047836303,10750080.0
03/20/1997,1.2351785114442346,1.259162560210142,1.2291828652202987,1.253166913986206,3883200,0.0,0.0,-,0.9990989899635315,1.1298067951202393,1.2346231460571289,1.3011349201202393,10841152.0
03/19/1997,1.2591627285150415,1.2591627285150415,1.2171910035321305,1.2411750555038452,4120000,0.0,0.0,-,0.9977832368016243,1.1289239597320557,1.227029287815094,1.3071309804916382,10909920.0
03/18/1997,1.3431066326856635,1.3670906796979074,1.2471704446366876,1.2771508693695068,14027200,0.0,0.0,-,0.9963860160112381,1.1281013870239258,1.2173416674137116,1.3033174753189087,10994752.0
03/17/1997,1.3311151947293962,1.3491036038690902,1.2831470796040123,1.3431072235107422,13544000,0.0,0.0,-,0.9948237991333008,1.1269184374809267,1.206827837228775,1.2944099664688111,11018592.0
03/14/1997,1.3191231659480502,1.3610956326504362,1.3191231659480502,1.3431072235107422,11376000,0.0,0.0,-,0.9927829286456108,1.1241170930862427,1.1941384613513946,1.2765127658843993,10928000.0
03/13/1997,1.3191227912902832,1.361095246071636,1.301135119194805,1.3191227912902832,8806400,0.0,0.0,-,0.9907122826576233,1.1211960363388063,1.1814490854740143,1.2571192264556885,10890112.0
03/12/1997,1.271154416574014,1.3371109079297812,1.247170370978278,1.3311145305633545,5355200,0.0,0.0,-,0.9889104351401329,1.118754668235779,1.1704078197479248,1.2419198036193848,10777280.0
03/11/1997,1.2891431177727142,1.2951387646042296,1.2591626878096678,1.2831467390060425,6001600,0.0,0.0,-,0.9871230635046959,1.1157741975784303,1.158318078517914,1.2258203983306886,10778400.0
03/10/1997,1.3311150542353989,1.3311150542353989,1.1992027515634225,1.2891433238983154,13568000,0.0,0.0,-,0.9856648582220078,1.113753082752228,1.1480282068252563,1.209729540348053,10764096.0
03/07/1997,1.3191225077654865,1.3550985761590906,1.2891428167383088,1.3311145305633545,7016000,0.0,0.0,-,0.9840129080414772,1.1117916035652162,1.136241430044174,1.1898967981338502,10544320.0
03/06/1997,1.235178964643375,1.3311151949069382,1.2051992586536868,1.313127517700195,12868800,0.002813,2.0,-,0.9821511018276214,1.1091702413558961,1.1217575430870057,1.1681113719940186,10541216.0
03/05/1997,1.1970543666313918,1.2090249102977058,1.1910694601102365,1.2030400037765503,7408000,0.0,0.0,-,0.9803792306780815,1.1068487787246706,1.1063774406909943,1.1469275951385498,10400704.0
03/04/1997,1.1641347035179117,1.194061415518034,1.1641347035179117,1.1880757808685305,6908800,0.0,0.0,-,0.9791131323575973,1.1069086241722108,1.0957535594701766,1.1313658595085143,10446912.0
03/03/1997,1.1461797670353568,1.1820913989219162,1.1461797670353568,1.164135217666626,4758400,0.0,0.0,-,0.9779069709777832,1.1080458354949954,1.0846808403730392,1.119245707988739,10574592.0
02/28/1997,1.1671280043671384,1.1671280043671384,1.1012896696726482,1.1491718292236328,12771200,0.0,0.0,-,0.9767014107108116,1.1089436340332033,1.0755532950162887,1.1117641568183898,10767552.0
02/27/1997,1.176105924171579,1.188076469788145,1.152164832938447,1.167128562927246,7667200,0.0,0.0,-,0.975689769089222,1.109242901802063,1.067922055721283,1.10577894449234,10771968.0
02/26/1997,1.1282232220057105,1.188075922518265,1.113260229533518,1.1701204776763916,9782400,0.0,0.0,-,0.9746478927135468,1.1095122385025027,1.0593929797410966,1.0988958358764649,10824192.0
02/25/1997,1.0982970823471805,1.1342086975959411,1.0982970823471805,1.1222381591796875,4912000,0.0,0.0,-,0.973442180454731,1.110350172519684,1.050415074825287,1.0908157587051392,10739840.0
02/24/1997,1.107275858977892,1.107275858977892,1.0713642213454868,1.0908159017562866,5875200,0.0,0.0,-,0.9724609908461571,1.112205617427826,1.0459260940551758,1.0863268733024598,10800896.0
02/21/1997,1.1102678166888278,1.1252308096936954,1.0953048236839604,1.113260269165039,4633600,0.0,0.0,-,0.9716071364283562,1.1144500994682314,1.0446542263031007,1.0825860619544982,10849728.0
02/20/1997,1.0444294979195388,1.107275384833211,1.029466504636018,1.1012897491455078,12928000,0.0,0.0,-,0.970239100754261,1.116305539608002,1.0407638013362885,1.0754037141799926,10994560.0
02/19/1997,1.0534075523480917,1.0653780927156833,1.0414370119804994,1.0474226474761963,5632000,0.0,0.0,-,0.9691244548559189,1.1183405447006227,1.0359755873680114,1.0658272862434388,10879168.0
02/18/1997,1.083334214494341,1.0982972065508647,1.0563999520440803,1.0668742656707764,2883200,0.0,0.0,-,0.9680856072902679,1.1213930201530458,1.0325340569019317,1.060141259431839,11027840.0
02/14/1997,1.0893197059631348,1.098297798283706,1.0743567058449557,1.0893197059631348,4147200,0.0,0.0,-,0.9668155133724212,1.1245951533317566,1.0330578088760376,1.0501159727573395,11195840.0
02/13/1997,1.0923121598619387,1.10129025218251,1.0743567058449557,1.0893197059631348,7731200,0.0,0.0,-,0.9654034197330474,1.1278870582580567,1.0327585518360138,1.0393424332141876,11364288.0
02/12/1997,1.0893193870761653,1.101289929791288,1.0833344810305765,1.0982974767684937,5212800,0.0,0.0,-,0.9641104239225388,1.1309658789634707,1.0335441291332246,1.0300651669502259,11566400.0
02/11/1997,1.0773491597437597,1.0953053443849017,1.0623861596255804,1.0893197059631348,7462400,0.0,0.0,-,0.9627278777956962,1.1335662746429445,1.0333944976329803,1.019890123605728,11818688.0
02/10/1997,1.0743568508501995,1.083334944382538,1.0683712116205546,1.077349305152893,9609600,0.0,0.0,-,0.9614199978113175,1.1361071348190308,1.0335440814495087,1.0100143909454347,11707072.0
02/07/1997,1.0564002413828306,1.0683707844314292,1.0414372452280738,1.0534077882766724,15568000,0.0,0.0,-,0.960142192542553,1.1387678503990175,1.0345914900302886,1.0055253148078918,11685440.0
02/06/1997,1.0534073292523964,1.0593929634804269,1.023481349983186,1.041436791419983,19148800,0.0,0.0,-,0.9589692071080208,1.141817753314972,1.0426716208457947,1.0067223906517029,11662272.0
02/05/1997,0.9845768398369208,1.0085179224507297,0.9726062985300165,1.0055254697799685,14204800,0.0,0.0,-,0.9577965280413627,1.1445392417907716,1.0521919846534729,1.0061238884925843,11451264.0
02/04/1997,0.96961375145673,0.9935548317396125,0.9337021310324068,0.990562379360199,9379200,0.0,0.0,-,0.9568852856755257,1.147440984249115,1.062366968393326,1.0061238884925843,11291648.0
02/03/1997,0.9755994876152128,0.99056248168169,0.9636289462372584,0.9666213989257812,5664000,0.0,0.0,-,0.9558329918980598,1.1507017862796785,1.0728411704301835,1.0049268543720244,11553664.0
01/31/1997,0.9965473033410868,1.0055253912762898,0.9606356822240764,0.9815843105316162,7347200,0.0,0.0,-,0.9548706272244454,1.1546804893016815,1.0854102700948716,1.0159996449947357,12192896.0
01/30/1997,1.0025326772598235,1.0085175805725188,0.9965470433235168,0.9965470433235168,4105600,0.0,0.0,-,0.9538483321666718,1.1574035799503326,1.0964830547571183,1.02617467045784,12518144.0
01/29/1997,0.9875696883544738,1.0145032145088255,0.9875696883544738,0.9965470433235168,9193600,0.0,0.0,-,0.9527214521169662,1.1585124254226684,1.1065084218978882,1.037023091316223,12759616.0
01/28/1997,1.0474226276879912,1.0593931678294324,0.978591839218758,0.990562379360199,11561600,0.0,0.0,-,0.9516466775536537,1.1599201190471649,1.1165337890386582,1.0468988716602325,12680576.0
01/27/1997,1.062385248985851,1.0653777003196296,1.0264736411099085,1.0324585437774658,9968000,0.0,0.0,-,0.9506390428543091,1.1623440957069398,1.1261102199554442,1.0570737719535828,12531904.0
01/24/1997,1.0324593640198143,1.0653785467147827,1.0324593640198143,1.0653785467147827,11280000,0.0,0.0,-,0.9495856913924218,1.1642887997627258,1.1335918426513671,1.0636576652526855,12462080.0
01/23/1997,1.005525063346003,1.038444221290007,1.0025326118847924,1.0354517698287964,14284800,0.0,0.0,-,0.9479062277078628,1.1655153083801268,1.1398763835430146,1.0786208510398865,12351552.0
01/22/1997,0.978591934495398,1.0234816470522543,0.978591934495398,1.0055254697799685,30521600,0.0,0.0,-,0.9459297743439674,1.1674599146842957,1.1481061160564423,1.0982600808143617,12160896.0
01/21/1997,1.0773488317415978,1.083334468341019,0.978592038154602,0.978592038154602,25312000,0.0,0.0,-,0.9441327258944512,1.1699432802200318,1.1576825618743896,1.1186100482940673,11729664.0
01/20/1997,1.083334944382538,1.089319852987925,1.0743568508501995,1.077349305152893,8966400,0.0,0.0,-,0.9424405711889267,1.1733239364624024,1.1690545737743379,1.1407554864883422,11579712.0
01/17/1997,1.104282468572985,1.107275652452176,1.0803413812834677,1.0833345651626587,7379200,0.0,0.0,-,0.9402620738744736,1.1737730956077577,1.1774339258670807,1.1548208951950074,11706496.0
01/16/1997,1.0953053655720129,1.1102683659796295,1.0953053655720129,1.1050312519073486,23612800,0.0,0.0,-,0.9380462065339088,1.1730864262580871,1.183718454837799,1.1667914390563965,11806912.0
01/15/1997,1.089319211061251,1.1132602926230366,1.089319211061251,1.0953048467636108,25849600,0.0,0.0,-,0.9356920793652534,1.1723842310905457,1.186673653125763,1.1759937524795532,11833216.0
01/14/1997,1.0982970164545596,1.1282229953879348,1.0863264787564817,1.0923113822937012,23734400,0.0,0.0,-,0.9332526013255119,1.170860426425934,1.1909381806850434,1.1861687064170838,11505920.0
01/13/1997,1.2180029039197209,1.2180029039197209,1.0953050237456992,1.0982974767684937,20387200,0.0,0.0,-,0.9307834240794182,1.168858553171158,1.1969234704971314,1.195146667957306,11331840.0
01/10/1997,1.2090247681454007,1.2449363949219967,1.2060323152366637,1.215010404586792,13302400,0.0,0.0,-,0.9282843163609504,1.1664978551864624,1.2027591168880463,1.2035260200500488,11325440.0
01/09/1997,1.2180033959520018,1.253915038604462,1.2120177568644717,1.2318440675735474,10396800,0.0,0.0,-,0.9251867580413818,1.1617431259155273,1.2021605968475342,1.2011319160461427,11189696.0
01/08/1997,1.2000470524315567,1.2090251445770264,1.2000470524315567,1.2090251445770264,7321600,0.0,0.0,-,0.9221390175819397,1.1569505989551545,1.200870007276535,1.197952151298523,11079808.0
01/07/1997,1.2120169597756882,1.2180025949267366,1.1970539678337069,1.200046420097351,8361600,0.0,0.0,-,0.9192351481318474,1.1527339923381805,1.2005707502365113,1.1967550754547118,11027904.0
01/06/1997,1.1910698429687936,1.2209958464420183,1.1910698429687936,1.2180033922195437,15219200,0.0,0.0,-,0.9164059451222419,1.1486969602108001,1.2005707502365113,1.1973536610603333,11067968.0
01/03/1997,1.2030400037765503,1.2030400037765503,1.194061913370814,1.2030400037765503,9014400,0.0,0.0,-,0.9134720700979233,1.1441812467575074,1.2010196268558502,1.200046956539154,10965696.0
01/02/1997,1.1910694795202288,1.2150105672430072,1.1820913889681832,1.197054386138916,9481600,0.0,0.0,-,0.910680006146431,1.1400245690345765,1.2035633742809295,1.2006454706192016,10963264.0
12/31/1996,1.1820913889681832,1.2000468394482595,1.1790989356588395,1.197054386138916,3164800,0.0,0.0,-,0.9079253131151199,1.135987603664398,1.205873692035675,1.1973535537719726,11126656.0
12/30/1996,1.1761053624344666,1.1850834500147642,1.1701204577967836,1.1820909976959229,5411200,0.0,0.0,-,0.905185509622097,1.1323092794418335,1.2074368357658387,1.195707654953003,11306944.0
12/27/1996,1.1940615375950618,1.1940615375950618,1.1761053624344666,1.1820909976959229,5286400,0.0,0.0,-,0.902460974752903,1.1287508893013,1.2091504216194153,1.1987002730369567,11425792.0
12/26/1996,1.2000467236091863,1.2000467236091863,1.1761056381974124,1.1910693645477295,2579200,0.0,0.0,-,0.899795988202095,1.1252522730827332,1.2105651259422303,1.2019922137260437,11664320.0
12/24/1996,1.1940615155700625,1.2030396029847552,1.191069063306418,1.200046420097351,6860800,0.0,0.0,-,0.8971009957790375,1.1205579566955566,1.2113068044185638,1.2031892776489257,11928832.0
12/23/1996,1.209024930000305,1.2150105672430072,1.1940619328295723,1.197054386138916,5843200,0.0,0.0,-,0.894167582988739,1.1156243407726287,1.2101800441741943,1.2037878632545471,12126272.0
12/20/1996,1.247928807389921,1.2569068964491024,1.2060322761535645,1.2060322761535645,9718400,0.0,0.0,-,0.8912342414259911,1.109973531961441,1.2078579545021058,1.2043864250183105,12357248.0
12/19/1996,1.2150103578243172,1.2509219832187717,1.203039816026166,1.2449363470077517,13292800,0.0,0.0,-,0.8882857859134674,1.1042029249668122,1.2052364647388458,1.2037878394126893,12819712.0
12/18/1996,1.1611429606333818,1.218003236722496,1.1611429606333818,1.2090251445770264,14406400,0.0,0.0,-,0.8852172461152077,1.0961599457263946,1.2012674748897552,1.2019922971725463,12682112.0
12/17/1996,1.1701208549597295,1.1820913989219162,1.1521646737044395,1.164135217666626,12992000,0.0,0.0,-,0.8822687134146691,1.0890144991874695,1.1967031598091125,1.2064812779426575,12544704.0
12/16/1996,1.2060327174037178,1.212017625216936,1.1790991709959142,1.1805953979492188,10278400,0.0,0.0,-,0.8795362910628319,1.0826473081111907,1.1910958647727967,1.2143938302993775,12365120.0
12/13/1996,1.2120171785354614,1.2239877203743892,1.1985504102946545,1.2120171785354614,5564800,0.0,0.0,-,0.8766770258545875,1.0760106825828553,1.1854126811027528,1.2191660165786744,12255872.0
12/12/1996,1.2000466787952724,1.2239877633130032,1.2000466787952724,1.215010404586792,7964800,0.0,0.0,-,0.8737051936984063,1.0685065329074859,1.1803998827934266,1.2196005702018737,12265280.0
12/11/1996,1.1910694601102365,1.2030400037765503,1.1850838229650775,1.2030400037765503,8316800,0.0,0.0,-,0.8705402281880379,1.061301155090332,1.1761340498924255,1.2191380381584167,12358976.0
12/10/1996,1.209024728965327,1.2329658127072147,1.2030398233418018,1.2060322761535645,11875200,0.0,0.0,-,0.8673608794808387,1.0541558682918548,1.17231724858284,1.2194243311882018,12429248.0
12/09/1996,1.206032457037128,1.206032457037128,1.2000468198919694,1.2030400037765503,7158400,0.0,0.0,-,0.8641665694117546,1.0472495889663695,1.1686497390270234,1.2165722250938416,12348544.0
12/06/1996,1.2060320552483994,1.226980682341429,1.1611423487986956,1.200046420097351,13065600,0.0,0.0,-,0.8609946411848068,1.0411204254627229,1.1649824261665345,1.2113294839859008,12285312.0
12/05/1996,1.2509220086901158,1.256906914399112,1.2239877411279212,1.2269809246063232,11283200,0.0,0.0,-,0.8578451058268547,1.0352304470539093,1.1623613476753234,1.2066850900650024,12144704.0
12/04/1996,1.244936859577063,1.2569074063037653,1.2209957661236577,1.2539149522781372,12569600,0.002188,0.0,-,0.8545757433772088,1.0288615584373475,1.15600266456604,1.200542652606964,12074944.0
12/03/1996,1.2313063110296545,1.2671696016421683,1.2163634556845688,1.2432607412338257,17836800,0.0,0.0,-,0.8510232403874397,1.0219539892673493,1.14575697183609,1.1869250416755677,11947648.0
12/02/1996,1.234294107982126,1.2372832612422393,1.1984308356220632,1.2283172607421875,17827200,0.0,0.0,-,0.8474943101406097,1.0147813212871553,1.1370900094509124,1.167797899246216,11657408.0
11/29/1996,1.2103851384862048,1.2253287143692977,1.2073967151656144,1.216362714767456,1881600,0.0,0.0,-,0.8440549468994141,1.0080868363380433,1.1266298770904541,1.1516593456268311,11364032.0
11/27/1996,1.2073966609657814,1.2223395065380216,1.1924538153935411,1.2103850841522217,8528000,0.0,0.0,-,0.840675356388092,1.0014222395420074,1.1154226273298264,1.1411991953849792,11508096.0
11/26/1996,1.1834882918866585,1.2163631490713709,1.177511443111437,1.205902934074402,14409600,0.0,0.0,-,0.8373256540298462,0.9948473191261291,1.1039165019989015,1.1331300616264344,11464896.0
11/25/1996,1.1416479405787976,1.1954424877054477,1.1416479405787976,1.177511215209961,8598400,0.0,0.0,-,0.8339649540185928,0.9886608970165253,1.0924850523471832,1.125210165977478,11361408.0
11/22/1996,1.1506125926971436,1.1655561629803306,1.1416473260949884,1.1506125926971436,6224000,0.0,0.0,-,0.8307499250769615,0.9830423092842102,1.0832203775644302,1.120727252960205,11434624.0
11/21/1996,1.171533755178104,1.1954426073245958,1.1506133271398578,1.1536024808883667,22480000,0.0,0.0,-,0.8276990851759911,0.9776628386974334,1.0755994886159896,1.118635368347168,11540096.0
11/20/1996,1.1177388603764664,1.1715333964121044,1.1117612843502622,1.16555655002594,37625600,0.0,0.0,-,0.8245145177841187,0.9716258454322815,1.067829105257988,1.1180376052856444,11499392.0
11/19/1996,1.057966731833469,1.1177388429641724,1.0519891559003842,1.1177388429641724,23609600,0.0,0.0,-,0.8210474690794944,0.9644457125663757,1.059162163734436,1.1114626765251159,10973440.0
11/18/1996,1.0758981650525874,1.0758981650525874,1.037046469280168,1.0519893169403076,16179200,0.0,0.0,-,0.8178343561291694,0.9587673592567444,1.0530355274677277,1.1045889019966126,10707648.0
11/15/1996,1.1057841339363643,1.1087725563078006,1.0669317245483398,1.0669317245483398,5241600,0.0,0.0,-,0.8149499908089638,0.9541649055480957,1.0501963675022126,1.1063821196556092,10712448.0
11/14/1996,1.1326816326257172,1.1356700556252592,1.1027952137103194,1.111761212348938,4128000,0.0,0.0,-,0.8120057587325573,0.9502797245979309,1.0475066900253296,1.1016004085540771,10764928.0
11/13/1996,1.1386590198265705,1.144636598306775,1.111761740766498,1.1296937465667725,6476800,0.0,0.0,-,0.8088225339353085,0.9456175029277801,1.0421272039413452,1.0896460592746737,10822976.0
11/12/1996,1.1356699755916,1.1446359735983611,1.1267039775848389,1.1267039775848389,5753600,0.0,0.0,-,0.8055496464669705,0.9409552645683289,1.0360005259513856,1.0747029423713683,10804800.0
11/11/1996,1.1356705092303985,1.138658933423565,1.1237160828174466,1.1326820850372314,4752000,0.0,0.0,-,0.8022842831909657,0.9363791120052337,1.0274830043315888,1.0597599387168883,10820352.0
11/08/1996,1.153602601206912,1.153602601206912,1.1237161680865675,1.1296937465667725,8960000,0.0,0.0,-,0.7989964540302753,0.9321010184288024,1.018517181277275,1.0457135021686554,10867328.0
11/07/1996,1.1326820007785916,1.1565908518259485,1.1296935768077294,1.1476248502731323,17814400,0.0,0.0,-,0.795708719342947,0.9281213402748107,1.007758191227913,1.0325636088848114,11079488.0
11/06/1996,1.0490011310776026,1.0998072624206543,1.031069126109287,1.0998072624206543,15305600,0.0,0.0,-,0.7923313291370868,0.9233952403068543,0.9962520450353622,1.0176206052303314,10999936.0
11/05/1996,1.0729099504488036,1.0788867988210786,1.040035095480443,1.0490010976791382,12400000,0.0,0.0,-,0.7891781803965568,0.9192675244808197,0.9834010511636734,1.006861650943756,11000448.0
11/04/1996,1.0280806376432663,1.0848643436440932,1.0250922135485545,1.0699214935302734,24928000,0.0,0.0,-,0.7862642115354538,0.9161857736110687,0.9735386371612549,1.0014821529388427,10888576.0
11/01/1996,0.992217337985639,1.0280806152622284,0.9862404899263296,1.01911461353302,9484800,0.0,0.0,-,0.7832604916393757,0.912745270729065,0.9623313456773758,0.994010615348816,10651456.0
10/31/1996,0.9862408691971218,1.0041721499109844,0.9742864388410388,0.9922177195549012,15030400,0.0,0.0,-,0.7805108061432838,0.9105297255516053,0.9538138210773468,0.993412971496582,10737216.0
10/30/1996,0.9683081558564814,0.9832510005430334,0.93244489082476,0.980262577533722,20067200,0.0,0.0,-,0.7779252988100052,0.9089416098594666,0.9460434198379517,0.994608348608017,10930944.0
10/29/1996,0.9832507857530268,0.9862399377493564,0.9653195219742275,0.9772739410400392,6515200,0.0,0.0,-,0.7753401765227318,0.9080102109909057,0.9397673666477203,0.9972981095314024,10772032.0
10/28/1996,0.998195299553205,1.010149729909288,0.9832517143777076,0.9922177195549012,4902400,0.0,0.0,-,0.7728145408630371,0.9074369060993195,0.9331924527883529,0.9952060699462889,10824320.0
10/25/1996,0.9892288129149226,1.0071600849015727,0.9892288129149226,0.9981948137283324,4726400,0.0,0.0,-,0.7702141863107681,0.906147094964981,0.9266174823045731,0.9913208603858946,10854464.0
10/24/1996,0.992217236639336,0.9981948137283324,0.965319963839276,0.9981948137283324,10364800,0.0,0.0,-,0.7675839462876319,0.9046482419967652,0.9215368330478668,0.9829527735710142,10971776.0
10/23/1996,0.9922177195549012,1.0071605750898738,0.980263289198818,0.9922177195549012,10105600,0.0,0.0,-,0.7649091628193855,0.9033581984043121,0.9169044673442841,0.9748834848403931,11214656.0
10/22/1996,0.9981952723680114,1.0041721225630151,0.9802632625019908,0.9952061176300048,8892800,0.0,0.0,-,0.7621900288760662,0.9011734676361084,0.9127204060554505,0.9599404513835907,11238592.0
10/21/1996,1.007160547660517,1.0161265525935272,0.9892292674350012,0.9952061176300048,17651200,0.0,0.0,-,0.7594559529423713,0.8994062578678131,0.9083869248628617,0.945595121383667,11397056.0
10/18/1996,1.0071605948948332,1.025092605601838,1.0041721696571786,1.0131381750106812,12179200,0.0,0.0,-,0.7567367230355739,0.8975793838500976,0.9028579860925674,0.9306520760059357,11636480.0
10/17/1996,1.0131374899602374,1.019114336394198,1.00118306745227,1.0041714906692505,11353600,0.0,0.0,-,0.7540466134250164,0.8950358951091766,0.8968807280063629,0.9142146706581116,11810752.0
10/16/1996,0.9563540597532476,1.0131377644611577,0.9533656357265796,1.007160186767578,17212800,0.0,0.0,-,0.7513939125835896,0.8921348011493683,0.8908287972211838,0.8974784910678864,11945472.0
10/15/1996,0.9623311196662598,0.9742855389811212,0.9443991258740424,0.9563535451889038,15804800,0.0,0.0,-,0.7487039992213249,0.8883983433246613,0.8845527410507202,0.8822366237640381,11998976.0
10/14/1996,0.9115247695334348,0.9593424719304704,0.9055479215539224,0.9533656239509584,16732800,0.0,0.0,-,0.7462681190669537,0.8856183695793152,0.8815641552209854,0.8711788356304169,12271488.0
10/11/1996,0.9294567955348154,0.9384227973640884,0.9085363678132627,0.9145139455795288,17392000,0.0,0.0,-,0.7437729389965534,0.8808696734905243,0.8787249654531479,0.8619141042232513,12205632.0
10/10/1996,0.8487638283369673,0.9384223440375828,0.8457754057175867,0.9175019264221193,32841600,0.0,0.0,-,0.7414423239231109,0.8767488503456116,0.8770812213420868,0.8601208925247192,12005312.0
10/09/1996,0.8517526571201677,0.8539943855761296,0.8368098072577694,0.8427873849868774,6412800,0.0,0.0,-,0.7390373791754246,0.872478779554367,0.8737937659025192,0.8589254498481751,11591232.0
10/08/1996,0.8517528176307678,0.8696848245570838,0.842787543807995,0.8517528176307678,7536000,0.0,0.0,-,0.737199023514986,0.8694643545150756,0.871981891989708,0.8655003607273102,11635456.0
10/07/1996,0.8427872403212288,0.8547416640872028,0.8338212400867175,0.8457756638526917,4012800,0.0,0.0,-,0.7354049263894558,0.8663899505138397,0.8710853099822998,0.8711787283420562,11610624.0
10/04/1996,0.8427872742290482,0.854741698475984,0.8397981209372004,0.8487641215324402,4816000,0.0,0.0,-,0.7335516293346882,0.8640913498401642,0.8698898583650589,0.8750638961791992,11565248.0
10/03/1996,0.8517525426206572,0.8547416959035088,0.8308328474815945,0.8368096947669983,6035200,0.0,0.0,-,0.7314940832555294,0.8616136682033538,0.8710852861404419,0.8795467853546143,11593792.0
10/02/1996,0.8397979394202695,0.8696843583979273,0.8397979394202695,0.8547415137290955,12649600,0.0,0.0,-,0.7295074471831322,0.8591960906982422,0.873177307844162,0.8841791033744812,11561216.0
10/01/1996,0.8607185111501285,0.8637069346815914,0.8218668163207435,0.8457756638526917,11830400,0.0,0.0,-,0.7274014577269554,0.8566585206985473,0.8752693235874176,0.8868688583374024,11489984.0
09/30/1996,0.8965815727909406,0.911524416594135,0.860718309879303,0.860718309879303,7840000,0.0,0.0,-,0.7254590773582459,0.8545389080047607,0.8778753578662872,0.891949474811554,11353408.0
09/27/1996,0.8935934049089337,0.9085362529754638,0.8935934049089337,0.8965818285942078,3996800,0.0,0.0,-,0.7235162198543549,0.852239773273468,0.8807783126831055,0.8955358266830444,11358912.0
09/26/1996,0.902559077059236,0.9115243448515598,0.8846270821947996,0.9055474996566772,6035200,0.0,0.0,-,0.7213643473386765,0.8495216703414917,0.8824847131967545,0.8940415501594543,11617216.0
09/25/1996,0.9145140723732622,0.9324453488776558,0.9025596448235488,0.9085364937782288,7795200,0.0,0.0,-,0.7191676464676857,0.8456100153923035,0.8827733308076858,0.8886620819568634,11722752.0
09/24/1996,0.8846276386788018,0.9115249182555688,0.8846276386788018,0.9085364937782288,6204800,0.0,0.0,-,0.7169708515703678,0.8415192532539367,0.8820175796747207,0.8784634232521057,11850560.0
09/23/1996,0.8965817657676903,0.8965817657676903,0.8816389187482561,0.8846273422241211,3324800,0.0,0.0,-,0.7147740566730499,0.8373688375949859,0.8813364326953887,0.8709918916225433,12144832.0
09/20/1996,0.8846270165200087,0.8995698580377516,0.8816385941444282,0.8935930132865906,3158400,0.0,0.0,-,0.7126671105623246,0.8342335510253907,0.881999883055687,0.8647158205509186,12270144.0
09/19/1996,0.8876155088824862,0.8876155088824862,0.8756610887977392,0.8831328749656677,9084800,0.0,0.0,-,0.7105301821231842,0.8313365793228149,0.8827371001243591,0.8626237869262695,12474368.0
09/18/1996,0.8995703367947672,0.8995703367947672,0.8726730618199624,0.8816390633583069,6368000,0.0,0.0,-,0.708379039466381,0.8287681233882904,0.8842210531234741,0.8621755123138428,12603008.0
09/17/1996,0.8935934049089337,0.914513829986172,0.8816389805276776,0.8965818285942078,9235200,0.0,0.0,-,0.7062353658676147,0.8263488757610321,0.8868237316608429,0.8636697888374328,12854784.0
09/16/1996,0.8846274042129516,0.9055478292901898,0.8756614035169695,0.8965818285942078,12259200,0.0,0.0,-,0.7040021771192551,0.8241080641746521,0.8894250750541687,0.8638012409210205,13010816.0
09/13/1996,0.8696846378539238,0.8906050648966513,0.863707060281618,0.8816390633583069,11497600,0.0,0.0,-,0.7017837896943092,0.8219268953800202,0.8909823417663574,0.8660207986831665,12837312.0
09/12/1996,0.81290110881093,0.8637072457015168,0.8069242595957481,0.8517528176307678,20444800,0.0,0.0,-,0.6995957152545452,0.8204622185230255,0.8930629968643189,0.8709278762340545,12733184.0
09/11/1996,0.8338213028185825,0.8338213028185825,0.8039348763351053,0.8065499067306519,11328000,0.0,0.0,-,0.6975348688662052,0.8197742593288422,0.8971599876880646,0.8768845796585083,12688768.0
09/10/1996,0.8218667546141808,0.84278717704394,0.8218667546141808,0.833821177482605,10320000,0.0,0.0,-,0.6957222402095795,0.8199605059623718,0.9009815514087677,0.8855717360973359,12801856.0
09/09/1996,0.8726727386784804,0.8726727386784804,0.8158890561490006,0.8218666315078735,16419200,0.0,0.0,-,0.6937880562245846,0.8198698186874389,0.9046327739953994,0.8916809737682343,13149184.0
09/06/1996,0.8846270972735262,0.8935930948585724,0.860718256806674,0.8726726770401001,7865600,0.0,0.0,-,0.6919284434616566,0.819600590467453,0.9087325632572174,0.8992839455604553,13278720.0
09/05/1996,0.8935929696290935,0.9025589659576314,0.8786501288414001,0.8786501288414001,7030400,0.0,0.0,-,0.6898148004710675,0.8184047210216522,0.9093971163034439,0.9028504133224488,13842816.0
09/04/1996,0.8995702522794817,0.9055478292901898,0.8846274042129516,0.8965818285942078,5568000,0.002188,0.0,-,0.6877156734466553,0.8174174547195434,0.9084204494953155,0.9062665939331055,14143488.0
09/03/1996,0.918777846186762,0.918777846186762,0.8949134865455474,0.8978963494300842,6531200,0.0,0.0,-,0.6855416887998581,0.8152362859249115,0.9046082228422165,0.9099776744842529,14440256.0
08/30/1996,0.9336924417785112,0.9336924417785112,0.9187774062156676,0.9187774062156676,7100800,0.0,0.0,-,0.6833611315488816,0.8123725605010986,0.9005811482667923,0.9150489091873169,14676736.0
08/29/1996,0.9128119368762828,0.9486084691404054,0.9038626217396738,0.9307098388671876,19568000,0.0,0.0,-,0.6810317662358284,0.8092105460166931,0.8904388189315796,0.9159438848495484,15246336.0
08/28/1996,0.8949133796869345,0.9128120114218596,0.8919305171585713,0.9113198518753052,13836800,0.0,0.0,-,0.6786575415730476,0.8062871742248535,0.8793269664049148,0.9151981174945831,15359424.0
08/27/1996,0.8978957625211148,0.9008793517378904,0.8919300406515311,0.893421471118927,15331200,0.0,0.0,-,0.6762914608418942,0.804109548330307,0.8689608931541443,0.9174353957176209,15553728.0
08/26/1996,0.8978964173015993,0.900880008694124,0.8829813734690349,0.8949135541915894,6806400,0.0,0.0,-,0.6739704675972462,0.8036024463176727,0.8588931262493134,0.9163913667201996,15591488.0
08/23/1996,0.9098285292506916,0.9128121204176882,0.8978963494300842,0.8978963494300842,13072000,0.0,0.0,-,0.6716050146520138,0.803184814453125,0.8490490794181824,0.9175845742225647,16137792.0
08/22/1996,0.9098287865240364,0.9217609697187212,0.8919308758733424,0.9083373546600342,13772800,0.0,0.0,-,0.6692468470335007,0.8021705770492553,0.8406965434551239,0.9181811809539795,16139584.0
08/21/1996,0.9307098369010628,0.9605406445326374,0.8949133047125605,0.9128119349479676,24716800,0.0,0.0,-,0.6667772716283799,0.8024390339851379,0.8315236777067184,0.9159438192844391,16402368.0
08/20/1996,0.948608401023069,0.948608401023069,0.9277269099645366,0.9336926341056824,12121600,0.0,0.0,-,0.6643075227737427,0.802107310295105,0.8216796219348907,0.9105743050575257,16188800.0
08/19/1996,0.9247443358992276,0.948608696460724,0.9187778816176096,0.948608696460724,9129600,0.0,0.0,-,0.6617111709713935,0.8021916675567627,0.8113881409168243,0.89923877120018,16151872.0
08/16/1996,0.9217607087882804,0.933692888605224,0.9128121201374176,0.9277271628379822,6409600,0.0,0.0,-,0.6590254384279252,0.802335011959076,0.8009474575519562,0.8861133873462677,16255040.0
08/15/1996,0.933692913976374,0.9396593681882014,0.91579500790585,0.9232521653175354,10592000,0.0,0.0,-,0.6563405074179173,0.8034914708137513,0.7918491780757904,0.8649337530136109,16361728.0
08/14/1996,0.8949132423414514,0.9336926341056824,0.8859639278474716,0.9336926341056824,22508800,0.0,0.0,-,0.6535817450284958,0.8048267531394958,0.7837204039096832,0.8434558153152466,16527424.0
08/13/1996,0.8978962217285968,0.9068455373918688,0.8829811811447144,0.8829811811447144,11302400,0.0,0.0,-,0.6507559804618359,0.8053875184059143,0.7725340098142623,0.8204863905906677,16291456.0
08/12/1996,0.8978963126457984,0.909828491977578,0.8770155450270067,0.9068456292152404,16816000,0.0,0.0,-,0.6481911732256412,0.8070220446586609,0.7635848701000214,0.8013948857784271,16522752.0
08/09/1996,0.8859637905304117,0.9038624167442322,0.8799980673139036,0.9038624167442322,29622400,0.0,0.0,-,0.645507043749094,0.807583794593811,0.7532933741807938,0.7805135846138,16444096.0
08/08/1996,0.8770151536708033,0.9008795016852182,0.8680658410948714,0.8859637379646301,20892800,0.0,0.0,-,0.6428230299055576,0.8080861067771912,0.7444934040307999,0.7632119059562683,16304832.0
08/07/1996,0.8292867126297602,0.8710489703549279,0.8203373973021068,0.859116792678833,18089600,0.0,0.0,-,0.6402285094559192,0.8095418977737426,0.7376324385404587,0.7471035361289978,16144512.0
08/06/1996,0.8143708432932043,0.8442016479238388,0.7934900811622225,0.8203372955322266,19888000,0.0,0.0,-,0.6378126280009746,0.8118323659896851,0.7324121028184891,0.7327849388122558,16047872.0
08/05/1996,0.7218973987939751,0.8263034485028528,0.7189138069842742,0.8173548579216003,29430400,0.0,0.0,-,0.6356128434836864,0.8152557337284088,0.7294290721416473,0.7235375106334686,16152192.0
08/02/1996,0.7218972738152539,0.7278629998366037,0.7129479565007386,0.7159308195114136,13440000,0.0,0.0,-,0.6333909712731838,0.818083702325821,0.7277883917093277,0.7157815277576447,15823872.0
08/01/1996,0.7069813571345754,0.7218971256924317,0.7010156323373058,0.7084727883338928,7376000,0.0,0.0,-,0.6316910196840763,0.8229401516914367,0.7313680201768875,0.71876460313797,15672384.0
07/31/1996,0.6890833488698602,0.709964839025245,0.6771511728213875,0.7039983868598938,12137600,0.0,0.0,-,0.6300431582331657,0.8279457616806031,0.7363646417856217,0.7239849925041199,15788160.0
07/30/1996,0.7099647592243039,0.7099647592243039,0.6861004098097416,0.6920661330223083,8624000,0.0,0.0,-,0.6284472718834877,0.8328622007369995,0.7420324653387069,0.7245816290378571,16081536.0
07/29/1996,0.7308455533560796,0.7308455533560796,0.6980326175689697,0.6980326175689697,6294400,0.0,0.0,-,0.6269036427140235,0.8379577481746674,0.7482222706079483,0.7257748544216156,16294016.0
07/26/1996,0.7248799060468647,0.7308456301689148,0.7248799060468647,0.7308456301689148,1744000,0.0,0.0,-,0.6253079821169376,0.8424575591087341,0.7547849804162979,0.7260731637477875,16347264.0
07/25/1996,0.71891358618759,0.745761534533508,0.715930723576619,0.724880039691925,6243200,0.0,0.0,-,0.6235186560451984,0.8467775166034699,0.7586629599332809,0.7257749021053315,16494080.0
07/24/1996,0.7248801368259289,0.7248801368259289,0.7069815021968983,0.7159308195114136,4406400,0.0,0.0,-,0.6217591579258442,0.8514549815654755,0.7630629181861878,0.7281613409519195,16933440.0
07/23/1996,0.7457616487153856,0.7606766923362422,0.7278630137443542,0.7278630137443542,9088000,0.0,0.0,-,0.620088805258274,0.855715925693512,0.7687307178974152,0.7320392668247223,17266048.0
07/22/1996,0.7487443446512447,0.7487443446512447,0.7278628512736289,0.7397950291633606,5001600,0.0,0.0,-,0.6183587916195392,0.859678670167923,0.771713736653328,0.735320633649826,17519808.0
07/19/1996,0.754710161612925,0.7726087947743032,0.7427779822661498,0.7457615733146667,8115200,0.0,0.0,-,0.6166505242884159,0.8632836699485779,0.7724594891071319,0.7397952556610108,18455808.0
07/18/1996,0.7159308234586054,0.7696259993592481,0.7129479604314849,0.7606766819953918,16912000,0.0,0.0,-,0.6148310178518295,0.8651615011692048,0.7732052445411682,0.743971437215805,18985792.0
07/17/1996,0.7099647521972656,0.7248797883632052,0.7039983007616055,0.7099647521972656,11312000,0.0,0.0,-,0.6128629326820374,0.8675151789188384,0.774398472905159,0.7487442910671234,19361280.0
07/16/1996,0.7010155249183331,0.7159305629083667,0.6920662108114211,0.7039983868598938,14185600,0.0,0.0,-,0.6111484071612359,0.8701089465618134,0.7790221631526947,0.7594833016395569,19309568.0
07/15/1996,0.7248800692565637,0.7338293857368725,0.6920663943503796,0.7010157108306885,20918400,0.0,0.0,-,0.6094933173060417,0.8722860884666442,0.7872255623340607,0.770669686794281,19279552.0
07/12/1996,0.7427780573652107,0.748744511783056,0.7129479701234976,0.7278630137443542,9590400,0.0,0.0,-,0.6078679412603378,0.8744037938117981,0.7958763748407364,0.7834967970848083,19072768.0
07/11/1996,0.7666423328473646,0.7696259238643102,0.7218972069822576,0.7487444281578064,13369600,0.0,0.0,-,0.6061157277226448,0.8764609444141388,0.8018424481153488,0.7915510177612305,19108416.0
07/10/1996,0.7636593938314913,0.7666422562680579,0.7368121753376905,0.7547100782394409,15516800,0.0,0.0,-,0.6042591071128846,0.8779218208789825,0.8104932367801666,0.7979644954204559,18898496.0
07/09/1996,0.7845410427773454,0.7964732231683221,0.7576938189682714,0.7606766819953918,18956800,0.0,0.0,-,0.6023800592124462,0.8793824934959411,0.8175690203905106,0.805422168970108,18632512.0
07/08/1996,0.7934905689946,0.8143713439629342,0.775591929555815,0.7845412492752075,17036800,0.0,0.0,-,0.6004563783109188,0.8806047248840332,0.8264307111501694,0.8081068396568298,18574848.0
07/05/1996,0.7905062499317368,0.8113877339796586,0.7875233888626099,0.7875233888626099,3584000,0.0,0.0,-,0.5984429734945297,0.8812901139259338,0.8349924445152282,0.8051237225532532,18465216.0
07/03/1996,0.8143709452119714,0.8233202605493951,0.7964730428194537,0.8084052205085754,6291200,0.0,0.0,-,0.5963998590409756,0.8816776657104493,0.8448937803506851,0.8024390518665314,18634304.0
07/02/1996,0.8113884025848155,0.8352527673667218,0.8113884025848155,0.8173548579216003,18224000,0.0,0.0,-,0.5942449344694615,0.8819751012325286,0.8539743334054947,0.8000526547431945,19312384.0
07/01/1996,0.8352522969785356,0.8442016108024287,0.8113879456362917,0.815862238407135,16982400,0.0,0.0,-,0.5920674616098404,0.8812300765514374,0.8611931353807449,0.7985610246658326,19177088.0
06/28/1996,0.814371043610574,0.8382354018722935,0.8084053181863529,0.8292868137359619,27686400,0.0,0.0,-,0.5899270555377006,0.8803958010673523,0.8686353981494903,0.8037814378738404,19049664.0
06/27/1996,0.8143709452119714,0.8203373981976971,0.7994559051711517,0.8084052205085754,22896000,0.0,0.0,-,0.5877047270536423,0.879352570772171,0.8739177137613297,0.8082559525966644,18755584.0
06/26/1996,0.832269259223187,0.832269259223187,0.7875234278433904,0.812879204750061,36070400,0.0,0.0,-,0.5855720023810863,0.8786078870296479,0.8799463540315628,0.8121338784694672,18551936.0
06/25/1996,0.7875238226367439,0.8322696764480724,0.7815580972125229,0.8292868137359619,22064000,0.0,0.0,-,0.5834317119419574,0.8779821455478668,0.88724005818367,0.8230219781398773,18420416.0
06/24/1996,0.7547097322561637,0.7994555614211342,0.7547097322561637,0.7875233888626099,20406400,0.0,0.0,-,0.5812167824804783,0.877177118062973,0.8944577276706696,0.8297158718109131,18718144.0
06/21/1996,0.7636593938314913,0.7875237498887254,0.7487443533663075,0.7547100782394409,18355200,0.0,0.0,-,0.5792180706560611,0.8778624153137207,0.9046568423509598,0.8447545826435089,19927168.0
06/20/1996,0.787523905804466,0.8084054035592989,0.7308458668767027,0.7606766819953918,35580800,0.0,0.0,-,0.5773538216948509,0.8773579299449921,0.914859002828598,0.8648611664772033,20477568.0
06/19/1996,0.8173549360578558,0.8501678945578179,0.775591929555815,0.7845412492752075,25222400,0.0,0.0,-,0.5754597397148609,0.8749476182460785,0.9247628331184388,0.8873485088348388,19915904.0
06/18/1996,0.8650830198041518,0.8680658813738347,0.796472834008614,0.8024385571479797,23552000,0.0,0.0,-,0.5734540341794491,0.8721791088581086,0.9334734350442886,0.9078960120677948,19577984.0
06/17/1996,0.8859642782720536,0.8949135963057483,0.8620999157039003,0.8680663704872131,17219200,0.0,0.0,-,0.5713293485343456,0.8689335596561432,0.9408425241708755,0.9238252460956573,19348288.0
06/14/1996,0.8471847393238449,0.9336928580996848,0.8471847393238449,0.8740319609642029,34121600,0.0,0.0,-,0.568876523822546,0.8644052290916443,0.9447813808918,0.9334893584251404,19082880.0
06/13/1996,0.9247439858430316,0.9247439858430316,0.8471844792366028,0.8471844792366028,13161600,0.0,0.0,-,0.5664012435078621,0.8597278118133544,0.9472309410572052,0.9395794749259949,18650496.0
06/12/1996,0.9038623057209264,0.9366759642275946,0.891930132471416,0.9217602014541626,26912000,0.002188,0.0,-,0.5640380825102329,0.8554682385921478,0.9522138923406601,0.9477588295936584,18526016.0
06/11/1996,0.937911040988094,0.937911040988094,0.8962257504463196,0.8962257504463196,14038400,0.0,0.0,-,0.5613094155490398,0.8491812193393707,0.9540635466575622,0.9514581382274627,18206720.0
06/10/1996,0.9557750921147128,0.9557750921147128,0.9289778362619868,0.937910497188568,10275200,0.0,0.0,-,0.558701048195362,0.8432262229919434,0.9557011604309082,0.959199583530426,18027648.0
06/07/1996,0.976618567741811,1.0004385328086844,0.9498212887734896,0.9557759165763856,14288000,0.0,0.0,-,0.5558695124089718,0.8364375317096711,0.955105647444725,0.9645591020584107,18007872.0
06/06/1996,0.9885274160570836,0.9944827639545676,0.9766174471889258,0.9855501055717468,11744000,0.0,0.0,-,0.5529191546142102,0.8292319881916046,0.9533191025257111,0.9648568391799927,17945280.0
06/05/1996,0.9617303721317892,0.9974602863262182,0.9557750229692352,0.9900162816047668,18876800,0.0,0.0,-,0.549775687456131,0.8219669055938721,0.9460242539644241,0.9621771574020386,17834112.0
06/04/1996,0.973640875329946,0.9855508532332868,0.9527982322672592,0.9617308974266052,10710400,0.0,0.0,-,0.5466246376931667,0.814731605052948,0.9404414683580399,0.9590508580207825,17643904.0
06/03/1996,0.9349329345978606,0.976617462841081,0.9289775866049308,0.9647074937820436,22867200,0.0,0.0,-,0.5436592508852481,0.8081811034679413,0.93433758020401,0.9578598022460938,17526144.0
05/31/1996,0.9289777767607956,0.9438650594002193,0.9200451164063528,0.9349331259727478,12883200,0.0,0.0,-,0.5406863537430763,0.8015115213394165,0.9267449796199798,0.9560734033584595,17405952.0
05/30/1996,0.9617306380458172,0.9825732754872007,0.9140907392810358,0.9289780259132384,22659200,0.0,0.0,-,0.537781225591898,0.7957054030895233,0.9203433722257615,0.9548824071884155,17585728.0
05/29/1996,0.9766178856515312,0.991505171688825,0.9498206253989744,0.9587532877922058,12876800,0.0,0.0,-,0.5349132451415062,0.7900481581687927,0.9154304981231689,0.9566689550876617,17564608.0
05/28/1996,0.9974601428458416,0.9974601428458416,0.9498202641060626,0.973640203475952,13257600,0.0,0.0,-,0.5318890161812305,0.7838549661636353,0.9085822463035583,0.9566689550876617,17661312.0
05/24/1996,0.958753781699474,1.006393703102491,0.958753781699474,0.9915056824684144,25104000,0.0,0.0,-,0.5286871284246445,0.7771258425712585,0.9012874215841293,0.9522027373313904,17500800.0
05/23/1996,0.9587532877922058,0.982573236222731,0.9557752490430372,0.9587532877922058,13014400,0.0,0.0,-,0.5253664231300355,0.7702776026725769,0.8928015500307083,0.9456521928310394,17094400.0
05/22/1996,0.9587532877922058,0.9706632620074684,0.9557752490430372,0.9587532877922058,5865600,0.0,0.0,-,0.5222094798088074,0.7641439545154571,0.88580442070961,0.9417813658714295,17252032.0
05/21/1996,0.9557752490430372,0.9706632620074684,0.952797937221006,0.9587532877922058,13164800,0.0,0.0,-,0.5190820266306401,0.7572361660003663,0.8782118052244187,0.9298713505268097,17296256.0
05/20/1996,0.9527976506061324,0.991504873430277,0.9170677387084024,0.949820339679718,26806400,0.0,0.0,-,0.5158955886960029,0.7502688217163086,0.8714379906654358,0.9218320786952973,17371776.0
05/17/1996,0.9289781765091896,0.9617307939512704,0.920045512310934,0.9468435049057008,19248000,0.0,0.0,-,0.5126653401553631,0.7435992383956909,0.8629521548748016,0.9108153581619263,17016448.0
05/16/1996,0.9408877582438284,0.952797729867168,0.9170678149971492,0.9230231642723083,8956800,0.0,0.0,-,0.5093909922242165,0.737286936044693,0.8543174028396606,0.8974165558815003,17046336.0
05/15/1996,0.955775442176672,0.9617307939512704,0.9408881531311024,0.9468435049057008,9084800,0.0,0.0,-,0.5061896640062332,0.7312128448486328,0.8470225095748901,0.8858043372631073,17079360.0
05/14/1996,0.931955300612512,0.9736405738294996,0.9260006769684492,0.9587532877922058,28211200,0.0,0.0,-,0.5029005709290505,0.7246289896965027,0.8382388859987259,0.8741920411586761,17032320.0
05/13/1996,0.9260007139722312,0.9349333767224192,0.9051580765308478,0.9289780259132384,21036800,0.0,0.0,-,0.49954455241560936,0.7176287710666657,0.8293808281421662,0.860495537519455,16645568.0
05/10/1996,0.928977547873828,0.943864826845236,0.9155789241068814,0.9260002374649048,21776000,0.0,0.0,-,0.4963447867333889,0.7114022254943848,0.8223836988210678,0.8503721058368683,16820672.0
05/09/1996,0.863473204819662,0.9468429963988828,0.8575178562434138,0.920045018196106,51801600,0.0,0.0,-,0.4931599099934101,0.7045225667953491,0.8171730995178222,0.8399509072303772,16595584.0
05/08/1996,0.8783603498535827,0.8783603498535827,0.8217878183106472,0.8396531343460083,34614400,0.0,0.0,-,0.4900048093497753,0.6974650716781616,0.8076451390981674,0.8298274755477906,16284160.0
05/07/1996,0.8396533442912307,0.8843151916932293,0.8366753062561939,0.8783605694770813,35686400,0.0,0.0,-,0.48729590356349944,0.6920154142379761,0.7976705372333527,0.8265522599220276,16282880.0
05/06/1996,0.818810507947014,0.8396531343460083,0.8158331975833808,0.8396531343460083,8726400,0.0,0.0,-,0.48437871485948564,0.6858212900161743,0.786058297753334,0.8210439026355744,16006336.0
05/03/1996,0.8128554821014404,0.8277434936673136,0.8069008590167462,0.8128554821014404,12684800,0.0,0.0,-,0.48164031878113744,0.6804310142993927,0.7760836958885193,0.815088951587677,16105024.0
05/02/1996,0.8366755517597202,0.8366755517597202,0.8069009780883789,0.8069009780883789,10579200,0.0,0.0,-,0.47905065551400183,0.6756360733509064,0.7675234138965606,0.8112182497978211,16333248.0
05/01/1996,0.8247651957232044,0.8456078238165909,0.8217878851175321,0.8307205438613892,11372800,0.0,0.0,-,0.47650551050901413,0.6703663408756256,0.7591864198446274,0.808240681886673,16516288.0
04/30/1996,0.8277436021925615,0.8277436021925615,0.8217882513999939,0.8217882513999939,2873600,0.0,0.0,-,0.4738265219330788,0.6645014238357544,0.7493606835603714,0.8022857308387756,16659392.0
04/29/1996,0.8277437090873718,0.8277437090873718,0.8217883575257302,0.8277437090873718,2217600,0.0,0.0,-,0.47119956716895106,0.6588745510578156,0.7386417329311371,0.7982661187648773,16793472.0
04/26/1996,0.8217882513999939,0.8396535768505324,0.8128555886747246,0.8217882513999939,16073600,0.0,0.0,-,0.46846173360943794,0.6531285691261292,0.7271783441305161,0.7943952918052674,16917376.0
04/25/1996,0.812855352309392,0.8247653235041338,0.7979680700477029,0.8188107013702393,11555200,0.0,0.0,-,0.46575367733836176,0.6475016963481903,0.7160127282142639,0.7943952918052674,16708352.0
04/24/1996,0.8277436158146234,0.8277436158146234,0.8069009780883789,0.8069009780883789,12038400,0.0,0.0,-,0.4630605088174343,0.6418007409572601,0.7048471301794053,0.7854628026485443,17181184.0
04/23/1996,0.7830811003822029,0.8277436919229715,0.7771257489440537,0.8232769966125488,40195200,0.0,0.0,-,0.46042688891291617,0.6363528299331666,0.6956168800592423,0.7687888145446777,17291008.0
04/22/1996,0.7741482736828527,0.7830809354955811,0.7741482736828527,0.7801036238670349,11459200,0.0,0.0,-,0.4577187615633011,0.6306961822509766,0.6858655929565429,0.7510726928710938,16816640.0
04/19/1996,0.783081128213962,0.783081128213962,0.77117115184161,0.7741484642028809,10611200,0.0,0.0,-,0.4552043834328651,0.6254278898239136,0.6785707026720047,0.7370784401893615,17184320.0
04/18/1996,0.7711706779138066,0.7920133054882715,0.7711706779138066,0.7771252989768982,12982400,0.0,0.0,-,0.4527492707967758,0.619387856721878,0.6714246988296508,0.7238285779953003,17044736.0
04/17/1996,0.7771256571902706,0.7830810079252826,0.7622383707434763,0.7711710333824158,12713600,0.0,0.0,-,0.4502792739868164,0.6133476758003235,0.6647997945547104,0.7101321578025818,16904512.0
04/16/1996,0.7890354083132224,0.8009453794837124,0.7711708150209631,0.7815921306610107,29494400,0.0,0.0,-,0.4478095588088036,0.6074265801906585,0.6585470318794251,0.6964356362819671,16761920.0
04/15/1996,0.8188107320575174,0.8247653544145784,0.7801035059556805,0.789035439491272,36950400,0.0,0.0,-,0.44528773814439776,0.6013564437627792,0.6519221097230912,0.6790173470973968,16407808.0
04/12/1996,0.7384184287941974,0.8485855126486375,0.7354411168614957,0.8217882513999939,80857600,0.0,0.0,-,0.4426992067694664,0.5950780600309372,0.6443295389413833,0.6599613964557648,15737216.0
04/11/1996,0.6729139719814295,0.729485809803009,0.6669586208318272,0.729485809803009,45875200,0.0,0.0,-,0.4399469113349915,0.5881446200609207,0.6356948107481003,0.6376301646232605,14176512.0
04/10/1996,0.6461157188450293,0.6461157188450293,0.6342057483274854,0.6401610970497131,7497600,0.0,0.0,-,0.43762663766741755,0.5830275303125382,0.6318240642547608,0.6242314577102661,13508608.0
04/09/1996,0.649093817982582,0.6550484403403681,0.6401611575189229,0.646115779876709,8326400,0.0,0.0,-,0.435782478004694,0.5797266334295272,0.630484202504158,0.6224449455738068,13464320.0
04/08/1996,0.6431384079473712,0.6461157188450293,0.6312284374298273,0.6401610970497131,12067200,0.0,0.0,-,0.43389379888772966,0.5762472540140152,0.6286977171897888,0.6206584930419922,13345280.0
04/04/1996,0.6401611866051832,0.6490938474747053,0.6371838752910136,0.6416498422622681,3948800,0.0,0.0,-,0.4320496392250061,0.572886968255043,0.6275067210197449,0.6200629651546479,13139392.0
04/03/1996,0.6342057483274854,0.6624923826359719,0.6282511265321692,0.6401610970497131,12502400,0.0,0.0,-,0.43019066244363785,0.5694375216960907,0.6269856482744217,0.6190208196640015,13129344.0
04/02/1996,0.6252738844995692,0.6342058181762695,0.6103858745177524,0.6342058181762695,6937600,0.0,0.0,-,0.4283612474799156,0.565958446264267,0.625943523645401,0.619467431306839,12971712.0
04/01/1996,0.5895446246669926,0.6133645948166125,0.5895446246669926,0.6074092388153076,10947200,0.0,0.0,-,0.4265763583779335,0.5626578801870346,0.6251157701015473,0.6206584274768829,12873792.0
03/29/1996,0.5925213103214831,0.5984759330749512,0.5895439989447492,0.5984759330749512,5084800,0.0,0.0,-,0.4249401971697807,0.5598932456970215,0.6251824259757995,0.6248268723487854,12708992.0
03/28/1996,0.5984759330749512,0.5984759330749512,0.5895439989447492,0.5984759330749512,9286400,0.0,0.0,-,0.4233192080259323,0.5574260520935058,0.6261411666870117,0.628697681427002,12712384.0
03/27/1996,0.6222960022715597,0.6222960022715597,0.5954987406730652,0.5954987406730652,11158400,0.0,0.0,-,0.42171296834945676,0.5547212958335876,0.6253182351589203,0.6337594568729401,12617536.0
03/26/1996,0.6312286381453776,0.6312286381453776,0.6222959756851196,0.6222959756851196,6185600,0.0,0.0,-,0.4201216146349907,0.5522542572021485,0.6239018112421035,0.6394166707992553,12443904.0
03/25/1996,0.6282512545585632,0.637183915998766,0.6252739430541822,0.6282512545585632,9366400,0.0,0.0,-,0.4183962747454643,0.5492512738704681,0.6211455255746842,0.6385234594345093,12435264.0
03/22/1996,0.6252738844995692,0.6342058181762695,0.6252738844995692,0.6342058181762695,4822400,0.0,0.0,-,0.41664115846157074,0.546129184961319,0.6181656807661057,0.6367369413375854,12356224.0
03/21/1996,0.6431383569285555,0.6461156675900297,0.6252737660328558,0.6312283873558044,16857600,0.0,0.0,-,0.41485626935958864,0.5427098309993744,0.6149623572826386,0.634950476884842,12383424.0
03/20/1996,0.643138557682671,0.652071219382256,0.6371839345010014,0.6446272134780884,21872000,0.0,0.0,-,0.41307151794433594,0.539053081870079,0.6120563596487045,0.634950476884842,12189120.0
03/19/1996,0.6550484403403681,0.6550484403403681,0.643138468697816,0.646115779876709,21603200,0.0,0.0,-,0.41121977239847185,0.535128356218338,0.6069957166910172,0.632419615983963,12013632.0
03/18/1996,0.640161028865868,0.6550483086954191,0.6342056807779473,0.6490936875343323,17712000,0.0,0.0,-,0.40932401522994044,0.5312332433462142,0.6015636622905731,0.6295731127262115,11739136.0
03/15/1996,0.6431386478738387,0.6461159598821997,0.6342059849215731,0.6371840238571167,5232000,0.0,0.0,-,0.4073693631589413,0.5277536946535111,0.5961312085390091,0.6255379796028138,11804864.0
03/14/1996,0.6550483086954191,0.6550483086954191,0.6431383394464114,0.6490936875343323,4784000,0.0,0.0,-,0.4054889267683029,0.5244826406240464,0.5912942379713059,0.6235846519470215,11963328.0
03/13/1996,0.6133636686237885,0.6550481899771662,0.6074083216151904,0.6520708799362183,20896000,0.0,0.0,-,0.40349026829004286,0.5208843171596527,0.5858617842197418,0.6168770134449005,11986624.0
03/12/1996,0.6074085131511425,0.6133638620376587,0.6074085131511425,0.6133638620376587,8076800,0.0,0.0,-,0.40149139538407325,0.5172264498472213,0.5799463868141175,0.6083869516849518,11702848.0
03/11/1996,0.610386073589325,0.6193187371063195,0.5925214734825647,0.610386073589325,16940800,0.0,0.0,-,0.39965671867132185,0.5140457648038864,0.5760034650564194,0.603767591714859,11647488.0
03/08/1996,0.6193184846316766,0.6282511445071357,0.613363862665992,0.6163411736488342,9040000,0.0,0.0,-,0.3978662697970867,0.5108058619499206,0.5725063920021057,0.5995944201946258,11382400.0
03/07/1996,0.6163411071215791,0.6312283873558044,0.5895438573146027,0.6312283873558044,20742400,0.0,0.0,-,0.396046045422554,0.5072092980146408,0.5675237834453583,0.5949742376804352,11452928.0
03/06/1996,0.6222959160282489,0.6312285776321704,0.6163412929103498,0.6193186044692993,10608000,0.002188,0.0,-,0.39413671344518664,0.5040870553255081,0.5595697045326233,0.5891622424125671,11313920.0
03/05/1996,0.6028035548083958,0.62062004080347,0.6028035548083958,0.6176507472991943,6732800,0.0,0.0,-,0.39224292784929277,0.5015593510866165,0.5523595869541168,0.5815718173980713,11448704.0
03/04/1996,0.6146816703709752,0.6235902789920689,0.6028037671994089,0.608742356300354,8873600,0.0,0.0,-,0.39035014420747755,0.498708661198616,0.5452328622341156,0.5735542118549347,11648896.0
03/01/1996,0.5820170503396255,0.6414065452722403,0.5760784633310743,0.6176507472991943,29792000,0.0,0.0,-,0.3885239078104496,0.4952789121866226,0.5387000098824501,0.5667244374752045,11542336.0
02/29/1996,0.5671701035894051,0.5820173025131226,0.5612307890380773,0.5820173025131226,10521600,0.0,0.0,-,0.3866677966713905,0.4917155468463898,0.5315732851624488,0.5590038239955902,11057344.0
02/28/1996,0.5642009667148475,0.5701395579586144,0.5642009667148475,0.567170262336731,36230400,0.0,0.0,-,0.38498251922428606,0.4887460732460022,0.5262282326817512,0.5548465549945831,10962304.0
02/27/1996,0.5701395579586144,0.5731088535804977,0.5612309461230266,0.567170262336731,34550400,0.0,0.0,-,0.38334947533905506,0.48654865980148315,0.5215512856841087,0.5515058219432831,10291008.0
02/26/1996,0.5671697120165919,0.5731082974981977,0.5671697120165919,0.5686543583869934,21859200,0.0,0.0,-,0.38171643145382406,0.4846481907367706,0.5169485852122306,0.5482393383979798,9796864.0
02/23/1996,0.5731086430379833,0.5731086430379833,0.564200759444816,0.5701393485069275,13660800,0.0,0.0,-,0.3800612960010767,0.4825992500782013,0.5121232077479363,0.5454183638095855,9452032.0
02/22/1996,0.5463833436745263,0.5790477465495945,0.5434140502229949,0.573108434677124,24096000,0.0,0.0,-,0.3784134066849947,0.48052060961723325,0.5072235807776451,0.5400733292102814,9251200.0
02/21/1996,0.5434143543243408,0.5463836494375262,0.5345057440149713,0.5434143543243408,19731200,0.0,0.0,-,0.3767506719380617,0.4784419912099838,0.5020270347595215,0.5299771666526795,8851776.0
02/20/1996,0.5374746918678284,0.5434140032266463,0.5345053986730919,0.5374746918678284,18528000,0.0,0.0,-,0.3752437429130077,0.47695725440979003,0.49816668331623076,0.5231473565101623,8544960.0
02/16/1996,0.5404446125030518,0.5434139051619484,0.5374745948749409,0.5404446125030518,9577600,0.0,0.0,-,0.3737738448381424,0.47547252297401427,0.4947518244385719,0.5169115126132965,8311104.0
02/15/1996,0.5345053022160442,0.5404446125030518,0.5345053022160442,0.5404446125030518,8412800,0.0,0.0,-,0.37227442920207976,0.4739877772331238,0.4911884695291519,0.5106755822896958,8296512.0
02/14/1996,0.5345053022160442,0.5404446125030518,0.5345053022160442,0.5404446125030518,5622400,0.0,0.0,-,0.3707310079038143,0.47223697185516356,0.48792205154895785,0.5041427463293076,8289216.0
02/13/1996,0.5285670290864063,0.5404449317066666,0.5285670290864063,0.5337629318237305,35196800,0.0,0.0,-,0.3691802517324686,0.47048616647720337,0.4840617269277573,0.4976099103689194,8275904.0
02/12/1996,0.5434140319074383,0.5463833252588908,0.5285668401807926,0.5345054268836975,17529600,0.0,0.0,-,0.36767023883759975,0.46880978941917417,0.4809809207916259,0.49159674942493437,7675776.0
02/09/1996,0.5226274066112432,0.5493524904797419,0.5166888212934497,0.5404446125030518,16476800,0.0,0.0,-,0.36614184580743314,0.4671777677536011,0.47786298990249626,0.4856578320264816,7638464.0
02/08/1996,0.4929332029723153,0.5226275899145438,0.4869938906021886,0.5166890025138855,29843200,0.0,0.0,-,0.3645837568491697,0.4652493590116501,0.4744480997323989,0.47882805168628695,7425344.0
02/07/1996,0.4751161035056046,0.4780853979101045,0.4721468091011047,0.4721468091011047,3632000,0.0,0.0,-,0.36312977522611617,0.46370724976062777,0.47177555561065665,0.47437383234500885,7005824.0
02/06/1996,0.4751162528991699,0.4780855482373227,0.4751162528991699,0.4751162528991699,5971200,0.0,0.0,-,0.3619131752848625,0.4631447970867157,0.47058776170015326,0.4740769028663635,7019712.0
02/05/1996,0.4780855482373227,0.4840248638834964,0.4751162528991699,0.4751162528991699,5584000,0.0,0.0,-,0.3607404014468193,0.4625821596384048,0.4692514955997466,0.4731860101222992,6915072.0
02/02/1996,0.4721467215591334,0.4840246219444606,0.4721467215591334,0.478085309267044,11788800,0.0,0.0,-,0.3596116301417351,0.46207871615886686,0.46806368976831425,0.47259213626384733,6918144.0
02/01/1996,0.4721469575610172,0.4751162528991699,0.4721469575610172,0.4751162528991699,3420800,0.0,0.0,-,0.35843867897987364,0.4615158915519714,0.46791523694992054,0.4717013567686081,6871872.0
01/31/1996,0.4721469575610172,0.4780855482373227,0.4721469575610172,0.4751162528991699,2822400,0.0,0.0,-,0.35729524031281473,0.4611900609731674,0.4678409904241561,0.4717013567686081,6907456.0
01/30/1996,0.475115969166346,0.4780852627312769,0.4691773820364844,0.4736313223838806,12480000,0.0,0.0,-,0.35616646900773047,0.46092343389987944,0.46754405349493017,0.47051354348659513,7158592.0
01/29/1996,0.4662076419148434,0.4751162528991699,0.4662076419148434,0.4751162528991699,5283200,0.0,0.0,-,0.3550451223552227,0.46068650543689726,0.4673213630914687,0.47036509215831757,7300352.0
01/26/1996,0.4662074953224644,0.4721468091011047,0.4662074953224644,0.4721468091011047,2374400,0.0,0.0,-,0.3539310225844383,0.4602422672510147,0.46628203094005577,0.470068147778511,7326400.0
01/25/1996,0.4721468091011047,0.4721468091011047,0.4662074953224644,0.4721468091011047,1772800,0.0,0.0,-,0.3528170984983444,0.4599166291952133,0.4650942370295524,0.470068147778511,7676928.0
01/24/1996,0.4721468087167341,0.4721468087167341,0.466207494942929,0.4691775143146515,3446400,0.0,0.0,-,0.3517031744122505,0.4592357671260834,0.46331254541873934,0.4691772788763046,7776640.0
01/23/1996,0.4721466370731621,0.4751159303957918,0.4662073254585266,0.4662073254585266,4620800,0.0,0.0,-,0.350633435100317,0.45843667328357696,0.46360948234796523,0.4670986205339432,7908864.0
01/22/1996,0.4691775143146515,0.4721468087167341,0.466207494942929,0.4691775143146515,2041600,0.0,0.0,-,0.34951987385749816,0.45754898607730865,0.46494578570127487,0.4653169810771942,7933888.0
01/19/1996,0.4691775143146515,0.4751161031188168,0.4691775143146515,0.4691775143146515,2707200,0.0,0.0,-,0.3484061288833618,0.45669069230556486,0.4652427226305008,0.4635352432727814,8041280.0
01/18/1996,0.4632383465766907,0.4751162528991699,0.4632383465766907,0.4751162528991699,5254400,0.0,0.0,-,0.3473363895714283,0.45559558749198914,0.4636465921998024,0.4641291171312332,8049856.0
01/17/1996,0.4632381200790405,0.4721467267075543,0.4632381200790405,0.4632381200790405,4544000,0.0,0.0,-,0.346251624673605,0.4544705057144165,0.4618649035692215,0.4639806240797043,8089408.0
01/16/1996,0.4691775146966048,0.4751161035056046,0.4662074953224644,0.4721468091011047,2476800,0.0,0.0,-,0.34522625043988225,0.453494188785553,0.4603801786899567,0.46457456350326537,8443264.0
01/15/1996,0.4691775146966048,0.4751161035056046,0.4691775146966048,0.4721468091011047,5753600,0.0,0.0,-,0.3441563327610493,0.45228049635887146,0.4596378177404404,0.4642776340246201,8984704.0
01/12/1996,0.4632382009179645,0.4751161035056046,0.4602689065134646,0.4721468091011047,5414400,0.0,0.0,-,0.34310108244419096,0.45065237939357755,0.4596378177404404,0.4624959141016006,9059072.0
01/11/1996,0.4513602195641933,0.4632381200790405,0.4513602195641933,0.4632381200790405,6182400,0.0,0.0,-,0.3420384979248047,0.44863943696022035,0.45934084355831145,0.46012032628059385,9020864.0
01/10/1996,0.448390930891037,0.457299537623126,0.4454216369701814,0.448390930891037,7142400,0.0,0.0,-,0.3410571290552616,0.4467454689741135,0.45948930382728576,0.457447811961174,8922112.0
01/09/1996,0.448390930891037,0.457299537623126,0.4365130302380924,0.448390930891037,13097600,0.0,0.0,-,0.34019400298595426,0.44517804503440855,0.46052863299846647,0.4601203441619873,8821632.0
01/08/1996,0.473631286247149,0.4751159329163401,0.4483908429321409,0.451360136270523,7878400,0.0,0.0,-,0.3393015383183956,0.44361062109470367,0.46156796216964724,0.46457459032535553,8663232.0
01/05/1996,0.4662076419148434,0.4810555685453437,0.4662076419148434,0.4751162528991699,20998400,0.0,0.0,-,0.3384088945388794,0.44192461133003236,0.4621618613600731,0.46695020198822024,8740736.0
01/04/1996,0.4721466756014152,0.4869938683955047,0.4691773820364844,0.4736313223838806,13155200,0.0,0.0,-,0.33739747017621996,0.4397634792327881,0.46171641498804095,0.46316406726837156,8505792.0
01/03/1996,0.4721468087167341,0.4721468087167341,0.4602689061387637,0.4691775143146515,5948800,0.0,0.0,-,0.33639347046613693,0.4378096628189087,0.46068006604909895,0.4597491830587387,8384512.0
01/02/1996,0.4543295923649586,0.4721468087167341,0.4543295923649586,0.4691775143146515,6707200,0.0,0.0,-,0.3353970728814602,0.43603372037410737,0.45986640751361846,0.4561857938766479,8365056.0
12/29/1995,0.4483910208379232,0.4632382183900594,0.4424517068352681,0.4543296098709106,5308800,0.0,0.0,-,0.3344226759672165,0.4341097784042358,0.4589047357439995,0.4549980014562607,8364160.0
12/28/1995,0.4365130302380924,0.4543295187327481,0.4365130302380924,0.448390930891037,3686400,0.0,0.0,-,0.3335298565030098,0.43254199624061584,0.45883347243070605,0.4567797213792801,8302080.0
12/27/1995,0.4751159680462405,0.4751159680462405,0.436512976884842,0.4365129768848419,12566400,0.0,0.0,-,0.3326373918354511,0.4311521875858307,0.4586151346564293,0.45856136083602905,8353280.0
12/26/1995,0.4899634545598019,0.5048113811903022,0.4721469575610172,0.4751162528991699,13792000,0.0,0.0,-,0.33186298966407773,0.43011835038661955,0.45876866281032563,0.4615307956933975,8184384.0
12/22/1995,0.4721468786902407,0.5107498865473099,0.4721468786902407,0.4929333925247192,17347200,0.0,0.0,-,0.3308515653014183,0.4282828313112259,0.45721405893564226,0.46093692183494567,8153024.0
12/21/1995,0.4394825339317322,0.4810555685453437,0.4335439432554267,0.4751162528991699,16742400,0.0,0.0,-,0.32976572692394257,0.4260021734237671,0.45491660833358766,0.4585613340139389,7960384.0
12/20/1995,0.4394822381903906,0.442451531530413,0.4335436515103458,0.4372549057006836,3545600,0.0,0.0,-,0.3287763074040413,0.4239594566822052,0.45365799963474274,0.45737352073192594,7754624.0
12/19/1995,0.4365131853118377,0.442451775263266,0.4305738703906295,0.4394824802875519,5542400,0.0,0.0,-,0.3279688614606857,0.42267396688461306,0.45429245829582215,0.4602687627077103,7912704.0
12/18/1995,0.4572994175627344,0.4572994175627344,0.4305736043831211,0.4335436224937439,5769600,0.0,0.0,-,0.3271502776443958,0.4215215229988098,0.455259570479393,0.4616109490394592,7985152.0
12/15/1995,0.4721467863887013,0.4780853749120281,0.4572995901107788,0.4572995901107788,2665600,0.0,0.0,-,0.32640538945794106,0.42048785626888274,0.4566716343164444,0.463547021150589,8252608.0
12/14/1995,0.4662074953224644,0.4810554172842449,0.4632382009179645,0.4721468091011047,9843200,0.0,0.0,-,0.3255053463578224,0.419304695725441,0.45689589977264405,0.4628114700317383,8810880.0
12/13/1995,0.4662073254585266,0.4721466370731621,0.4662073254585266,0.4662073254585266,4617600,0.0,0.0,-,0.32453106716275215,0.4174989652633667,0.4559337764978409,0.46088722348213196,8797888.0
12/12/1995,0.4691773437505325,0.4721466370731621,0.4662073254585266,0.4662073254585266,3619200,0.0,0.0,-,0.3235864853858948,0.4155160117149353,0.4554166555404663,0.4586689084768295,8849024.0
12/11/1995,0.4691775143146515,0.4751161031188168,0.4691775143146515,0.4691775143146515,4124800,0.0,0.0,-,0.3226200097799301,0.41353305816650393,0.45401147454977037,0.45600652992725366,8935744.0
12/08/1995,0.4632382005408464,0.4751161031188168,0.4632382005408464,0.4691775143146515,4390400,0.0,0.0,-,0.32160219982266425,0.4116091161966324,0.45201373994350436,0.4534911960363387,8909376.0
12/07/1995,0.4662074139653738,0.4721467267075543,0.4632381200790405,0.4632381200790405,6835200,0.0,0.0,-,0.3205551998317241,0.4097443759441376,0.44964601248502734,0.4512718826532363,8841024.0
12/06/1995,0.4543294271986318,0.4721466370731621,0.4532157383050086,0.4662073254585266,8848000,0.001875,0.0,-,0.3195816805958748,0.40802801966667174,0.44779724776744845,0.4499424785375594,8785664.0
12/05/1995,0.4529043436050415,0.458825025531542,0.446984384373924,0.4529043436050415,8048000,0.0,0.0,-,0.3186443957686424,0.4062522792816162,0.4452079951763153,0.4483161538839339,8847680.0
12/04/1995,0.446984384373924,0.4529043436050415,0.446984384373924,0.4529043436050415,4956800,0.0,0.0,-,0.3177736258506775,0.40477220237255096,0.44350588619709014,0.4489081919193267,8761984.0
12/01/1995,0.4529040566625027,0.45882473483789,0.4469841011820407,0.4499440789222717,5190400,0.0,0.0,-,0.31691015213727947,0.40323292553424833,0.4415817826986313,0.44979624748229974,8790016.0
11/30/1995,0.4410637024474235,0.4647449847626594,0.4381037228318648,0.4529043436050415,15664000,0.0,0.0,-,0.31608337014913557,0.4018712496757507,0.43965768814086914,0.4509803295135498,8782592.0
11/29/1995,0.4440241754055023,0.4440241754055023,0.4381034965372241,0.4440241754055023,5820800,0.0,0.0,-,0.31524908721446987,0.4003911727666855,0.4365495190024376,0.4509803295135498,8672512.0
11/28/1995,0.4440242303371011,0.4499441872427455,0.4381035507363574,0.4395835399627685,8867200,0.0,0.0,-,0.3144227181375026,0.3990590953826904,0.4329232946038246,0.45216440260410307,8734720.0
11/27/1995,0.4469841534921365,0.4499441315787706,0.4440241754055023,0.4440241754055023,4326400,0.0,0.0,-,0.31361855223774904,0.39790463030338286,0.42937110364437103,0.45201641917228697,8732224.0
11/24/1995,0.4529043396632207,0.4529043396632207,0.4469843804836272,0.4469843804836273,739200,0.0,0.0,-,0.3127848862111568,0.3967797672748566,0.42567088156938554,0.45053628385066985,8858432.0
11/22/1995,0.4469841011820407,0.45882473483789,0.4469841011820407,0.4499440789222717,5737600,0.0,0.0,-,0.3119218252599239,0.39553650200366974,0.4218226492404938,0.44802014231681825,8951744.0
11/21/1995,0.455864757097659,0.45882473483789,0.4469841011820407,0.4499440789222717,9475200,0.0,0.0,-,0.3110585597157478,0.39417482614517213,0.41767842769622804,0.44565201699733736,9056128.0
11/20/1995,0.4677053796640234,0.4677053796640234,0.4588247239589691,0.4588247239589691,5200000,0.0,0.0,-,0.31016610398888583,0.3928723669052124,0.4135342061519623,0.4420998364686966,8950272.0
11/17/1995,0.4588249202980968,0.467705579803339,0.4558649413614218,0.4617848992347717,15379200,0.0,0.0,-,0.3092146517336368,0.39142189085483553,0.40938999503850937,0.4381035804748534,9250368.0
11/16/1995,0.4558649413614218,0.4647448781714466,0.4529042397295295,0.4617848992347717,19568000,0.0,0.0,-,0.3082921820878982,0.38994181334972383,0.40531976968050004,0.4333673179149627,9271872.0
11/15/1995,0.4529043436050415,0.458825025531542,0.4499443639894828,0.4529043436050415,6585600,0.0,0.0,-,0.3073405222594738,0.3883433210849762,0.4008795455098152,0.42833504676818845,9085120.0
11/14/1995,0.4410635673752659,0.4588248850201243,0.4321836312479986,0.4558649063110351,19900800,0.0,0.0,-,0.3063311083614826,0.38692243993282316,0.3970313534140587,0.4221187084913254,9632128.0
11/13/1995,0.4321837466457361,0.4440243873388337,0.42626306495151,0.4381037056446075,6758400,0.0,0.0,-,0.30530689164996144,0.3854731446504593,0.39318313300609586,0.41368218660354616,9699520.0
11/10/1995,0.4233028662559513,0.4321835228510015,0.4203428882892615,0.429222822189331,10057600,0.0,0.0,-,0.30435688346624373,0.3842610991001129,0.3905190035700798,0.4067257881164551,9696640.0
11/09/1995,0.4203429758534606,0.4262629330200626,0.4203429758534606,0.4218229651451111,5872000,0.0,0.0,-,0.3034439828246832,0.38322667121887205,0.38822487741708755,0.4008054792881012,9848064.0
11/08/1995,0.4203428700509448,0.4262628257274627,0.4144221916794777,0.4262628257274627,7411200,0.0,0.0,-,0.30254619173705577,0.38236972987651824,0.386078754067421,0.39562515616416927,9814080.0
11/07/1995,0.4144222736358642,0.4203429531782083,0.4114622952122382,0.4144222736358642,3136000,0.0,0.0,-,0.3016407940536737,0.3813355189561844,0.38341463357210154,0.38970483839511866,9849792.0
11/06/1995,0.4144221972039625,0.4203428756543557,0.4114622193262454,0.4188621640205383,7232000,0.0,0.0,-,0.30080919302999976,0.38056760966777803,0.3813425406813621,0.3849685758352279,10078016.0
11/03/1995,0.4085023167886122,0.4233029316018343,0.4085023167886122,0.4144222736358642,22236800,0.0,0.0,-,0.2999699900299311,0.3796814119815826,0.3794924467802047,0.3806764096021652,10179840.0
11/02/1995,0.3907408988224172,0.4381034320130132,0.3907408988224172,0.4114621877670288,29548800,0.0,0.0,-,0.29912379510700704,0.3788250333070755,0.37786434739828106,0.3772722214460373,9989056.0
11/01/1995,0.3729803920028475,0.3966616397723501,0.3700196686031494,0.3907409608364105,9472000,0.0,0.0,-,0.29830699451267717,0.377909876704216,0.3771983161568641,0.37342404425144193,9673984.0
10/31/1995,0.3670597422110659,0.3729804445656075,0.3670597422110659,0.3714996874332428,3504000,0.0,0.0,-,0.29757920615375044,0.37723219096660615,0.37675428241491316,0.371943998336792,9558144.0
10/30/1995,0.3729804337304349,0.3729804337304349,0.3670597315478912,0.3685397207736969,1244800,0.0,0.0,-,0.29699140824377535,0.3769983237981796,0.37653228044509884,0.3726840794086456,9707072.0
10/27/1995,0.3729804578280114,0.3729804578280114,0.367059755262942,0.3700197339057922,2118400,0.0,0.0,-,0.29636733017861844,0.3770006000995636,0.3764582768082618,0.37431221902370454,9829120.0
10/26/1995,0.367059755262942,0.3729804578280114,0.3640997766200918,0.3700197339057922,5177600,0.0,0.0,-,0.29574314795434475,0.37700276672840116,0.37660631090402596,0.37564427554607394,10075648.0
10/25/1995,0.3640996702587795,0.3670596480369568,0.3640996702587795,0.3670596480369568,11753600,0.0,0.0,-,0.29511896573007107,0.3766805219650269,0.3769023492932319,0.3765323519706726,10266048.0
10/24/1995,0.3759403040664232,0.3789002818446005,0.3640996702587795,0.3670596480369568,9251200,0.0,0.0,-,0.29450958393514154,0.3764469677209854,0.37742038220167157,0.3771244287490845,10361280.0
10/23/1995,0.3759405016899109,0.3818604603582549,0.3759405016899109,0.3759405016899109,7091200,0.0,0.0,-,0.2939074991643429,0.3761839246749878,0.37793841511011117,0.37771650552749636,10660160.0
10/20/1995,0.3789004027133814,0.3818603814357884,0.3729804678527913,0.3803803920745849,4976000,0.0,0.0,-,0.2932537131011486,0.37533036768436434,0.3780864149332046,0.37830848395824435,10696128.0
10/19/1995,0.3729804158210754,0.3789003498558197,0.3729804158210754,0.3729804158210754,6662400,0.0,0.0,-,0.29262151166796685,0.3742700523138046,0.3778644204139709,0.3784564733505249,10736896.0
10/18/1995,0.3789004810240829,0.3848211623877414,0.3759405016899109,0.3759405016899109,2204800,0.0,0.0,-,0.2920846872031689,0.3733577364683151,0.3783084139227867,0.3809725880622864,10800576.0
10/17/1995,0.3818604776197531,0.3877811592510483,0.3789004981517792,0.3789004981517792,6246400,0.0,0.0,-,0.29150387227535246,0.37250417947769165,0.3784564137458801,0.38156456649303433,11046336.0
10/16/1995,0.381860415244582,0.3877810959087607,0.3789004362601071,0.3848211169242859,4121600,0.0,0.0,-,0.2908352862298489,0.3713554835319519,0.37838240414857865,0.38038048148155207,11216896.0
10/13/1995,0.3877809890780511,0.3877809890780511,0.3818603100449744,0.3833402991294861,12224000,0.0,0.0,-,0.2902246648073196,0.36973447382450103,0.37823436260223386,0.37860433459281917,11548032.0
10/12/1995,0.3759405186838052,0.3803804878857661,0.3729805618000608,0.3789004981517792,7715200,0.0,0.0,-,0.2896214474737644,0.36790714621543885,0.37845639884471893,0.3775683462619781,12161152.0
10/11/1995,0.3759403715463372,0.3789003498558197,0.3729804158210754,0.3729804158210754,6454400,0.0,0.0,-,0.2890112389624119,0.3659842866659164,0.3787524297833443,0.3772723466157913,12086784.0
10/10/1995,0.3789003498558197,0.3789003498558197,0.3729804158210754,0.3729804158210754,11449600,0.0,0.0,-,0.28843063086271287,0.36430517613887786,0.37919642329216,0.37771633565425866,12407360.0
10/09/1995,0.3818602859973907,0.3848209866749945,0.3759403300321522,0.3818602859973907,9164800,0.0,0.0,-,0.2878792129456997,0.36259655952453607,0.37978845834732056,0.3781603246927261,12201024.0
10/06/1995,0.3966616213004561,0.4025815772656947,0.3818602859973907,0.3818602859973907,19142400,0.0,0.0,-,0.2872687990963459,0.3607398515939712,0.38001049011945726,0.3778643459081649,12063040.0
10/05/1995,0.3789002629501651,0.3996215517539769,0.3789002629501651,0.3981415629386902,30579200,0.0,0.0,-,0.28668757528066635,0.3588831436634063,0.38030652701854706,0.377272367477417,11695680.0
10/04/1995,0.3670596733893099,0.3818602859973907,0.3640996954066905,0.3818602859973907,9193600,0.0,0.0,-,0.28596656799316406,0.35670081019401545,0.3794924631714821,0.37564423978328704,11137344.0
10/03/1995,0.3670596480369568,0.3729803488724627,0.3670596480369568,0.3670596480369568,7174400,0.0,0.0,-,0.28535615414381027,0.3550210440158843,0.3794924631714821,0.37534826099872587,10965120.0
10/02/1995,0.3670596480369568,0.3729803488724627,0.3670596480369568,0.3670596480369568,7955200,0.0,0.0,-,0.28477596372365954,0.3535783076286315,0.38030948787927626,0.3763843268156052,10867136.0
09/29/1995,0.3789003498558197,0.3789003498558197,0.3670597139228253,0.3729804158210754,2806400,0.0,0.0,-,0.28438549742102626,0.3520765930414199,0.3808315768837929,0.37786439061164856,10716864.0
09/28/1995,0.3729805449399674,0.3789004810240829,0.3729805449399674,0.3759405016899109,972800,0.0,0.0,-,0.2839800202846527,0.3505154412984847,0.38105762749910355,0.3793444514274597,10700224.0
09/27/1995,0.3759403172647023,0.381860273028891,0.3729803619668254,0.3774203062057495,4067200,0.0,0.0,-,0.28353055655956266,0.3489540708065032,0.381209397315979,0.3802325129508972,10725440.0
09/26/1995,0.381860273028891,0.381860273028891,0.3759403172647023,0.3774203062057495,11948800,0.0,0.0,-,0.2830299098789692,0.34730412125587456,0.38106599599123003,0.38067651093006133,10738816.0
09/25/1995,0.3759405186838052,0.3818604776197531,0.3759405186838052,0.3789004981517792,3763200,0.0,0.0,-,0.2825730471313,0.34568366110324855,0.38099632114171983,0.38141659200191497,10626112.0
09/22/1995,0.3818604603582549,0.3818604603582549,0.3759405016899109,0.3759405016899109,6358400,0.0,0.0,-,0.28212337657809256,0.343709191083908,0.38077891021966936,0.38215663433074953,10610624.0
09/21/1995,0.3789003080147715,0.3818602859973907,0.3759403300321522,0.3818602859973907,4819200,0.0,0.0,-,0.2817468823492527,0.34179392099380485,0.38056205213069916,0.3833406865596771,10676224.0
09/20/1995,0.3729805618000608,0.3818604776197531,0.3729805618000608,0.3789004981517792,10160000,0.0,0.0,-,0.28136997669935226,0.3397602552175521,0.3797542557120323,0.3833406865596771,10774592.0
09/19/1995,0.381860273028891,0.3907409293701341,0.3729803619668254,0.3774203062057495,8931200,0.0,0.0,-,0.2810370598733425,0.3377857851982116,0.3786520645022392,0.3836366653442383,10592832.0
09/18/1995,0.390740942640233,0.390740942640233,0.3818602859973907,0.3818602859973907,8742400,0.0,0.0,-,0.28073489040136335,0.3358704096078872,0.37777136564254754,0.3842346489429474,10436928.0
09/15/1995,0.3818603444132362,0.3907410024146148,0.3818603444132362,0.387781023979187,10636800,0.0,0.0,-,0.2803814421594143,0.3337777638435363,0.3771110281348228,0.3837987631559372,10346240.0
09/14/1995,0.3759404572756323,0.3848211169242859,0.3759404572756323,0.3848211169242859,5404800,0.0,0.0,-,0.280042013078928,0.3316846621036529,0.376228380203247,0.3827708035707474,10332672.0
09/13/1995,0.3848209866749945,0.390740942640233,0.3759403300321522,0.3818602859973907,10956800,0.0,0.0,-,0.2796592207252979,0.32965075850486747,0.3746826991438865,0.3821862816810608,10489280.0
09/12/1995,0.3848211169242859,0.3907410748932355,0.3848211169242859,0.3848211169242859,4182400,0.0,0.0,-,0.27932031229138377,0.3275581127405166,0.3733587816357612,0.3814554810523986,10283072.0
09/11/1995,0.3848209326565651,0.3907408877908024,0.3848209326565651,0.3863009214401245,20204800,0.0,0.0,-,0.27892297685146333,0.3254062503576279,0.3718131005764007,0.38057605028152464,10242688.0
09/08/1995,0.3818603444132362,0.387781023979187,0.3818603444132362,0.387781023979187,16454400,0.0,0.0,-,0.27854732543230054,0.3231068152189255,0.36916118711233137,0.37940118610858914,9888512.0
09/07/1995,0.3818602859973907,0.3877809646576138,0.3818602859973907,0.3818602859973907,10230400,0.0,0.0,-,0.27819335237145426,0.32077777802944185,0.366140367090702,0.37778341770172114,9626816.0
09/06/1995,0.3818602859973907,0.3877809646576138,0.3818602859973907,0.3818602859973907,33936000,0.001875,0.0,-,0.27783990412950516,0.3184491938352585,0.3634155839681625,0.3761678248643875,9446976.0
09/05/1995,0.3834001421928406,0.3834001421928406,0.3775013239921462,0.3834001421928406,23270400,0.0,0.0,-,0.27750826567411424,0.3162385714054108,0.36098570227622984,0.3736674636602401,8819072.0
09/01/1995,0.3775014281272888,0.380450478027825,0.3775014281272888,0.3775014281272888,6614400,0.0,0.0,-,0.2771471181511879,0.3139381676912308,0.3578889802098274,0.3713080823421478,8399680.0
08/31/1995,0.3745523782267526,0.380450478027825,0.3745523782267526,0.3775014281272888,17628800,0.0,0.0,-,0.2768300040066242,0.3118147224187851,0.3542024403810501,0.3704232931137085,8311616.0
08/30/1995,0.3745523238191852,0.3804504227634983,0.3745523238191852,0.37897589802742,4172800,0.0,0.0,-,0.2765419729053974,0.30966178357601165,0.3499260649085044,0.36968595683574673,8029120.0
08/29/1995,0.3745522797107696,0.3804503779605047,0.3745522797107696,0.3745522797107696,9196800,0.0,0.0,-,0.27624656945466997,0.3075678277015686,0.3451151460409164,0.3671791166067123,8034944.0
08/28/1995,0.3686534662798211,0.3804503829609886,0.3686534662798211,0.3760268092155456,14547200,0.0,0.0,-,0.27597328409552574,0.3056213420629501,0.34083877652883526,0.3652620822191238,7898688.0
08/25/1995,0.3716032530867347,0.3745522797107696,0.3686534614343911,0.3745522797107696,12323200,0.0,0.0,-,0.27575078889727594,0.3037043458223343,0.3364149153232574,0.36305015087127684,7688832.0
08/24/1995,0.365704497755053,0.3745523672235716,0.3627554479411506,0.3716033399105072,12697600,0.0,0.0,-,0.27553566634654997,0.30169886231422427,0.33213854581117624,0.3589211881160736,7471104.0
08/23/1995,0.3539074428619876,0.3686534063079366,0.3539074428619876,0.3657043576240539,13795200,0.0,0.0,-,0.27530620515346527,0.29981135547161103,0.3280096232891082,0.3544973164796829,7259072.0
08/22/1995,0.3539076237646049,0.3598064666749743,0.3509585735732925,0.3568566739559173,3680000,0.0,0.0,-,0.27510623887181285,0.29804182827472686,0.32417564988136294,0.3506633430719376,7063232.0
08/21/1995,0.3657044046370785,0.3716032452905325,0.3568565374214599,0.3598063290119171,10950400,0.0,0.0,-,0.2749650512635708,0.2964492547512054,0.32122641503810884,0.34830394089221955,7039360.0
08/18/1995,0.3716033280906209,0.3716033280906209,0.3657044861227959,0.3686535358428955,7347200,0.0,0.0,-,0.27480911538004876,0.29479768812656404,0.31798224002122877,0.34446987807750695,6867392.0
08/17/1995,0.3568566431079325,0.3716033553443836,0.3509585432351608,0.3701280653476715,14444800,0.0,0.0,-,0.2746380268037319,0.29296917736530304,0.31414825916290284,0.3379815876483917,6978112.0
08/16/1995,0.3539074957370758,0.3568565448615572,0.345059628336988,0.3539074957370758,14697600,0.0,0.0,-,0.27441594198346136,0.29105217814445494,0.31038799732923505,0.33016617298126216,6755008.0
08/15/1995,0.3568564600466719,0.3657043253438674,0.3480093372767758,0.3553819358348846,16515200,0.0,0.0,-,0.2742604210972786,0.28945959031581875,0.30758622139692304,0.3230511754751205,6580416.0
08/14/1995,0.3362125034643762,0.3568565448615572,0.3273646135634559,0.3539074957370758,24195200,0.0,0.0,-,0.2741266071796417,0.2876912385225296,0.30456326603889466,0.3164154708385467,6305152.0
08/11/1995,0.3273645549655277,0.3362124432826849,0.3273645549655277,0.3332626521587372,8889600,0.0,0.0,-,0.2740001654624939,0.2857763540744781,0.30168775618076327,0.309779679775238,5864256.0
08/10/1995,0.3273646235466003,0.3332627219754286,0.3273646235466003,0.3273646235466003,7014400,0.0,0.0,-,0.2739696776866913,0.2843330359458923,0.29903347343206405,0.30535590350627895,5780544.0
08/09/1995,0.3303136727610145,0.3332627219754286,0.3273646235466003,0.3273646235466003,9846400,0.0,0.0,-,0.27401957258582116,0.28277298331260675,0.2966740921139717,0.30152193009853356,5749952.0
08/08/1995,0.3273645549655277,0.3362124432826849,0.3185166891491992,0.3332626521587372,14492800,0.0,0.0,-,0.2740549285709858,0.28127161681652063,0.29431471079587934,0.2976879566907883,5679680.0
08/07/1995,0.3037706912887564,0.324415491650317,0.2978718747457901,0.3214657008647918,14774400,0.0,0.0,-,0.2740607944130897,0.27953493416309355,0.2916604280471802,0.29414888918399806,5502720.0
08/04/1995,0.2919737208121243,0.3037706315517425,0.2919737208121243,0.3037706315517425,20678400,0.0,0.0,-,0.27414018392562867,0.2781515461206436,0.28966971933841706,0.29149460196495053,5244352.0
08/03/1995,0.2860750992959229,0.2949229683532139,0.2801769999422477,0.2919739186763763,42880000,0.0,0.0,-,0.27430077955126764,0.2771220594644546,0.28834258764982224,0.2903149306774139,4931712.0
08/02/1995,0.2831259717772685,0.2860750206433033,0.2772278965460295,0.2827575206756592,3996800,0.0,0.0,-,0.2745857901871204,0.27626982092857355,0.2879001885652542,0.2906098216772079,4516288.0
08/01/1995,0.2860750972854248,0.2949229662805341,0.2831260476293128,0.2890248894691467,22483200,0.0,0.0,-,0.2749168828129768,0.27542590022087093,0.287918609380722,0.29212126731872556,4577600.0
07/31/1995,0.286075082851167,0.2890248748860536,0.286075082851167,0.2875495851039886,1132800,0.0,0.0,-,0.27522390961647036,0.27442728281021117,0.28732876479625696,0.2927110612392425,4279232.0
07/28/1995,0.2860750972854248,0.2949229662805341,0.2860750972854248,0.2890248894691467,2265600,0.0,0.0,-,0.27551650255918503,0.2735461926460266,0.28681268543004984,0.2935958325862884,4406208.0
07/27/1995,0.2949229662805341,0.2949229662805341,0.2890248894691467,0.2890248894691467,774400,0.0,0.0,-,0.27577263668179514,0.2726942652463913,0.28592789918184275,0.2927110433578491,4707392.0
07/26/1995,0.2919739166244221,0.2978720159366462,0.2890248894691467,0.2890248894691467,2662400,0.0,0.0,-,0.27602150067687037,0.271813003718853,0.28504311293363566,0.29182625412940977,5510272.0
07/25/1995,0.2978719770908355,0.2978719770908355,0.2890248517770993,0.2978719770908355,582400,0.0,0.0,-,0.2762630942463875,0.2708437356352806,0.2838634222745895,0.29094146490097045,5988416.0
07/24/1995,0.2919737803941825,0.2978718769544503,0.2890247546148748,0.2949228286743164,2275200,0.0,0.0,-,0.27641683012247087,0.2696975257992744,0.282536281645298,0.28917196691036223,6178176.0
07/21/1995,0.2949229683532139,0.2978720180300515,0.2890248915003756,0.2919739186763763,441600,0.0,0.0,-,0.2765562325716019,0.26855161458253857,0.2812091380357742,0.28784483671188354,6192000.0
07/20/1995,0.2978718769544503,0.2978718769544503,0.2890247546148748,0.2949228286743164,1974400,0.0,0.0,-,0.27679762154817583,0.26752336591482156,0.2801769003272056,0.28637024462223054,6297152.0
07/19/1995,0.2978719770908355,0.2978719770908355,0.2919738785477889,0.2978719770908355,2233600,0.0,0.0,-,0.2770315355062485,0.2664361390471458,0.27892348319292065,0.28519055545330046,6437184.0
07/18/1995,0.2949228286743164,0.2978718769544503,0.2919737803941825,0.2949228286743164,4736000,0.0,0.0,-,0.2772579772770405,0.2653192704916,0.2777437895536422,0.2837159514427185,6566912.0
07/17/1995,0.2860749114565119,0.2978718224446805,0.2801768159755803,0.2963972985744476,6313600,0.0,0.0,-,0.2774846217036247,0.26429071545600885,0.2768590480089187,0.2819464683532715,6530048.0
07/14/1995,0.2860750964803796,0.2860750964803796,0.2801769971847534,0.2801769971847534,2988800,0.0,0.0,-,0.2777765992283821,0.26317399919033047,0.27604803293943403,0.28002953827381133,6542464.0
07/13/1995,0.2831260468325665,0.2860750964803796,0.2801769971847534,0.2801769971847534,9638400,0.0,0.0,-,0.27814967826008796,0.2622056663036346,0.27575308829545975,0.27914475500583646,6523200.0
07/12/1995,0.2831260468325665,0.2860750964803796,0.2801769971847534,0.2801769971847534,9737600,0.0,0.0,-,0.2785082142055035,0.26120799392461774,0.2756056383252144,0.27825997173786166,6430592.0
07/11/1995,0.2772279700377769,0.2831260468325665,0.2772279700377769,0.2801769971847534,1072000,0.0,0.0,-,0.2788594804704189,0.26023966103792184,0.27545818835496905,0.2767853796482086,6416000.0
07/10/1995,0.2772279746451297,0.2831260515379416,0.2772279746451297,0.2816515266895294,1136000,0.0,0.0,-,0.27924709975719453,0.25921265751123423,0.27531073838472364,0.2759005963802338,6448256.0
07/07/1995,0.2801770252219304,0.2860751251077766,0.2772279977798462,0.2772279977798462,4208000,0.0,0.0,-,0.27958372235298157,0.25815616339445113,0.2750895619392395,0.27457343935966494,6480384.0
07/06/1995,0.2860749854886535,0.2860749854886535,0.2801768884813782,0.2831259369850158,9958400,0.0,0.0,-,0.2799570032954216,0.2571294569969177,0.2750895619392395,0.2739835560321808,6456576.0
07/05/1995,0.2801768884813782,0.2890247765196108,0.2742780714476112,0.2831259369850158,13235200,0.0,0.0,-,0.2803880412876606,0.25604347467422484,0.2746471703052521,0.27265641093254084,6488448.0
07/03/1995,0.2772279977798462,0.2772279977798462,0.2713291553663179,0.2772279977798462,646400,0.0,0.0,-,0.2808336181938648,0.255192185640335,0.27420477867126464,0.271771627664566,6264000.0
06/30/1995,0.2713291553663179,0.2772279977798462,0.2713291553663179,0.2772279977798462,2163200,0.0,0.0,-,0.2813668473064899,0.2546348655223846,0.27369159609079363,0.271771627664566,6266496.0
06/29/1995,0.2742782145472555,0.277228007117213,0.2713291645050049,0.2713291645050049,2496000,0.0,0.0,-,0.2818709971010685,0.25396020710468287,0.27273835986852646,0.27206652760505673,6235072.0
06/28/1995,0.2742782145472555,0.277228007117213,0.2654310869213433,0.2713291645050049,3369600,0.0,0.0,-,0.2824337203800678,0.2534621942043304,0.2722267389297485,0.272361421585083,6243072.0
06/27/1995,0.2742782035597211,0.2742782035597211,0.2654310762882232,0.2654310762882232,1238400,0.0,0.0,-,0.2830546072125435,0.2530228507518768,0.2711283802986145,0.2729513049125671,6275264.0
06/26/1995,0.2654310869213433,0.2742782145472555,0.2654310869213433,0.2713291645050049,2540800,0.0,0.0,-,0.2835886584222317,0.2527014690637588,0.2704716414213181,0.2741309970617294,6339968.0
06/23/1995,0.2713290047901666,0.2742780530964923,0.2654309306783416,0.2683799564838409,2300800,0.0,0.0,-,0.28409321919083597,0.2523208117485046,0.26922660917043684,0.2747208803892135,6352960.0
06/22/1995,0.2683801144627543,0.2713291645050049,0.2683801144627543,0.2713291645050049,2211200,0.0,0.0,-,0.2845979870855808,0.2519404524564743,0.26842242628335955,0.27560568451881406,6337344.0
06/21/1995,0.2683799618062121,0.2742780585358315,0.2654309359422292,0.2698544859886169,3504000,0.0,0.0,-,0.28507346868515016,0.2515011090040207,0.267470782995224,0.27619556784629823,6412096.0
06/20/1995,0.2742781043052673,0.2801769220456942,0.2713290554483429,0.2742781043052673,4464000,0.0,0.0,-,0.28557086393237113,0.2512086123228073,0.26644615828990936,0.27663792967796325,6412416.0
06/19/1995,0.2831260751648535,0.2831260751648535,0.2742782053092411,0.2772279977798462,2384000,0.0,0.0,-,0.28603160083293916,0.2505929517745971,0.2647603273391724,0.27663792967796325,6581184.0
06/16/1995,0.2801769971847534,0.2831260468325665,0.2742781778623561,0.2801769971847534,4054400,0.0,0.0,-,0.28644268587231636,0.24997696220874782,0.2628536283969879,0.2756115645170212,6611776.0
06/15/1995,0.2742781043052673,0.2801769220456942,0.2742781043052673,0.2742781043052673,1436800,0.0,0.0,-,0.2869259911775589,0.24947801530361172,0.26101953238248826,0.27341019213199613,6576896.0
06/14/1995,0.2801770252219304,0.2801770252219304,0.2742782053092411,0.2772279977798462,2096000,0.0,0.0,-,0.28745328411459925,0.24915571868419645,0.25962705314159396,0.2720920562744141,6648256.0
06/13/1995,0.2742782053092411,0.2801770252219304,0.2742782053092411,0.2772279977798462,4003200,0.0,0.0,-,0.2879513344168663,0.24877442419528958,0.25801374390721316,0.26930545568466185,6615808.0
06/12/1995,0.2772279977798462,0.2772279977798462,0.2713291553663179,0.2772279977798462,2486400,0.0,0.0,-,0.28843488812446594,0.24839312970638272,0.25618041828274724,0.26681228578090666,6653952.0
06/09/1995,0.2772279977798462,0.2772279977798462,0.2713291553663179,0.2772279977798462,2352000,0.0,0.0,-,0.2888749635219574,0.24807050466537472,0.25434709265828126,0.2637323379516602,6674432.0
06/08/1995,0.2742782053092411,0.2772279977798462,0.2683801054233948,0.2772279977798462,12883200,0.0,0.0,-,0.2893512710928917,0.24771854281425473,0.25236705616116517,0.261239168047905,6694784.0
06/07/1995,0.2713290554483429,0.2742781043052673,0.2683800065914185,0.2742781043052673,3289600,0.0,0.0,-,0.28980583950877187,0.2475132697820663,0.25053373053669925,0.2587459981441498,6498688.0
06/06/1995,0.2624811888509916,0.2742781043052673,0.2624811888509916,0.2742781043052673,5968000,0.001875,0.0,-,0.290275157392025,0.24754302203655243,0.24884789958596226,0.2562543869018554,6507392.0
06/05/1995,0.2640308754436267,0.2669643461704254,0.2581631506150461,0.2669643461704254,2752000,0.0,0.0,-,0.2907444752752781,0.24745541989803313,0.24723542183637615,0.25288272500038145,6458176.0
06/02/1995,0.2640310009523432,0.2640310009523432,0.2581632733345032,0.2581632733345032,2150400,0.0,0.0,-,0.29127210110425944,0.24757276058197022,0.24606195837259287,0.2500956922769546,6424192.0
06/01/1995,0.2493620524806079,0.2640309785954341,0.2493620524806079,0.2610967457294464,4704000,0.0,0.0,-,0.2918075001239776,0.24786612272262573,0.2451818689703941,0.2486288726329803,6400192.0
05/31/1995,0.2552296951952314,0.2552296951952314,0.2493619918823242,0.2493619918823242,5484800,0.0,0.0,-,0.29231373533606525,0.2481008154153824,0.2437150493264198,0.24716205000877375,6365696.0
05/30/1995,0.2493620657205131,0.2522962987422943,0.2464285713097583,0.2522962987422943,6332800,0.0,0.0,-,0.29289314076304435,0.24851153552532196,0.24276161864399906,0.2467220321297645,6351872.0
05/26/1995,0.2552297170976825,0.2552297170976825,0.2464285194873809,0.2464285194873809,5644800,0.0,0.0,-,0.2934723676741123,0.24895157217979427,0.24173482134938235,0.24554855078458782,6429568.0
05/25/1995,0.2493620657205131,0.2552297707708968,0.2493620657205131,0.2522962987422943,1856000,0.0,0.0,-,0.2939939686655998,0.2495383161306381,0.2408547364175319,0.24496184736490245,6379904.0
05/24/1995,0.2552297707708968,0.2552297707708968,0.2493620657205131,0.2522962987422943,5046400,0.0,0.0,-,0.2945514526963234,0.24989035010337826,0.2396812625229358,0.2434949442744255,6485952.0
05/23/1995,0.2434950047980789,0.2552296951952314,0.240561533638102,0.2493619918823242,22108800,0.0,0.0,-,0.2950437147915363,0.25047707498073574,0.23836108148097987,0.24232146292924878,6475584.0
05/22/1995,0.2405614852905273,0.2434949558609411,0.2376272537273132,0.2405614852905273,7062400,0.0,0.0,-,0.29557963803410525,0.25094646275043486,0.23733432292938228,0.24144141227006907,6101760.0
05/19/1995,0.2405615266575883,0.2405615266575883,0.2376272945898024,0.2390940189361572,7564800,0.0,0.0,-,0.29610158815979953,0.25165054738521575,0.23733432292938228,0.24158811867237087,6020416.0
05/18/1995,0.2464285713054638,0.2464285713054638,0.2376273718444787,0.2434950768947601,7481600,0.0,0.0,-,0.2966598616540432,0.2524133139848709,0.23784772157669062,0.24202822446823116,5920448.0
05/17/1995,0.2493620132812403,0.2493620132812403,0.2405615542818097,0.2464285194873809,17324800,0.0,0.0,-,0.2971671438217163,0.2530587267875671,0.23784772157669062,0.24173486530780788,5830528.0
05/16/1995,0.2434950659527913,0.2522962874004271,0.2405615940560617,0.2449618130922317,40918400,0.0,0.0,-,0.2976742516458034,0.2536454707384109,0.23784772157669068,0.2402680486440658,5502848.0
05/15/1995,0.2376272537273132,0.2434949558609411,0.2376272537273132,0.2405614852905273,26569600,0.0,0.0,-,0.2981886930018663,0.2544375541806221,0.2380677305161953,0.2388012051582336,4691776.0
05/12/1995,0.2317602678222032,0.2434949558609411,0.2317602678222032,0.2405614852905273,10070400,0.0,0.0,-,0.29873962916433805,0.25517214387655257,0.23850775584578515,0.2379210919141769,4261888.0
05/11/1995,0.240561499574972,0.240561499574972,0.2317602815840351,0.2376272678375244,2966400,0.0,0.0,-,0.2992760721594095,0.255906733572483,0.2390944965183735,0.2367476254701614,4089920.0
05/10/1995,0.2405614852905273,0.2434949558609411,0.2346937607747582,0.2405614852905273,5699200,0.0,0.0,-,0.2998271862417459,0.2567000076174736,0.23968123272061342,0.23586758077144618,4167488.0
05/09/1995,0.2405614852905273,0.2464284488134961,0.2405614852905273,0.2405614852905273,8976000,0.0,0.0,-,0.3003636292368173,0.2573470219969749,0.2401212580502033,0.23440070003271102,4096064.0
05/08/1995,0.2434952753320581,0.2464287721334249,0.2376275654998667,0.2420285493135452,8720000,0.0,0.0,-,0.30090007223188875,0.257848102748394,0.2408546663820743,0.23322723358869552,4135488.0
05/05/1995,0.2434950768947601,0.2434950768947601,0.234693877433775,0.2434950768947601,2892800,0.0,0.0,-,0.3014436730742454,0.2582030820846557,0.24092799276113505,0.23308052718639374,4122176.0
05/04/1995,0.2317602678222032,0.2434949558609411,0.2317602678222032,0.2405614852905273,6934400,0.0,0.0,-,0.3019509552419185,0.2587038660049438,0.2410746648907661,0.2336672186851501,4196672.0
05/03/1995,0.2346938468787495,0.2346938468787495,0.2288268812033205,0.2317603528499603,2025600,0.0,0.0,-,0.30248739823698995,0.25946764349937435,0.24180807322263714,0.2339605778455734,4186688.0
05/02/1995,0.2288266328116693,0.2346935921185052,0.2258924033570604,0.2302933782339096,5008000,0.0,0.0,-,0.3030678468942642,0.26040744364261625,0.24312821924686429,0.23542739450931544,4203904.0
05/01/1995,0.2258926485636012,0.2346938468787495,0.2258926485636012,0.2317603528499603,9008000,0.0,0.0,-,0.30371360503137107,0.26140576809644694,0.24452171400189396,0.2373342558741569,4449728.0
04/28/1995,0.2317602917233107,0.2317602917233107,0.225892588984555,0.2288268208503723,2684800,0.0,0.0,-,0.3043520282953977,0.2624623146653175,0.2458418600261211,0.2390944197773933,4522944.0
04/27/1995,0.225892588984555,0.2317602917233107,0.225892588984555,0.2288268208503723,2742400,0.0,0.0,-,0.3050051192194223,0.26360673338174817,0.2474553562700748,0.2414413675665855,4865984.0
04/26/1995,0.2317603829516484,0.2317603829516484,0.2258926779031753,0.2258926779031753,3017600,0.0,0.0,-,0.30560023553669446,0.2646052041649818,0.24899551048874852,0.2434948846697807,4932736.0
04/25/1995,0.2376272782334746,0.2376272782334746,0.2229590957294731,0.2288268208503723,11552000,0.0,0.0,-,0.3061955296993255,0.2656623578071594,0.251049093902111,0.24584181606769556,4958912.0
04/24/1995,0.2434949558609411,0.2493619417660511,0.2376272537273132,0.2405614852905273,2012800,0.0,0.0,-,0.30674716457724566,0.26663164079189294,0.25339603871107097,0.24848209917545314,4776640.0
04/21/1995,0.2493619918823242,0.2493619918823242,0.240561533638102,0.2493619918823242,771200,0.0,0.0,-,0.30731259673833844,0.2673078548908233,0.25486286431550975,0.24877545833587647,4829504.0
04/20/1995,0.2405616048662087,0.2493620657161675,0.2405616048662087,0.2434950768947601,592000,0.0,0.0,-,0.30786301180720327,0.26786643445491787,0.2560363337397575,0.24848211109638213,4913344.0
04/19/1995,0.2464285194873809,0.2522962456859707,0.2434950256935215,0.2464285194873809,2896000,0.0,0.0,-,0.30841377601027486,0.26842559158802026,0.25750314891338344,0.24965556859970092,5056128.0
04/18/1995,0.2493619918823242,0.2522962240352545,0.2464284983402015,0.2493619918823242,4979200,0.0,0.0,-,0.3089353770017624,0.268867706656456,0.25882329195737835,0.25082904398441314,5265984.0
04/17/1995,0.2522962240352545,0.2552296951952314,0.2464284983402015,0.2493619918823242,4473600,0.0,0.0,-,0.30938433602452275,0.2694262862205505,0.25985009223222727,0.25170917212963106,5522432.0
04/13/1995,0.2493620657205131,0.2552297707708968,0.2464285713097583,0.2522962987422943,3190400,0.0,0.0,-,0.30983329504728313,0.26986810505390163,0.26109689921140666,0.25258930027484894,5696448.0
04/12/1995,0.2493619918823242,0.258163188737354,0.2493619918823242,0.2493619918823242,1520000,0.0,0.0,-,0.3102385970950126,0.2698426103591919,0.2622703701257706,0.25346934497356416,5642624.0
04/11/1995,0.258163188737354,0.258163188737354,0.2464284983402015,0.2493619918823242,5948800,0.0,0.0,-,0.31062958091497417,0.26987580180168147,0.2632971704006195,0.2544961363077164,5684992.0
04/10/1995,0.2434949635200945,0.255229651927948,0.2434949635200945,0.255229651927948,3520000,0.0,0.0,-,0.3109915795922279,0.26985060334205624,0.2649106979370117,0.2562563717365265,5572352.0
04/07/1995,0.2464285713054638,0.2522962987378975,0.2434950768947601,0.2434950768947601,12902400,0.0,0.0,-,0.3112952488660812,0.2696788641810417,0.2657907843589783,0.2583099782466888,5523648.0
04/06/1995,0.2522962456859707,0.2522962456859707,0.2464285194873809,0.2464285194873809,3913600,0.0,0.0,-,0.31167933508753776,0.26965425759553907,0.2674043163657188,0.26095027029514306,5283328.0
04/05/1995,0.2610966380176044,0.2610966380176044,0.2522961812652616,0.255229651927948,2310400,0.0,0.0,-,0.31203425675630564,0.26962935298681256,0.2689445078372955,0.2635905563831329,5225728.0
04/04/1995,0.255229778831108,0.2610967678378983,0.255229778831108,0.2581632733345032,5004800,0.0,0.0,-,0.31230894133448595,0.26948680132627484,0.2699713110923767,0.265350729227066,5240384.0
04/03/1995,0.2610967678378983,0.2610967678378983,0.255229778831108,0.2581632733345032,473600,0.0,0.0,-,0.3126414260268211,0.26934396713972086,0.2708514332771301,0.2668175399303436,5176320.0
03/31/1995,0.2581632733345032,0.2610967678378983,0.2522963067098658,0.2581632733345032,5910400,0.0,0.0,-,0.31297391071915626,0.26908436745405195,0.27217156887054444,0.2679910123348236,5310784.0
03/30/1995,0.2596299986019461,0.2640309785954341,0.2552297572194452,0.2610967457294464,3510400,0.0,0.0,-,0.31333538413047785,0.2688831433653831,0.27312795370817183,0.26960449814796444,5247744.0
03/29/1995,0.2757655726628431,0.2757655726628431,0.2552296654239291,0.2596299052238464,3369600,0.0,0.0,-,0.31371842265129085,0.2685648742318153,0.2739376649260521,0.27107139527797697,5329792.0
03/28/1995,0.2728313323883075,0.2786990348347457,0.2669643461704254,0.2669643461704254,3078400,0.0,0.0,-,0.31407256290316576,0.26845107823610304,0.27482071816921233,0.2720982044935226,5364992.0
03/27/1995,0.2669644942114675,0.278699189383082,0.2669644942114675,0.2757657170295715,3724800,0.0,0.0,-,0.31435524225234984,0.2679862734675407,0.2751181110739708,0.27356502413749695,5440512.0
03/24/1995,0.2669645025519893,0.274298217238118,0.2669645025519893,0.269897997379303,3507200,0.0,0.0,-,0.31458669424057,0.26737462490797037,0.27461060136556625,0.2732715904712677,5620096.0
03/23/1995,0.2669643931176534,0.272831380367279,0.2669643931176534,0.272831380367279,1052800,0.0,0.0,-,0.3148547053337097,0.26688033074140544,0.27410457730293275,0.2738583624362945,5731840.0
03/22/1995,0.2698978867424662,0.272831380367279,0.2669643931176534,0.272831380367279,950400,0.0,0.0,-,0.3150936086475849,0.26632736891508096,0.27388972193002703,0.2742984592914581,5855680.0
03/21/1995,0.2698978867424662,0.2757656126029202,0.2698978867424662,0.272831380367279,2979200,0.0,0.0,-,0.31533251196146006,0.2658035951852798,0.27418567091226576,0.2745918929576873,6092672.0
03/20/1995,0.2728314922066167,0.2757657256450616,0.269897997379303,0.269897997379303,4793600,0.0,0.0,-,0.3156002980470657,0.2652506333589554,0.2744816198945045,0.27488532662391657,6283712.0
03/17/1995,0.2728314068930509,0.2772323863689795,0.2698979129830319,0.2742981314659118,10217600,0.0,0.0,-,0.3158827510476112,0.26493147552013396,0.2749972000718116,0.2763521254062652,6312256.0
03/16/1995,0.2698979889471328,0.278699189383082,0.2698979889471328,0.2757657170295715,3161600,0.0,0.0,-,0.31611432060599326,0.2647578233480454,0.2755116775631904,0.27665140926837917,6227456.0
03/15/1995,0.2728314922066167,0.2786991980902198,0.269897997379303,0.269897997379303,7158400,0.0,0.0,-,0.3163096660375595,0.2644380593299866,0.2760257795453071,0.27680393457412716,6251840.0
03/14/1995,0.2728313465964523,0.2816325426101684,0.2728313465964523,0.2816325426101684,4528000,0.0,0.0,-,0.3165054680407047,0.2639437651634216,0.2764683976769447,0.277543231844902,6256512.0
03/13/1995,0.2757656126029202,0.2816325774703995,0.272831380367279,0.272831380367279,3417600,0.0,0.0,-,0.3166371820867061,0.2635650509595871,0.276324288547039,0.2766711980104446,6293184.0
03/10/1995,0.2757657170295715,0.2816326841187473,0.2757657170295715,0.2757657170295715,2995200,0.0,0.0,-,0.3168038766086101,0.26336236000061036,0.2765472680330276,0.2759496122598648,6371456.0
03/09/1995,0.2816325668073892,0.2816325668073892,0.2757656021620415,0.2772323489189148,2566400,0.0,0.0,-,0.31695589944720265,0.26298422157764434,0.2764775916934013,0.2743507921695709,6388672.0
03/08/1995,0.2757657170295715,0.2816326841187473,0.2757657170295715,0.2757657170295715,2985600,0.0,0.0,-,0.3171294705569744,0.2625767505168915,0.2764805227518081,0.2734809845685959,6451840.0
03/07/1995,0.2845661788544126,0.2845661788544126,0.2728314836827981,0.2757657170295715,940800,0.0,0.0,-,0.3173537021875381,0.2623153728246689,0.2762648835778236,0.2737794488668442,6478656.0
03/06/1995,0.2845659852027893,0.2845659852027893,0.2757655293667967,0.2845659852027893,364800,0.001875,0.0,-,0.3175923746824264,0.2619956088066101,0.27590331137180324,0.27407791316509245,6543232.0
03/03/1995,0.2772909700870514,0.2831283146648987,0.2772909700870514,0.2772909700870514,5075200,0.0,0.0,-,0.31777260497212406,0.26161659955978395,0.27553956061601637,0.2736422747373581,6620352.0
03/02/1995,0.2772909700870514,0.2831283146648987,0.2772909700870514,0.2772909700870514,1472000,0.0,0.0,-,0.3180180931091308,0.26114958226680757,0.2752476587891578,0.27437194585800173,6586048.0
03/01/1995,0.2685342406103094,0.2831283146648987,0.2685342406103094,0.2772909700870514,6844800,0.0,0.0,-,0.3182780249416828,0.2607993131875992,0.2739341884851455,0.2752476245164871,6660928.0
02/28/1995,0.2685342184623547,0.2743722974377261,0.262696896635015,0.2729122042655945,2128000,0.0,0.0,-,0.3184946303069591,0.2602739250659943,0.2726207181811332,0.27539356350898736,6745344.0
02/27/1995,0.2597774666728414,0.2743722731085728,0.2568587948834464,0.2656155228614807,10947200,0.0,0.0,-,0.31884866461157796,0.26059500873088837,0.2713802114129066,0.2759773790836334,6746368.0
02/24/1995,0.2656155734266616,0.2714529181167059,0.2539401714365885,0.2597775161266327,8054400,0.0,0.0,-,0.3192536239326,0.2611203980445862,0.27043156996369355,0.27714492380619044,6565312.0
02/23/1995,0.2802096760791281,0.2831283487191048,0.2656156002691877,0.2685342729091644,6617600,0.0,0.0,-,0.31968777328729625,0.26164580285549166,0.2695559315383434,0.2786043912172317,6482816.0
02/22/1995,0.2831283692901086,0.2831283692901086,0.2772910235860363,0.2787503600120544,6435200,0.0,0.0,-,0.32006369724869727,0.2618209367990494,0.268388382345438,0.2794800609350204,6467520.0
02/21/1995,0.2743723730030661,0.2831283692901086,0.2743723730030661,0.2787503600120544,2886400,0.0,0.0,-,0.3203307740390301,0.2619668847322464,0.2668559677898884,0.27875031828880303,6395904.0
02/17/1995,0.2802096009254455,0.2860476795187168,0.2743722794801566,0.2802096009254455,17299200,0.0,0.0,-,0.3206267328560352,0.26217120528221133,0.2654695279896259,0.27772870957851403,6461440.0
02/16/1995,0.2860477748566969,0.2860477748566969,0.2831283671475785,0.2845876812934875,12668800,0.0,0.0,-,0.32098038390278816,0.2625798463821411,0.2637182123959064,0.27743684649467465,6128512.0
02/15/1995,0.2802096765039794,0.2860477566719055,0.2772910038595774,0.2860477566719055,19836800,0.0,0.0,-,0.32140601843595507,0.26301767587661745,0.26189393177628517,0.27612337172031404,5902720.0
02/14/1995,0.2802096964380725,0.2802096964380725,0.2743723730030661,0.2787503600120544,6080000,0.0,0.0,-,0.32193988889455794,0.2635430634021759,0.2598507083952427,0.272620752453804,5571840.0
02/13/1995,0.2802096964380725,0.2802096964380725,0.2743723730030661,0.2787503600120544,4326400,0.0,0.0,-,0.32251024633646014,0.26430778443813324,0.2586101956665516,0.2698478728532791,5502592.0
02/10/1995,0.280209642375975,0.280209642375975,0.2743723200671893,0.2772909700870514,2438400,0.0,0.0,-,0.32306616216897965,0.26495618999004367,0.25685888305306437,0.26678304374217987,5494656.0
02/09/1995,0.2772908388758323,0.2802095097836704,0.2714527844505223,0.2743721902370453,4656000,0.0,0.0,-,0.3235282802581787,0.26580827474594115,0.2552534990012646,0.2637182161211967,5477568.0
02/08/1995,0.2743723200671893,0.2772909700870514,0.271452912899233,0.2772909700870514,4963200,0.0,0.0,-,0.3240049922466278,0.2664860838651657,0.2537940539419651,0.2605074718594551,5447232.0
02/07/1995,0.2685342610389207,0.2743723409399297,0.2626969382860636,0.271452933549881,7731200,0.0,0.0,-,0.32438045978546143,0.26722183644771574,0.2521886698901653,0.25729670375585556,5462720.0
02/06/1995,0.2772910034391513,0.2860477562382026,0.2685342729091644,0.2685342729091644,13388800,0.0,0.0,-,0.3248573276400566,0.26789985835552216,0.2509481579065323,0.25496161729097366,5371840.0
02/03/1995,0.271452912899233,0.286047721832855,0.2685342406103094,0.2772909700870514,17801600,0.0,0.0,-,0.3253632292151451,0.26875258564949034,0.24978060871362687,0.25321034640073775,5202496.0
02/02/1995,0.2510215356321975,0.271452933549881,0.2481021282421487,0.271452933549881,13174400,0.0,0.0,-,0.3258253473043442,0.26954649448394774,0.24861306548118592,0.2499995782971382,4886336.0
02/01/1995,0.2510215640068054,0.2510215640068054,0.2422648106050031,0.2510215640068054,499200,0.0,0.0,-,0.3263744229078293,0.2703408485651016,0.2483211949467659,0.2476644918322563,4675648.0
01/31/1995,0.2510215640068054,0.2539402145786165,0.24518348344588,0.2510215640068054,3638400,0.0,0.0,-,0.3270834243297577,0.2716310691833496,0.24875899255275727,0.24708066433668135,4789952.0
01/30/1995,0.2422647252753182,0.2481020689010619,0.2422647252753182,0.248102068901062,316800,0.0,0.0,-,0.3277924257516861,0.272834050655365,0.2484670788049698,0.24737251847982406,4741632.0
01/27/1995,0.242264686852262,0.2510214357809745,0.242264686852262,0.2466426938772201,1084800,0.0,0.0,-,0.3284871417284012,0.2741535812616348,0.2491968169808388,0.2469347223639488,4767680.0
01/26/1995,0.2481020917837565,0.2481020917837565,0.2422647476196289,0.2422647476196289,886400,0.0,0.0,-,0.3292180375009775,0.275618631541729,0.24999952390789987,0.2467887818813324,4818560.0
01/25/1995,0.2481019595778499,0.2481019595778499,0.2422646185242618,0.2451832890510559,1033600,0.0,0.0,-,0.33001414947211744,0.27717124074697497,0.250729226320982,0.2470806360244751,4868736.0
01/24/1995,0.2510214755928466,0.2510214755928466,0.2451833970881901,0.248102068901062,3043200,0.0,0.0,-,0.33075956247746946,0.27866547912359235,0.25131300166249276,0.2470806360244751,4924864.0
01/23/1995,0.2481021562867569,0.2510215640068054,0.24518348344588,0.2510215640068054,1801600,0.0,0.0,-,0.3315409279614687,0.2803339931368828,0.25204273983836173,0.2469346985220909,4990592.0
01/20/1995,0.2451832890510559,0.2510213649832329,0.2422646185242618,0.2451832890510559,7196800,0.0,0.0,-,0.33230769596993925,0.28194411724805835,0.2524805374443531,0.24635087102651596,5064768.0
01/19/1995,0.2437240611817541,0.2510214755928466,0.2437240611817541,0.248102068901062,2758400,0.0,0.0,-,0.33303144715726374,0.28355467349290847,0.25350214913487434,0.2472265526652336,5075328.0
01/18/1995,0.2510213649832329,0.2568586837677729,0.2451832890510559,0.2451832890510559,7612800,0.0,0.0,-,0.33365395076572896,0.2851068541407585,0.25379405096173285,0.2489778980612755,5081600.0
01/17/1995,0.2422647064825642,0.2539401054382324,0.2422647064825642,0.2539401054382324,5129600,0.0,0.0,-,0.33417551331222056,0.28677557140588755,0.2545237623155117,0.2504373207688332,5067904.0
01/16/1995,0.242264771557085,0.2510215235474854,0.242264771557085,0.2437241077423095,6854400,0.0,0.0,-,0.33466773517429826,0.2882691523432731,0.25437783524394036,0.2495616391301155,5072640.0
01/13/1995,0.2422646185242618,0.2481019595778499,0.2422646185242618,0.2451832890510559,12704000,0.0,0.0,-,0.3352254787832499,0.29008338660001753,0.25663994923233985,0.2514589115977287,5076224.0
01/12/1995,0.2451832890510559,0.2510213649832329,0.2422646185242618,0.2451832890510559,9094400,0.0,0.0,-,0.33579036764800546,0.29169394284486766,0.25897503420710566,0.2532102659344673,4854656.0
01/11/1995,0.2481019595778499,0.2539400132409788,0.2451832890510559,0.2451832890510559,7244800,0.0,0.0,-,0.3363841422647238,0.2932463434338569,0.2610182575881481,0.25437781661748887,4729216.0
01/10/1995,0.2481020295522062,0.2539400848618922,0.242264686852262,0.2466426938772201,12800000,0.0,0.0,-,0.3369779168814421,0.29491506069898604,0.2626236416399479,0.2555453673005104,4621760.0
01/09/1995,0.2539400132409788,0.2568586837677729,0.2451832890510559,0.2451832890510559,12531200,0.0,0.0,-,0.3375788359344006,0.2965545898675918,0.26459389477968215,0.2571507811546326,4428352.0
01/06/1995,0.2656155043939006,0.2714528475668349,0.2539401054382324,0.2539401054382324,6220800,0.0,0.0,-,0.33814372479915616,0.298194226026535,0.2667830497026443,0.25861020386219025,4252736.0
01/05/1995,0.2568587948834464,0.2743722731085728,0.2568587948834464,0.2656155228614807,5977600,0.0,0.0,-,0.33862150326371193,0.29986229598522185,0.26911812722682954,0.25977774560451505,4175616.0
01/04/1995,0.2510215213606284,0.2597775161266327,0.2451834417915373,0.2597775161266327,4380800,0.0,0.0,-,0.33898313626647,0.3012387019395828,0.27116130888462064,0.25861020386219025,4104000.0
01/03/1995,0.2626967596999499,0.2626967596999499,0.2451832890510559,0.2451832890510559,7392000,0.0,0.0,-,0.3394317276775837,0.3027318680286407,0.2737882897257805,0.25861020386219025,4062592.0
12/30/1994,0.2626968324184418,0.2685341528188411,0.2597774262049226,0.2626968324184418,6361600,0.0,0.0,-,0.33996773362159727,0.3045750743150711,0.27737844586372373,0.2591940313577652,3939520.0
12/29/1994,0.2597774262049226,0.2685341528188411,0.253940083535469,0.2626968324184418,7331200,0.0,0.0,-,0.340445054769516,0.30603893280029293,0.27980213612318033,0.261820986866951,3874496.0
12/28/1994,0.2626968743616477,0.2626968743616477,0.253940124080538,0.2568587958812713,3856000,0.0,0.0,-,0.34096570312976837,0.3077645170688629,0.28266205489635465,0.26473980247974394,3751168.0
12/27/1994,0.2656155238933231,0.2656155238933231,0.2568587958812713,0.2568587958812713,5724800,0.0,0.0,-,0.3415155416727066,0.3096068620681762,0.2852322474122047,0.2676586985588073,3721344.0
12/23/1994,0.2626968324184418,0.2656154814841143,0.2568587548701958,0.2626968324184418,4326400,0.0,0.0,-,0.34209426164627077,0.31147829115390774,0.28809323757886884,0.26970191597938536,3908032.0
12/22/1994,0.2656155734266616,0.2656155734266616,0.2539401714365885,0.2597775161266327,4169600,0.0,0.0,-,0.34264379143714907,0.31314571797847746,0.29022609740495675,0.2720370084047318,3878208.0
12/21/1994,0.251021473573714,0.2656155228614807,0.251021473573714,0.2656155228614807,4220800,0.0,0.0,-,0.3432223622500896,0.3147552019357681,0.2927957534790039,0.27495589554309846,3822528.0
12/20/1994,0.2656155043939006,0.2656155043939006,0.2510214561208215,0.2539401054382324,3360000,0.0,0.0,-,0.34380062490701674,0.3162188452482223,0.2953642979264259,0.27845850884914397,3812096.0
12/19/1994,0.2568588437816105,0.2656155734266616,0.2510215213606284,0.2597775161266327,5216000,0.0,0.0,-,0.34433617055416105,0.31788691520690915,0.298225824534893,0.2837124139070511,3795648.0
12/16/1994,0.2772910225258431,0.2772910225258431,0.2510215640068054,0.2510215640068054,11065600,0.0,0.0,-,0.3448223090171814,0.3192637479305267,0.3010135784745216,0.2889663755893707,3742464.0
12/15/1994,0.2918850599573709,0.2918850599573709,0.2831283300061474,0.2889663875102997,2179200,0.0,0.0,-,0.345366622954607,0.320699383020401,0.30402103215456006,0.2955628603696823,3802176.0
12/14/1994,0.286047667349419,0.2918849885463714,0.2802095890045166,0.2918849885463714,1894400,0.0,0.0,-,0.3456924234330654,0.32172508955001833,0.30527664273977273,0.2977832853794098,3785088.0
12/13/1994,0.2802096765039794,0.2860477566719055,0.2743723534842397,0.2860477566719055,3929600,0.0,0.0,-,0.3459316550195217,0.32272150218486784,0.3066771537065506,0.30058430731296537,3874560.0
12/12/1994,0.288966371852717,0.288966371852717,0.2743723200671893,0.2772909700870514,5852800,0.0,0.0,-,0.34618567481637,0.3238637536764145,0.30836952626705166,0.3028057962656021,3866688.0
12/09/1994,0.2831283491483813,0.2889664070472432,0.2831283491483813,0.2860477566719055,2854400,0.0,0.0,-,0.3464978764951229,0.32512296855449674,0.31049973815679544,0.3064845591783524,3799616.0
12/08/1994,0.3006417899085945,0.3035604623556658,0.2831283300061474,0.2889663875102997,6163200,0.0,0.0,-,0.34675189629197123,0.32649786949157716,0.3127737388014793,0.3084151864051819,3757952.0
12/07/1994,0.3035603270682461,0.3093984042396113,0.300641655921936,0.300641655921936,652800,0.0,0.0,-,0.3470201142132282,0.32781439781188965,0.31490180790424344,0.31063561141490936,3642688.0
12/06/1994,0.3093985635455294,0.3123172139255676,0.3064791560173034,0.3064791560173034,1379200,0.0,0.0,-,0.3472443509101868,0.32883924841880796,0.3161552801728248,0.3122700870037079,3638080.0
12/05/1994,0.3181544767345622,0.3181544767345622,0.3093984833265211,0.3123171329498291,3292800,0.001563,0.0,-,0.34743940010666846,0.3297182703018188,0.31711687743663786,0.31273923516273494,3663680.0
12/02/1994,0.311170499112998,0.3169864118099212,0.311170499112998,0.3169864118099212,2617600,0.0,0.0,-,0.3476052594184875,0.33062594473361967,0.3179319784045219,0.3130607813596725,3630144.0
12/01/1994,0.3198952427169869,0.3198952427169869,0.308262702152161,0.3111706376075744,3929600,0.0,0.0,-,0.34781974911689756,0.33126573741436005,0.3185136154294014,0.31247920393943784,3725888.0
11/30/1994,0.3082626685838296,0.3198952078819275,0.3082626685838296,0.3198952078819275,1584000,0.0,0.0,-,0.34787617817521094,0.33208000838756563,0.3196768745779991,0.3127700001001358,3741504.0
11/29/1994,0.3140785382407458,0.3140785382407458,0.3082626461982727,0.3082626461982727,3139200,0.0,0.0,-,0.3479033787548542,0.3330687749385834,0.31996766924858094,0.3127700001001358,3819840.0
11/28/1994,0.3111706415351262,0.3140785992145538,0.3053540161823312,0.3140785992145538,5737600,0.0,0.0,-,0.34795995339751246,0.33434834837913513,0.3206947028636932,0.3139332562685012,3871808.0
11/25/1994,0.3111706545360178,0.3111706545360178,0.3024460711392771,0.3053540289402008,3187200,0.0,0.0,-,0.34797305300831793,0.33574425280094145,0.32142173051834105,0.3145149171352386,3772288.0
11/23/1994,0.3111706376075744,0.3111706376075744,0.3024460546854723,0.3111706376075744,4921600,0.0,0.0,-,0.34801537737250327,0.3371983313560486,0.32258498668670654,0.31713229119777675,3728320.0
11/22/1994,0.3140784554614596,0.3169864118099212,0.3082625649518368,0.3169864118099212,1993600,0.0,0.0,-,0.3480286186933517,0.3386523950099945,0.32338470965623856,0.3191680043935775,3695488.0
11/21/1994,0.3111706376075744,0.3198952427169869,0.3111706376075744,0.3111706376075744,2640000,0.0,0.0,-,0.34801278114318845,0.34022279739379885,0.32440256923437116,0.32004047334194186,3817984.0
11/18/1994,0.3111706581669217,0.3169865738366323,0.3111706581669217,0.3155325949192047,6214400,0.0,0.0,-,0.3480836045742035,0.34144421100616457,0.3255658283829689,0.32149451971054077,3904128.0
11/17/1994,0.3140785952502982,0.3198952427169869,0.3111706376075744,0.3111706376075744,1222400,0.0,0.0,-,0.3481326182186604,0.3425783854722977,0.32651098966598513,0.3228031754493713,3986688.0
11/16/1994,0.3140785992145538,0.3198952467546594,0.3140785992145538,0.3140785992145538,1619200,0.0,0.0,-,0.3481026758253574,0.3437416434288025,0.3278196379542351,0.3245480269193649,4027584.0
11/15/1994,0.321349186544958,0.3257111003467417,0.3111706037225827,0.3198952078819275,3628800,0.0,0.0,-,0.34805819362401963,0.3447885811328888,0.32891019582748415,0.3265837490558624,4091200.0
11/14/1994,0.3228031430206806,0.3257111003467417,0.3169865183747049,0.3198952078819275,3395200,0.0,0.0,-,0.34798462837934496,0.34577734768390656,0.3303642377257347,0.32716533839702605,4057536.0
11/11/1994,0.3286190576728028,0.3373436396448396,0.3198952078819275,0.3198952078819275,3840000,0.0,0.0,-,0.34791106313467024,0.34670795321464537,0.3318182796239853,0.3274561494588852,4020928.0
11/10/1994,0.3344357049006862,0.3373436624230996,0.3315277695655823,0.3315277695655823,6329600,0.0,0.0,-,0.3478518928587437,0.3474989491701126,0.33334503173828123,0.3283285439014435,4127232.0
11/09/1994,0.3286190798619579,0.3344357049006862,0.3286190798619579,0.3315277695655823,5510400,0.0,0.0,-,0.3476769781112671,0.3484051549434662,0.33407205194234846,0.3280376821756363,4036416.0
11/08/1994,0.3228031439590495,0.3315277481437562,0.3228031439590495,0.3257111012935638,7724800,0.0,0.0,-,0.3475020633637905,0.3493693333864212,0.33450824916362765,0.32760141491889955,3976448.0
11/07/1994,0.3257111012935638,0.3315277481437562,0.3198952088118432,0.3257111012935638,3072000,0.0,0.0,-,0.347356231957674,0.35039187252521514,0.335162578523159,0.3287646651268005,3864256.0
11/04/1994,0.322803235980539,0.3286191523075104,0.322803235980539,0.3286191523075104,6928000,0.0,0.0,-,0.34723919034004214,0.35135642528533934,0.33574420362710955,0.32963713705539704,3894080.0
11/03/1994,0.3344357786285398,0.3344357786285398,0.322803235980539,0.3286191523075104,5366400,0.0,0.0,-,0.34715079456567766,0.3520889037847519,0.33574420362710955,0.3302188038825989,3811968.0
11/02/1994,0.3344358205795288,0.3373437791077832,0.3286191935288727,0.3344358205795288,7033600,0.0,0.0,-,0.34707679331302643,0.3529663109779358,0.3354534119367599,0.33109124898910525,3756544.0
11/01/1994,0.3286190586280781,0.3286190586280781,0.3198952088118432,0.3257111012935638,1625600,0.0,0.0,-,0.34693052500486377,0.3536404281854629,0.3357442066073418,0.33123664259910585,3647104.0
10/31/1994,0.334435864122211,0.334435864122211,0.3228033185005188,0.3228033185005188,2822400,0.0,0.0,-,0.34684227526187894,0.3544890397787093,0.336543932557106,0.33356313705444335,3672320.0
10/28/1994,0.3315278426523685,0.3402516949555113,0.3257111941440246,0.3286191523075104,1872000,0.0,0.0,-,0.34681175127625463,0.3553958070278167,0.33756178319454194,0.33618040978908537,3684096.0
10/27/1994,0.3315278426523685,0.3344357786285398,0.3257111941440246,0.3286191523075104,3129600,0.0,0.0,-,0.34670896127820017,0.3562732142210006,0.3381434112787246,0.338361519575119,3792384.0
10/26/1994,0.3373436581929275,0.3402516156788762,0.3257111182552404,0.3271650969982147,3750400,0.0,0.0,-,0.3465773794054985,0.35700569272041316,0.33945209383964536,0.3401064217090607,3780352.0
10/25/1994,0.3257110653252437,0.340251560385962,0.3257110653252437,0.3373436033725738,2364800,0.0,0.0,-,0.34643867298960684,0.3577092665433883,0.34083347916603085,0.3414150834083557,3728704.0
10/24/1994,0.3315278842385915,0.3344358205795288,0.3286191935288727,0.3344358205795288,2396800,0.0,0.0,-,0.34622028559446333,0.35826725602149956,0.34156050831079476,0.3415604919195175,3820096.0
10/21/1994,0.3315278842385915,0.3373437791077832,0.3286191935288727,0.3344358205795288,2310400,0.0,0.0,-,0.34600203827023507,0.35894137322902675,0.3423602297902107,0.341851270198822,3867968.0
10/20/1994,0.340251560385962,0.340251560385962,0.3315277115331029,0.3373436033725738,1238400,0.0,0.0,-,0.3457981897890568,0.35926763117313376,0.3435234814882278,0.34126960337162016,3861824.0
10/19/1994,0.3489762783691199,0.3489762783691199,0.3344357776022539,0.3358897566795349,3110400,0.0,0.0,-,0.34559419587254525,0.3597966212034225,0.3441051036119461,0.33981557488441466,3901824.0
10/18/1994,0.3431601556002476,0.3518840020639345,0.3431601556002476,0.3489760458469391,1164800,0.0,0.0,-,0.3454118661582469,0.3600938004255294,0.34490482509136194,0.3402517706155777,3860800.0
10/17/1994,0.3489760458469391,0.3518840020639345,0.3431601556002476,0.3489760458469391,2364800,0.0,0.0,-,0.34517849981784815,0.36024521231651296,0.3459226995706558,0.3395247280597687,3874304.0
10/14/1994,0.3431603771197536,0.351884229214928,0.3431603771197536,0.3504302501678467,15059200,0.0,0.0,-,0.34493073865771284,0.3601647216081619,0.34708596318960183,0.33894315659999846,3836352.0
10/13/1994,0.3460681736469269,0.3489761305699039,0.3373435928842405,0.3460681736469269,2835200,0.0,0.0,-,0.34467570647597306,0.36017109096050254,0.34875814169645303,0.3379253029823303,3561728.0
10/12/1994,0.3373437556649914,0.3431604044987523,0.3373437556649914,0.3402517139911651,1385600,0.0,0.0,-,0.34442808970808975,0.3601487576961517,0.35035763084888455,0.3387977659702301,3524032.0
10/11/1994,0.3373437095199937,0.3489762512275797,0.3373437095199937,0.3387976884841919,3699200,0.0,0.0,-,0.344267136901617,0.36030072510242456,0.3525387361645698,0.34025187492370607,3543488.0
10/10/1994,0.3257110653252437,0.3431602495804331,0.3257110653252437,0.3373436033725738,2537600,0.0,0.0,-,0.3441134542226791,0.3604817730188369,0.3553741782903671,0.34156052470207215,3494592.0
10/07/1994,0.3198953000043676,0.3315278426523685,0.3198953000043676,0.3286191523075104,2556800,0.0,0.0,-,0.34398143619298926,0.3607498753070831,0.3571190640330314,0.34286918938159944,3481280.0
10/06/1994,0.3402517819359373,0.3431604730243601,0.3140787317856897,0.3228033185005188,14051200,0.0,0.0,-,0.34390743494033804,0.36113449394702907,0.35930017232894895,0.3457773596048355,3479168.0
10/05/1994,0.3460683406376104,0.3460683406376104,0.3402517139911651,0.3402517139911651,1324800,0.0,0.0,-,0.34380493223667136,0.36163542926311487,0.3616266831755638,0.34839463233947754,3298688.0
10/04/1994,0.3431603536049143,0.3489762472073958,0.3417056202888489,0.3417056202888489,6368000,0.0,0.0,-,0.34403265580534925,0.36178739666938775,0.36293537169694895,0.3495578795671463,3342144.0
10/03/1994,0.3402516413625262,0.3489762244728336,0.3373436836570725,0.343160331249237,3536000,0.0,0.0,-,0.34420992314815513,0.361910285949707,0.3643167674541473,0.35232067108154297,3222464.0
09/30/1994,0.3518842572899579,0.3518842572899579,0.3402517139911651,0.3402517139911651,2499200,0.0,0.0,-,0.34443749815225594,0.3620620536804198,0.36548002511262895,0.3552287697792053,3206144.0
09/29/1994,0.3577007384823111,0.3577007384823111,0.3489761570574232,0.3547928035259247,771200,0.0,0.0,-,0.34470840483903875,0.3621560496091842,0.3664396896958351,0.35959098041057586,3206528.0
09/28/1994,0.3547928035259247,0.3547928035259247,0.3489761570574232,0.3547928035259247,400000,0.0,0.0,-,0.3448922118544578,0.3620171952247619,0.3675419524312019,0.36191749572753906,3235776.0
09/27/1994,0.3489762285286031,0.3518841862678528,0.3489762285286031,0.3518841862678528,422400,0.0,0.0,-,0.3450472299754619,0.3618783408403396,0.36878914684057235,0.36482559740543363,3263168.0
09/26/1994,0.3489762711207653,0.351884229214928,0.3460683130266025,0.3504302501678467,2659200,0.0,0.0,-,0.34521679118275633,0.36202955722808833,0.3700368404388428,0.3691878318786621,3304960.0
09/23/1994,0.348976270284255,0.3577008545398712,0.348976270284255,0.3577008545398712,1616000,0.0,0.0,-,0.34543680518865577,0.36220985233783715,0.3712122648954391,0.3713689386844635,3348352.0
09/22/1994,0.3518840020639345,0.3547926904618123,0.3460680896299436,0.3489760458469391,7404800,0.0,0.0,-,0.34564925879240027,0.3622447353601455,0.3715893760323524,0.37282298505306244,3455488.0
09/21/1994,0.3635167272188062,0.3722413104305099,0.3460682707893533,0.3518841862678528,4710400,0.0,0.0,-,0.3459629182517528,0.3622222161293029,0.37276504933834076,0.37485873401165004,3323712.0
09/20/1994,0.3722414946108866,0.3780581229613346,0.3635169070823675,0.3693335354328155,5500800,0.0,0.0,-,0.3462332431972026,0.3620835626125335,0.3735779240727425,0.37631286382675166,3240576.0
09/19/1994,0.3838738594204187,0.3838738594204187,0.3722413182258606,0.3722413182258606,5737600,0.0,0.0,-,0.34641632139682765,0.36147996783256525,0.373518331348896,0.37631286382675166,3184960.0
09/16/1994,0.3751492377994674,0.3838738203048706,0.3751492377994674,0.3838738203048706,761600,0.0,0.0,-,0.3465848606824874,0.3611080998182296,0.37331334948539735,0.37573128044605253,3145216.0
09/15/1994,0.3780579566955566,0.3838738724939223,0.3751492888023802,0.3780579566955566,988800,0.0,0.0,-,0.34669523745775216,0.36061952352523796,0.37274413406848905,0.37328839898109434,3283840.0
09/14/1994,0.3955063603141091,0.3955063603141091,0.3780579052971998,0.3838738203048706,3280000,0.0,0.0,-,0.34686348736286154,0.3601313227415084,0.3721033900976181,0.37316640913486476,3334208.0
09/13/1994,0.3780580684531153,0.3955065310001373,0.3722414409413057,0.3955065310001373,8118400,0.0,0.0,-,0.34701705157756796,0.35946882069110864,0.3710268884897232,0.372752696275711,3316480.0
09/12/1994,0.3693333604257134,0.3780579438201243,0.3693333604257134,0.3722413182258606,6947200,0.0,0.0,-,0.34705487072467794,0.35834176599979395,0.3695137158036232,0.37088584899902344,3164864.0
09/09/1994,0.3664254248128777,0.3751492760260078,0.3664254248128777,0.3722413182258606,10342400,0.0,0.0,-,0.34722341001033774,0.3576800155639648,0.36930873394012453,0.3710555911064148,3068672.0
09/08/1994,0.3693335354328155,0.3693335354328155,0.3664255984420665,0.3693335354328155,3267200,0.0,0.0,-,0.34739194929599754,0.35690232336521144,0.36823410391807554,0.37035576701164247,2918656.0
09/07/1994,0.3693334205047351,0.3722413787779163,0.3635167939642877,0.366425484418869,4800000,0.0,0.0,-,0.3474022841453552,0.3560668277740478,0.36795708239078523,0.3706713646650314,2916800.0
09/06/1994,0.3577009887262253,0.3722414946108866,0.3577009887262253,0.3693335354328155,1945600,0.0,0.0,-,0.3474559521675109,0.3551735526323318,0.36717324405908586,0.3708429843187332,2897536.0
09/02/1994,0.3606088356911064,0.3693334205047351,0.3606088356911064,0.366425484418869,1564800,0.001563,0.0,-,0.34746628701686855,0.3541061520576476,0.366533899307251,0.37072379887104034,2921344.0
09/01/1994,0.3681414327177721,0.3710400058377173,0.3565464325353434,0.3594450056552887,9155200,0.0,0.0,-,0.34757753625512117,0.35318388879299156,0.3654602006077766,0.3708954185247421,3117504.0
08/31/1994,0.3739387758838284,0.3797366328796733,0.3739387758838284,0.3768380582332611,1788800,0.0,0.0,-,0.3477812691032886,0.3523432457447051,0.3650253862142563,0.37219986915588377,3153408.0
08/30/1994,0.3710402587237135,0.3797366917133331,0.3710402587237135,0.3797366917133331,2512000,0.0,0.0,-,0.34792682468891134,0.35100981593132013,0.36343105882406235,0.3710403710603714,3252416.0
08/29/1994,0.368141626591004,0.3797366328796733,0.368141626591004,0.3768380582332611,2115200,0.0,0.0,-,0.3479859122633933,0.349908286333084,0.3618367284536362,0.36930108070373535,3233280.0
08/26/1994,0.3710401649369421,0.3768380213655575,0.3681415905741101,0.3739387392997741,4563200,0.0,0.0,-,0.3481026798486709,0.3488647294044494,0.36038732975721355,0.36814158260822294,3243584.0
08/25/1994,0.3739387791782643,0.3739387791782643,0.3652430772781372,0.3652430772781372,2822400,0.0,0.0,-,0.34819075718522063,0.3479951137304306,0.3592278286814689,0.3675618767738342,3170176.0
08/24/1994,0.3710402245524305,0.3739387993809801,0.365243097011052,0.3724895119667053,2595200,0.0,0.0,-,0.3482935239374637,0.3474443411827087,0.35835817903280254,0.3661124408245086,3144576.0
08/23/1994,0.3681416809558868,0.3710402560303426,0.3652431279971537,0.3681416809558868,1561600,0.0,0.0,-,0.34846082225441927,0.34660371005535123,0.35712620764970776,0.365242800116539,3131200.0
08/22/1994,0.3710402560303426,0.3710402560303426,0.3623438231038502,0.3681416809558868,2886400,0.0,0.0,-,0.34859227910637847,0.3457108807563782,0.3561116278171539,0.3635035037994384,3140352.0
08/19/1994,0.3739388311047984,0.3739388311047984,0.3623438231038502,0.3681416809558868,3411200,0.0,0.0,-,0.3487093417346477,0.34478916943073273,0.3550970479846,0.36234399974346154,3126144.0
08/18/1994,0.365243097011052,0.3739387993809801,0.365243097011052,0.3724895119667053,7286400,0.0,0.0,-,0.34869684740900986,0.3438963401317596,0.3542273998260498,0.3600249826908111,3077888.0
08/17/1994,0.3623437727874419,0.369590917170341,0.3594451981154931,0.3652430772781372,2528000,0.0,0.0,-,0.34864821910858146,0.3428587907552719,0.3528504997491836,0.35785090327262875,2965888.0
08/16/1994,0.3681416454396648,0.3681416454396648,0.3594452133521549,0.3623437881469726,1168000,0.0,0.0,-,0.34865021780133243,0.34196617007255553,0.3519808501005172,0.35582174658775323,2990784.0
08/15/1994,0.3710402045063154,0.37683806155324,0.3594451981154931,0.3652430772781372,6934400,0.0,0.0,-,0.3486379206180572,0.34124706625938417,0.35125616490840905,0.354372376203537,3000320.0
08/12/1994,0.350748815102902,0.3681416809558868,0.350748815102902,0.3681416809558868,4790400,0.0,0.0,-,0.34859673127532,0.34046997666358947,0.35096626132726666,0.3526330769062042,2980672.0
08/11/1994,0.3594451482984802,0.3681415788120788,0.3507487177848816,0.3507487177848816,2003200,0.0,0.0,-,0.34846907272934907,0.3395193839073181,0.35053142756223676,0.3508937805891037,3027520.0
08/10/1994,0.3565466889906831,0.3681416975131187,0.3536481359015871,0.3637931048870086,3238400,0.0,0.0,-,0.3483995877206325,0.33880110561847687,0.3509662419557571,0.3506039172410965,3078656.0
08/09/1994,0.3565465740282569,0.3565465740282569,0.3507487177848816,0.3507487177848816,1059200,0.0,0.0,-,0.34825048580765716,0.33770641148090363,0.35016909092664716,0.3490096151828766,3279104.0
08/08/1994,0.3449516334539929,0.3565466403961181,0.3449516334539929,0.3565466403961181,1840000,0.0,0.0,-,0.348137816786766,0.3368509441614151,0.34987923055887216,0.34871975183486936,3301056.0
08/05/1994,0.3478500842053919,0.3478500842053919,0.3449515104293823,0.3449515104293823,467200,0.0,0.0,-,0.3479961581528186,0.3358434170484543,0.3490095883607864,0.3478500962257385,3471040.0
08/04/1994,0.3536480218737501,0.3565465740282569,0.3507487177848816,0.3507487177848816,1328000,0.0,0.0,-,0.3478980772197246,0.3350677925348282,0.3494444087147712,0.3484298169612884,3652480.0
08/03/1994,0.3449515104293823,0.3507486579814015,0.3449515104293823,0.3449515104293823,950400,0.0,0.0,-,0.3477854081988334,0.33429174959659574,0.34987922310829156,0.3478500962257385,3693056.0
08/02/1994,0.3478500843048095,0.3507486580816475,0.3478500843048095,0.3478500843048095,2358400,0.0,0.0,-,0.3477017252147197,0.3338049602508545,0.3503140434622764,0.3481399536132812,3750016.0
08/01/1994,0.3478500843048095,0.3507486580816475,0.3478500843048095,0.3478500843048095,1254400,0.0,0.0,-,0.3475747570395469,0.33331796288490295,0.35045897513628005,0.3481399536132812,3829056.0
07/29/1994,0.3478501435146582,0.3507487177848816,0.3478501435146582,0.3507487177848816,1872000,0.0,0.0,-,0.34746218323707573,0.3327732020616531,0.3500241607427597,0.3492994457483291,3917440.0
07/28/1994,0.3478500843048095,0.3507486580816475,0.3478500843048095,0.3478500843048095,2451200,0.0,0.0,-,0.3473063275218009,0.3322859996557236,0.34944441467523574,0.35016907453536983,3960704.0
07/27/1994,0.3478500843048095,0.3507486580816475,0.3478500843048095,0.3478500843048095,5027200,0.0,0.0,-,0.3471361716091632,0.3319145447015762,0.3487197458744049,0.35132856667041773,4136512.0
07/26/1994,0.3478500843048095,0.3507486580816475,0.3478500843048095,0.3478500843048095,3497600,0.0,0.0,-,0.34702359780669206,0.33136978387832644,0.34770517945289614,0.35132856667041773,4169408.0
07/25/1994,0.3478500843048095,0.3507486580816475,0.3478500843048095,0.3478500843048095,384000,0.0,0.0,-,0.34689662963151924,0.33128716349601744,0.3464007616043091,0.35103870928287506,4186304.0
07/22/1994,0.3507487177848816,0.3507487177848816,0.3449515692444349,0.3507487177848816,2720000,0.0,0.0,-,0.3467840558290481,0.33126230955123903,0.344806432723999,0.35016908049583434,4463552.0
07/21/1994,0.3507486579814015,0.3507486579814015,0.3449515104293823,0.3449515104293823,2518400,0.0,0.0,-,0.34665698885917656,0.3311794829368591,0.3432846128940582,0.35045900046825407,4553152.0
07/20/1994,0.3449515105279715,0.3507486580816475,0.3420529588668463,0.3478500843048095,2233600,0.0,0.0,-,0.34651572391390795,0.3311548340320587,0.34190768003463745,0.35190834999084475,4699008.0
07/19/1994,0.3594450871149699,0.3594450871149699,0.3478500843048095,0.3478500843048095,1769600,0.0,0.0,-,0.3463887557387351,0.3308411467075348,0.3400235041975975,0.35248813331127166,4711360.0
07/18/1994,0.3594450056552887,0.3594450056552887,0.353647881531106,0.3594450056552887,2512000,0.0,0.0,-,0.3462617875635623,0.33064298748970034,0.3388640105724335,0.3527779966592789,4808128.0
07/15/1994,0.353647881531106,0.3594450056552887,0.353647881531106,0.3594450056552887,4828800,0.0,0.0,-,0.34606245040893546,0.3304728835821152,0.33712477087974546,0.35074887573719027,4853184.0
07/14/1994,0.3449514323529148,0.3608942922152612,0.3449514323529148,0.3594450056552887,6972800,0.0,0.0,-,0.3458487179875373,0.33067827522754667,0.3356754183769226,0.34871975481510165,4879424.0
07/13/1994,0.3449515105279715,0.3507486580816475,0.3449515105279715,0.3478500843048095,816000,0.0,0.0,-,0.34567816957831377,0.33134581208229064,0.3345883905887604,0.34611092507839203,4829888.0
07/12/1994,0.3420529587690855,0.3507486579814015,0.3391536551745551,0.3449515104293823,553600,0.0,0.0,-,0.34560878276824947,0.3322452473640442,0.33371878415346146,0.34408179223537444,4965440.0
07/11/1994,0.3507488040706479,0.356546661740322,0.3391537964344024,0.3391537964344024,2720000,0.0,0.0,-,0.34559707507491105,0.33314488768577577,0.33264621943235395,0.34176281392574304,5225536.0
07/08/1994,0.353647917509079,0.3623436156378539,0.3507486142758208,0.353647917509079,3750400,0.0,0.0,-,0.3455999626219272,0.333756103515625,0.33179133534431454,0.33944378495216365,5248448.0
07/07/1994,0.3594450056552887,0.3681414327177721,0.3521978430370701,0.3594450056552887,7692800,0.0,0.0,-,0.3454871924221515,0.33407743692398073,0.3302839502692222,0.33611022531986234,5236160.0
07/06/1994,0.353647917509079,0.3594450422230256,0.3478500408609925,0.353647917509079,3507200,0.0,0.0,-,0.34524466738104814,0.33393622636795045,0.32834230214357374,0.33190701007843015,5145408.0
07/05/1994,0.333356564460613,0.3507487177848816,0.333356564460613,0.3507487177848816,2393600,0.0,0.0,-,0.34504552230238905,0.33419979810714723,0.3266905084252357,0.3275588750839233,5214400.0
07/01/1994,0.3333566464678312,0.3391537964344024,0.3333566464678312,0.3391537964344024,537600,0.0,0.0,-,0.344860873222351,0.33457911550998687,0.3254725024104118,0.324950024485588,5286272.0
06/30/1994,0.3391537964344024,0.3391537964344024,0.3333566464678312,0.3391537964344024,2137600,0.0,0.0,-,0.34470541000366206,0.3351903313398361,0.3248342424631118,0.32350066602230065,5524032.0
06/29/1994,0.3246602740224959,0.3391538593298345,0.3246602740224959,0.3333567082881927,2841600,0.0,0.0,-,0.3445787355303764,0.3360326164960861,0.3239071547985076,0.32263108193874357,5809472.0
06/28/1994,0.3188630539145195,0.3275587558746338,0.3188630539145195,0.3275587558746338,3174400,0.0,0.0,-,0.3444666519761085,0.337221919298172,0.32298105955123896,0.32306585609912875,5798080.0
06/27/1994,0.3130652922881298,0.3217617273330688,0.3130652922881298,0.3217617273330688,3836800,0.0,0.0,-,0.3444123508036136,0.33852718114852903,0.3220560416579246,0.3233557760715485,5840384.0
06/24/1994,0.3188628089822252,0.3217613593319484,0.3130649342331824,0.3159635066986084,3136000,0.0,0.0,-,0.34438703477382654,0.3398328518867493,0.3213667228817939,0.32352962493896487,5816320.0
06/23/1994,0.3217615863254908,0.3217615863254908,0.3159637296019296,0.3203123211860657,11372800,0.0,0.0,-,0.34434752300381655,0.34137001872062683,0.3208770617842674,0.32413888573646543,5974912.0
06/22/1994,0.3130650155294898,0.3217614428865325,0.3101664423113662,0.3174128532409668,10950400,0.0,0.0,-,0.3443294540047645,0.34299351513385773,0.32016995996236797,0.32445767521858215,5857408.0
06/21/1994,0.324660147210153,0.324660147210153,0.3101665675640106,0.3101665675640106,6739200,0.0,0.0,-,0.34432588234543793,0.34453057587146757,0.31989664584398264,0.3247775942087173,5864704.0
06/20/1994,0.3217616368362184,0.3246602118015289,0.3188630839866297,0.3246602118015289,1555200,0.0,0.0,-,0.34430096030235285,0.3464147478342056,0.32041891962289804,0.32582214176654817,6046784.0
06/17/1994,0.3304580915509701,0.3391537943311797,0.3246602118015289,0.3246602118015289,2630400,0.0,0.0,-,0.3442467537522315,0.3480090469121933,0.32036091983318327,0.3259949803352356,6577856.0
06/16/1994,0.3391536548015844,0.3391536548015844,0.3304579555988312,0.3304579555988312,892800,0.0,0.0,-,0.3442213405668735,0.34931451320648194,0.3201585114002227,0.32616781890392305,6784384.0
06/15/1994,0.3304580358166538,0.3391537371302657,0.3304580358166538,0.337704449892044,1542400,0.0,0.0,-,0.3441669386625289,0.35015740990638733,0.31995504349470133,0.3251832276582718,6876672.0
06/14/1994,0.3275586520074892,0.3362550810287624,0.3246600782346672,0.3304579555988312,1926400,0.001563,0.0,-,0.3440763042867183,0.35039323687553403,0.3195336878299713,0.3228962630033493,6946752.0
06/13/1994,0.3220561067611568,0.3263884344993845,0.3206119975150809,0.3235002160072326,2019200,0.0,0.0,-,0.34397871449589723,0.3508317673206329,0.31904139220714567,0.3207563072443008,7055808.0
06/10/1994,0.3263884425182813,0.3263884425182813,0.3206120053920589,0.3220561146736145,2176000,0.0,0.0,-,0.3439015191793441,0.35146721959114074,0.32005233466625216,0.3192038208246231,7203904.0
06/09/1994,0.3206119975150809,0.3263884344993845,0.3206119975150809,0.3235002160072326,998400,0.0,0.0,-,0.34386033311486236,0.35218931853771207,0.3212798982858658,0.3176152378320694,7252864.0
06/08/1994,0.3263884809486841,0.3263884809486841,0.3206120431423187,0.3206120431423187,1686400,0.0,0.0,-,0.3438263246417045,0.3529980784654617,0.32243525683879853,0.3158822447061539,7297216.0
06/07/1994,0.3206120431423187,0.3263884809486841,0.3206120431423187,0.3206120431423187,3772800,0.0,0.0,-,0.34376357018947595,0.35386460185050966,0.3235906079411507,0.31501569747924807,7304512.0
06/06/1994,0.3263885974884033,0.3263885974884033,0.3206121576195128,0.3263885974884033,1644800,0.0,0.0,-,0.3436864207684993,0.35478889107704165,0.3241682916879654,0.31501569747924807,7406144.0
06/03/1994,0.3235003775539581,0.3263885974884033,0.317723959721782,0.3263885974884033,5952000,0.0,0.0,-,0.3436379703879356,0.3554243403673172,0.3247459679841995,0.314726859331131,7483584.0
06/02/1994,0.3148349001613448,0.3263884809486841,0.3061702654885032,0.3206120431423187,7132800,0.0,0.0,-,0.3435319381952285,0.35588648438453674,0.3259735286235809,0.3141492038965225,7680256.0
06/01/1994,0.3119465853278261,0.3148348033428192,0.3032812261084552,0.3148348033428192,4560000,0.0,0.0,-,0.34348357796669,0.35623308598995207,0.3284286558628082,0.314726859331131,7699136.0
05/31/1994,0.3090583980083465,0.3090583980083465,0.3032812562301861,0.3090583980083465,13260800,0.0,0.0,-,0.34349289655685417,0.35692630589008334,0.3323280081152916,0.3161711126565933,7807104.0
05/27/1994,0.3061704124598973,0.3090586107127992,0.3032814649586142,0.3079753518104553,2156800,0.0,0.0,-,0.34361746817827216,0.35779282748699187,0.3365161806344986,0.3173264771699905,7734336.0
05/26/1994,0.3061702847480774,0.3090584817962349,0.303281338451851,0.3061702847480774,10339200,0.0,0.0,-,0.3436754792928695,0.3587965416908264,0.3406140893697739,0.32090084850788114,7725184.0
05/25/1994,0.3119467008811004,0.3177238662621922,0.3018372289094183,0.3061702847480774,9539200,0.0,0.0,-,0.34372812047600737,0.3600096660852432,0.3437913045287132,0.3249445587396621,7670272.0
05/24/1994,0.3177237338466436,0.3177237338466436,0.3119465708732605,0.3119465708732605,3356800,0.0,0.0,-,0.34372317984700196,0.36122279047966005,0.3469685196876526,0.3289882689714431,7597056.0
05/23/1994,0.3235002620455014,0.3235002620455014,0.3148349001613448,0.3206120431423187,3798400,0.0,0.0,-,0.3437037527561187,0.36243591487407684,0.3489904150366783,0.33216551840305325,7570688.0
05/20/1994,0.3263884344993845,0.3263884344993845,0.3177238010596325,0.3235002160072326,6310400,0.0,0.0,-,0.34364099830389017,0.3634757298231125,0.3513011381030083,0.3333208858966827,7571072.0
05/19/1994,0.3206120431423187,0.3263884809486841,0.3206120431423187,0.3206120431423187,5673600,0.0,0.0,-,0.3435350111126899,0.36451555907726285,0.35361185669898987,0.33476507663726807,7532416.0
05/18/1994,0.3263885974884033,0.3321657425321542,0.3206121576195128,0.3263885974884033,4035200,0.0,0.0,-,0.34347225666046133,0.36572867929935454,0.3560669839382172,0.33779785335063933,7565824.0
05/17/1994,0.3206119550573085,0.3292773365974426,0.3206119550573085,0.3292773365974426,11241600,0.0,0.0,-,0.3434238062798976,0.36642189204692843,0.3588109567761421,0.3421304523944855,7524288.0
05/16/1994,0.3523845886378606,0.3523845886378606,0.3206120431423187,0.3206120431423187,6672000,0.0,0.0,-,0.34336091220378867,0.3669764494895935,0.3619881823658943,0.34848490357398987,7415872.0
05/13/1994,0.3437190651893616,0.3466072829201153,0.3408308694953054,0.3437190651893616,4342400,0.0,0.0,-,0.34334134459495536,0.3677618956565857,0.36559867262840273,0.35570588409900666,7523136.0
05/12/1994,0.3466073870658874,0.3523845514742902,0.3437191684673052,0.3466073870658874,14246400,0.0,0.0,-,0.3431918437778949,0.3679700440168381,0.3677649825811386,0.3603273302316666,7544320.0
05/11/1994,0.3494956056644696,0.3523845514742902,0.3437191684673052,0.3466073870658874,7200000,0.0,0.0,-,NaN,0.36783252239227293,0.37007570564746856,0.3626380503177643,7338816.0
05/10/1994,0.3379419245535318,0.3466072829201153,0.3292772933979682,0.3437190651893616,9811200,0.0,0.0,-,NaN,0.3676374089717865,0.37281969338655474,0.364948770403862,7283200.0
05/09/1994,0.337942157522251,0.337942157522251,0.3263885734601671,0.3321657180786133,2851200,0.0,0.0,-,NaN,0.3675576537847519,0.37534703463315966,0.36581531167030334,7147904.0
05/06/1994,0.3437192674484335,0.3552728503443915,0.3350539039827807,0.3379421234130859,6608000,0.0,0.0,-,NaN,0.3676513737440109,0.3789575070142746,0.3692813903093338,7227072.0
05/05/1994,0.3639382527386111,0.3697146698306179,0.3494957225305635,0.3509398102760315,4764800,0.0,0.0,-,NaN,0.3677447307109833,0.38227915912866595,0.37245863676071167,7129728.0
05/04/1994,0.3928217496722936,0.3957099685968188,0.3697145879268646,0.3697145879268646,6140800,0.0,0.0,-,NaN,0.36763571441173554,0.3842288449406624,0.37433611452579496,7076608.0
05/03/1994,0.3928218483924866,0.3957100680428512,0.3928218483924866,0.3928218483924866,4496000,0.0,0.0,-,NaN,0.36715120255947115,0.3843732550740242,0.37549146115779874,7038976.0
05/02/1994,0.3899336287421219,0.3957100680428512,0.3899336287421219,0.3928218483924866,7593600,0.0,0.0,-,NaN,0.3662045454978943,0.3822069525718689,0.37549146115779874,7126208.0
04/29/1994,0.3697145839144857,0.3899335265159607,0.3697145839144857,0.3899335265159607,13558400,0.0,0.0,-,NaN,0.3655457955598831,0.38018508404493334,0.37549146115779874,7298944.0
04/28/1994,0.3668263690023394,0.3697145879268646,0.3668263690023394,0.3697145879268646,3865600,0.0,0.0,-,NaN,0.36419625401496886,0.37845204919576647,0.3752026349306107,7081216.0
04/26/1994,0.3523845912418064,0.3697145879268646,0.3523845912418064,0.3697145879268646,3136000,0.0,0.0,-,NaN,0.3633086687326431,0.3778743728995323,0.37751336097717286,7113792.0
04/25/1994,0.3639380550088531,0.3697144689624991,0.352384477853775,0.352384477853775,3155200,0.0,0.0,-,NaN,0.36230592846870424,0.3775855541229248,0.38069061636924745,7078464.0
04/22/1994,0.3697147244600434,0.3754918696171687,0.3653824165100699,0.3668265044689178,6956800,0.0,0.0,-,NaN,0.3615922093391418,0.37816324084997177,0.3848787575960159,7112320.0
04/21/1994,0.3668263690023394,0.3754917309505288,0.3668263690023394,0.3697145879268646,5987200,0.0,0.0,-,NaN,0.36053205728530885,0.37816324084997177,0.3886336237192154,7007744.0
04/20/1994,0.3812681687995791,0.3841563877241043,0.3552727881296249,0.3697145879268646,12425600,0.0,0.0,-,NaN,0.3594141435623169,0.37758556455373765,0.39209968149662017,6947968.0
04/19/1994,0.3928216316483238,0.4014869909929902,0.3812680542469024,0.3812680542469024,16409600,0.0,0.0,-,NaN,0.35829622983932496,0.37657462507486344,0.3941215753555298,6788096.0
04/18/1994,0.3899336287421219,0.4014872125183715,0.3899336287421219,0.3928218483924866,2272000,0.0,0.0,-,NaN,0.35717757523059845,0.37440832853317263,0.39325504899024966,6530688.0
04/15/1994,0.381268264616237,0.3985989928680069,0.381268264616237,0.3928218483924866,5289600,0.0,0.0,-,NaN,0.3558278447389603,0.3722420260310173,0.388922443985939,6850112.0
04/14/1994,0.3899334828135584,0.3928217013830371,0.3812681219305949,0.3870452642440796,2633600,0.0,0.0,-,NaN,0.3540750509500504,0.3702201575040817,0.3848787069320679,6795008.0
04/13/1994,0.4014872125183715,0.4101525766442565,0.3870454090917573,0.3928218483924866,11065600,0.0,0.0,-,NaN,0.3524377888441086,0.3687759473919868,0.38170146346092226,6918208.0
04/12/1994,0.392821779247024,0.4072635801315568,0.392821779247024,0.4014871418476105,5497600,0.0,0.0,-,NaN,0.3506849950551987,0.3674761801958084,0.3782353848218918,6870016.0
04/11/1994,0.404375362326455,0.404375362326455,0.3928217805456991,0.3942658901214599,11315200,0.0,0.0,-,NaN,0.3487588953971863,0.3657431483268737,0.37448049187660215,6803456.0
04/08/1994,0.398598730206634,0.4072633834480517,0.398598730206634,0.4043751657009125,15843200,0.0,0.0,-,NaN,0.34703480064868925,0.3646599933505058,0.37144772410392757,6702144.0
04/07/1994,0.38993337179089,0.4101523063695172,0.38993337179089,0.4043751657009125,28108800,0.0,0.0,-,NaN,0.34487819373607637,0.3630713745951652,0.3676928579807281,6586496.0
04/06/1994,0.3697145839144857,0.3899335265159607,0.3697145839144857,0.3899335265159607,12956800,0.0,0.0,-,NaN,0.34272158682346343,0.3616272002458572,0.3630714476108551,6288768.0
04/05/1994,0.3581609914269813,0.3754917145671913,0.355272772628474,0.3726027905941009,5507200,0.0,0.0,-,NaN,0.34085381269454956,0.3611939266324043,0.35902767479419706,6403968.0
04/04/1994,0.3494957983493805,0.3523847457519429,0.3437193579675344,0.3494957983493805,5046400,0.0,0.0,-,NaN,0.33944781243801114,0.36061624884605403,0.35556160807609555,6398080.0
03/31/1994,0.358160891807421,0.358160891807421,0.3466073146523429,0.352384477853775,7379200,0.0,0.0,-,NaN,0.3386766964197159,0.36099171936511987,0.35556160807609555,6409856.0
03/30/1994,0.3581610487937375,0.3610492680548517,0.3494956858356989,0.3552728295326233,9424000,0.0,0.0,-,NaN,0.3379053848981857,0.36136671304702755,0.35556160807609555,6366272.0
03/29/1994,0.3668264252797862,0.372602864015041,0.358161062002182,0.358161062002182,4624000,0.0,0.0,-,NaN,0.3369035714864731,0.3613093957304954,0.3558504313230514,6218816.0
03/28/1994,0.369714628846384,0.369714628846384,0.3639382123947143,0.3639382123947143,3216000,0.0,0.0,-,NaN,0.33590157330036163,0.3603879079222679,0.356716975569725,6269376.0
03/25/1994,0.3610492659391239,0.369714628846384,0.3610492659391239,0.3639382123947143,2051200,0.0,0.0,-,NaN,0.3349567794799805,0.3590335831046104,0.3570058047771454,6351616.0
03/24/1994,0.3610493593117925,0.3668265044689178,0.3552729193295415,0.3668265044689178,8854400,0.0,0.0,-,NaN,0.33383923828601836,0.35782323777675623,0.35787226259708405,6416768.0
03/23/1994,0.3523846453036372,0.3610492813698094,0.3494956987245777,0.358161062002182,5516800,0.0,0.0,-,NaN,0.33254876375198367,0.3563244983553886,0.35844989120960236,6355264.0
03/22/1994,0.3466075781584574,0.3552729439061496,0.3379422124107653,0.3494957983493805,15785600,0.0,0.0,-,NaN,0.3313740187883377,0.35554694384336466,0.3601829528808594,6354944.0
03/21/1994,0.3437192674484335,0.3494957063090438,0.3379421234130859,0.3379421234130859,8076800,0.0,0.0,-,NaN,0.33025742530822755,0.3553466036915779,0.3633601784706116,6214016.0
03/18/1994,0.3523847457519429,0.3552729439061496,0.3437193579675344,0.3494957983493805,9958400,0.0,0.0,-,NaN,0.3293143099546432,0.3557239472866058,0.3656708896160125,6248576.0
03/17/1994,0.3552726738122482,0.3610491098025938,0.3466073146523429,0.352384477853775,9622400,0.0,0.0,-,NaN,0.3281977164745331,0.355523607134819,0.36642183065414424,6182272.0
03/16/1994,0.3639382279488689,0.3639382279488689,0.3552728426345545,0.358161062002182,1699200,0.0,0.0,-,NaN,0.3270809233188629,0.35589860081672664,0.36717181801795956,6066752.0
03/15/1994,0.3754918696171687,0.3841565295905452,0.3639383065145071,0.3668265044689178,7593600,0.0,0.0,-,NaN,0.3259061783552169,0.35411337018012995,0.3667683601379394,6098752.0
03/14/1994,0.3726029444511689,0.3783800896082942,0.358161139320667,0.3668265044689178,5878400,0.0,0.0,-,NaN,0.32461570382118216,0.35203881114721297,0.3640588402748107,6028352.0
03/11/1994,0.3726027905941009,0.3783799333656986,0.3726027905941009,0.3726027905941009,2038400,0.0,0.0,-,NaN,0.3232676500082015,0.3496763646602631,0.36106136143207546,6097792.0
03/10/1994,0.3726027905941009,0.3783799333656986,0.3726027905941009,0.3726027905941009,3817600,0.0,0.0,-,NaN,0.3218040704727172,0.3468811511993408,0.3577742129564285,6236736.0
03/09/1994,0.3754916787147522,0.3841563342829614,0.3726027550175,0.3754916787147522,4377600,0.0,0.0,-,NaN,0.32028291106224055,0.34394195675849915,0.3541991055011749,6366336.0
03/08/1994,0.3639380627686716,0.3812680542469024,0.3639380627686716,0.3812680542469024,7344000,0.0,0.0,-,NaN,0.3189343005418777,0.3408583179116249,0.35091093480587,6414336.0
03/07/1994,0.3581610158714677,0.3639381810740625,0.3581610158714677,0.3610492348670959,1958400,0.001563,0.0,-,NaN,0.31747016251087185,0.33748586028814315,0.34733302891254425,6359616.0
03/04/1994,0.3541263101914879,0.3627637306737006,0.3541263101914879,0.3570052087306976,5820800,0.0,0.0,-,NaN,0.31646797776222224,0.3357001647353172,0.3457770049571991,6449792.0
03/03/1994,0.3512476719789337,0.3627639768498712,0.3512476719789337,0.3598843514919281,12035200,0.0,0.0,-,NaN,0.31560425162315364,0.3341166704893112,0.3446253836154938,6696640.0
03/02/1994,0.3368516777290383,0.3541264832019806,0.3310938778376133,0.3541264832019806,5401600,0.0,0.0,-,NaN,0.3144526201486587,0.3313815608620644,0.3446253836154938,8188736.0
03/01/1994,0.331093881051708,0.3397313058376312,0.331093881051708,0.3397313058376312,3971200,0.0,0.0,-,NaN,0.315086019039154,0.32893434464931487,0.34145838022232056,8147200.0
02/28/1994,0.3426102194872789,0.3426102194872789,0.3339728157684147,0.3368517160415649,4419200,0.0,0.0,-,NaN,0.3158345746994018,0.32720688730478287,0.34001878201961516,8163456.0
02/25/1994,0.331093881051708,0.3426101838456862,0.331093881051708,0.3397313058376312,3046400,0.0,0.0,-,NaN,0.31687104701995844,0.32562340945005414,0.3382913678884506,8138688.0
02/24/1994,0.3397313411797354,0.345489119760429,0.3310939154952645,0.3368517160415649,6809600,0.0,0.0,-,NaN,0.3179650819301605,0.324039901793003,0.3359880894422531,8131072.0
02/23/1994,0.3454888699532543,0.3512473912008519,0.3426099717617035,0.3426099717617035,1740800,0.0,0.0,-,NaN,0.3190591317415237,0.3220245569944381,0.33368480801582334,8034560.0
02/22/1994,0.3426100960774875,0.3512475186507174,0.3426100960774875,0.3454889953136444,2108800,0.0,0.0,-,NaN,0.3199228608608246,0.31972129940986627,0.33080570101737977,8040320.0
02/18/1994,0.3454889953136444,0.3512475186507174,0.3426100960774875,0.3454889953136444,4259200,0.0,0.0,-,NaN,0.3207290095090866,0.3172740906476974,0.32763869166374204,8107392.0
02/17/1994,0.3656426957650638,0.3656426957650638,0.3454889953136444,0.3454889953136444,8857600,0.0,0.0,-,NaN,0.32170789062976834,0.3151147797703743,0.32562332451343534,8150144.0
02/16/1994,0.3282150622370589,0.3627639768498712,0.3224565363862482,0.3598843514919281,16230400,0.0,0.0,-,NaN,0.32280194222927094,0.3133873298764228,0.32360795736312864,8084224.0
02/15/1994,0.3282149735653153,0.3282149735653153,0.3224564492702484,0.3224564492702484,2672000,0.0,0.0,-,NaN,0.3238384139537811,0.3110840573906898,0.3181377381086349,7919744.0
02/14/1994,0.3166986472992135,0.3282149481677226,0.3166986472992135,0.3253353238105774,5494400,0.0,0.0,-,NaN,0.32550826847553255,0.31022034287452693,0.3164103090763092,7943744.0
02/11/1994,0.3166986967536442,0.3224564746717987,0.3166986967536442,0.3195775747299194,1369600,0.0,0.0,-,NaN,0.32712054550647734,0.30935663431882854,0.3143949925899505,7961408.0
02/10/1994,0.3224562961053304,0.3224562961053304,0.3166985213756561,0.3166985213756561,4848000,0.0,0.0,-,NaN,0.32884797751903533,0.3092126816511154,0.31295545101165767,8267136.0
02/09/1994,0.3138189017772674,0.3224562998185742,0.3138189017772674,0.3138189017772674,1728000,0.0,0.0,-,NaN,0.33063299059867857,0.30878081321716305,0.31209171414375303,8238464.0
02/08/1994,0.3195774014377892,0.3195774014377892,0.3109400033964823,0.3138189017772674,2998400,0.0,0.0,-,NaN,0.332590771317482,0.30820500701665876,0.3103643059730529,8423296.0
02/07/1994,0.3224562998185742,0.3224562998185742,0.3109400033964823,0.3138189017772674,4432000,0.0,0.0,-,NaN,0.33460612654685973,0.3074852526187896,0.3086368978023529,8514688.0
02/04/1994,0.3224564243182559,0.3282149481677226,0.3195775248259343,0.3253353238105774,3539200,0.0,0.0,-,NaN,0.3363911557197571,0.30647761374711985,0.3069094896316528,8448832.0
02/03/1994,0.3166986472992135,0.3282149481677226,0.3166986472992135,0.3253353238105774,18243200,0.0,0.0,-,NaN,0.3380034327507019,0.3047501653432846,0.3046062350273132,8743936.0
02/02/1994,0.3051821589469909,0.3109399324288385,0.3051821589469909,0.3051821589469909,2534400,0.0,0.0,-,NaN,0.33961570978164674,0.3031667053699493,0.3031667023897171,8617472.0
02/01/1994,0.3023025363588952,0.3051821589469909,0.2994236386351778,0.3051821589469909,8793600,0.0,0.0,-,NaN,0.3409400767087936,0.3027348384261131,0.30403037667274474,8687808.0
01/31/1994,0.3051821589469909,0.3138188301525559,0.2994236386351778,0.3051821589469909,8656000,0.0,0.0,-,NaN,0.34237961530685423,0.3024469211697578,0.30403037667274474,8692928.0
01/28/1994,0.3080610347051211,0.3109399324288385,0.3051821589469909,0.3051821589469909,2169600,0.0,0.0,-,NaN,0.34370398223400117,0.30230295211076735,0.3043182760477066,8838912.0
01/27/1994,0.2965448544920546,0.3109400515229831,0.2936659776312765,0.3080611526966095,6249600,0.0,0.0,-,NaN,0.3453738456964493,0.30201503485441206,0.30546991229057313,8943104.0
01/26/1994,0.2994237185624688,0.2994237185624688,0.2936659435436576,0.2965448200702667,10060800,0.0,0.0,-,NaN,0.34721645414829255,0.3015831679105759,0.30546991229057313,8909440.0
01/25/1994,0.302302617054671,0.302302617054671,0.2936659435436576,0.2965448200702667,13222400,0.0,0.0,-,NaN,0.3494045412540436,0.3015831679105759,0.3060457080602646,8921664.0
01/24/1994,0.3051822404114449,0.3051822404114449,0.2965448200702667,0.2965448200702667,18716800,0.0,0.0,-,NaN,0.3513047289848328,0.302158984541893,0.3063336074352264,8777408.0
01/21/1994,0.3166987056450157,0.3166987056450157,0.3023027777671814,0.3023027777671814,5212800,0.0,0.0,-,NaN,0.3533776640892029,0.30273480117321017,0.30604573786258693,8491392.0
01/20/1994,0.313818895760202,0.3224562936358981,0.3109399974346161,0.3109399974346161,5635200,0.0,0.0,-,NaN,0.35516269266605377,0.3031666621565819,0.30489409565925596,8554368.0
01/19/1994,0.3138189017772674,0.3166985250225963,0.3051822286005043,0.3138189017772674,5200000,0.0,0.0,-,NaN,0.3566598212718964,0.30331060737371446,0.30316670835018156,8728768.0
01/18/1994,0.3138188301525559,0.3138188301525559,0.3051821589469909,0.3051821589469909,2051200,0.0,0.0,-,NaN,0.3585024267435074,0.30273480117321017,0.30143930017948145,8734592.0
01/17/1994,0.3166985740403864,0.322456349727538,0.3051822758358314,0.3080611526966095,7152000,0.0,0.0,-,NaN,0.36028744459152223,0.30676551461219786,0.3008634656667709,8873088.0
01/14/1994,0.3166985213756561,0.3224562961053304,0.3080611014682212,0.3166985213756561,7328000,0.0,0.0,-,NaN,0.36195730566978457,0.31022041141986845,0.3002876281738281,9221824.0
01/13/1994,0.3080611526966095,0.3138189503493568,0.3023026521448018,0.3080611526966095,5308800,0.0,0.0,-,NaN,0.3629361915588379,0.3138192519545555,0.29856015741825104,9245632.0
01/12/1994,0.3023027777671814,0.3080612807119436,0.2965449777217715,0.3023027777671814,5779200,0.0,0.0,-,NaN,0.3640302455425262,0.31813784688711166,0.2976964235305786,9322880.0
01/11/1994,0.2965449144118023,0.3023027132279681,0.2879075132883512,0.2994238138198852,5500800,0.0,0.0,-,NaN,0.3652970463037491,0.3226004183292389,0.29712062776088716,9422656.0
01/10/1994,0.2879075989495683,0.2965450026429083,0.2850286986849255,0.293666124343872,8739200,0.0,0.0,-,NaN,0.3665062570571899,0.3269190490245819,0.29798436164855957,9509120.0
01/07/1994,0.2879074568897402,0.2965448563211986,0.2821496811670735,0.2907863557338714,9804800,0.0,0.0,-,NaN,0.36777303874492645,0.3315255641937256,0.2994238644838333,9591936.0
01/06/1994,0.299423902907551,0.3023028031721939,0.2907864992142111,0.293666124343872,6643200,0.0,0.0,-,NaN,0.3688095110654831,0.33670789897441866,0.30143922865390776,9790464.0
01/05/1994,0.2994237185624688,0.3051822404114449,0.2965448200702667,0.2965448200702667,3846400,0.0,0.0,-,NaN,0.36967322289943694,0.34203417152166365,0.3034545063972473,9937408.0
01/04/1994,0.3023027132279681,0.3023027132279681,0.2965449144118023,0.2994238138198852,3299200,0.0,0.0,-,NaN,0.37042178094387057,0.34779232740402216,0.30403030216693877,9966592.0
01/03/1994,0.3051824026548435,0.3051824026548435,0.2936660996646713,0.3023027777671814,4073600,0.0,0.0,-,NaN,0.3709976029396057,0.35311859548091884,0.3126675635576248,10006976.0
12/31/1993,0.3051823375008535,0.3051823375008535,0.2994238138198852,0.2994238138198852,9350400,0.0,0.0,-,NaN,0.37151584565639495,0.3583009153604507,0.32015319466590875,9984896.0
12/30/1993,0.2994238138198852,0.3051823375008535,0.2994238138198852,0.2994238138198852,8985600,0.0,0.0,-,NaN,0.3720340758562088,0.36362718343734735,0.32907834649085993,9891840.0
12/29/1993,0.308061116938054,0.308061116938054,0.2965448200702667,0.2965448200702667,10297600,0.0,0.0,-,NaN,0.372609897851944,0.368953451514244,0.33857927024364465,9815936.0
12/28/1993,0.3109400515229831,0.3109400515229831,0.2994237533184282,0.3080611526966095,6777600,0.0,0.0,-,NaN,0.3732432997226715,0.3747116073966026,0.3480802088975906,9662848.0
12/27/1993,0.3138189503493568,0.3138189503493568,0.3051822758358314,0.3080611526966095,4608000,0.0,0.0,-,NaN,0.37353120565414427,0.38003788292407986,0.3558537364006042,9739776.0
12/23/1993,0.316698518950318,0.3224562936358981,0.3051822227490359,0.3109399974346161,6467200,0.0,0.0,-,NaN,0.37387668907642363,0.3847883433103561,0.3636272639036178,9862272.0
12/22/1993,0.2994237069743904,0.3166985250225963,0.2994237069743904,0.3138189017772674,18163200,0.0,0.0,-,NaN,0.3740494406223297,0.3895388022065162,0.37197656929492945,9896832.0
12/21/1993,0.3253353837475257,0.3253353837475257,0.2936660996646713,0.3023027777671814,86640000,0.0,0.0,-,NaN,0.3740494406223297,0.3941453158855438,0.38061383664608,9849216.0
12/20/1993,0.3714005245718421,0.3857964277267456,0.3714005245718421,0.3857964277267456,3324800,0.0,0.0,-,NaN,0.37451009154319764,0.39760020226240156,0.39155435264110566,8196928.0
12/17/1993,0.3886753915408668,0.3915542914887446,0.3714005860549316,0.3771590888500213,4784000,0.0,0.0,-,NaN,0.3732432919740677,0.3971683353185653,0.393569627404213,8258752.0
12/16/1993,0.394433131084148,0.4001916329981256,0.3829168301554194,0.388675332069397,3180800,0.0,0.0,-,NaN,0.3722068166732788,0.39688040614128106,0.3964486360549927,8457472.0
12/15/1993,0.3829167527470755,0.3973126531722101,0.3829167527470755,0.3944330513477325,2665600,0.0,0.0,-,NaN,0.37094001650810243,0.39688040614128106,0.3981760203838348,8597440.0
12/14/1993,0.3829168057391277,0.3915542066097259,0.3829168057391277,0.3915542066097259,1984000,0.0,0.0,-,NaN,0.3693853259086609,0.3971683323383331,0.39932763278484346,8673664.0
12/13/1993,0.3829168253562342,0.3915542266693327,0.3829168253562342,0.3857964277267456,2028800,0.0,0.0,-,NaN,0.36800337076187134,0.39788808077573773,0.4013430058956146,8762432.0
12/10/1993,0.3886753271980391,0.3944331261406263,0.377159026413647,0.3857964277267456,5462400,0.0,0.0,-,NaN,0.3667365711927414,0.3981759697198867,0.40422202944755553,8913984.0
12/09/1993,0.4001915520976033,0.4059493499483895,0.3886752534969462,0.3944330513477325,6396800,0.0,0.0,-,NaN,0.36541219413280485,0.3988957270979881,0.40594942271709444,9067968.0
12/08/1993,0.4088289754645752,0.4117078745568011,0.4001915752887726,0.4001915752887726,5561600,0.0,0.0,-,NaN,0.3638575035333633,0.3987517848610878,0.407101035118103,9089216.0
12/07/1993,0.4117079377174378,0.4117079377174378,0.4059494357504418,0.4117079377174377,8006400,0.0,0.0,-,NaN,0.36236037850379943,0.39803202748298644,0.40767679512500765,9210880.0
12/06/1993,0.4117076736310752,0.4117076736310752,0.4059491753578186,0.4059491753578186,3872000,0.0,0.0,-,NaN,0.36080567419528964,0.3977440893650055,0.4036460518836975,9256960.0
12/03/1993,0.4001913799833443,0.4117076736310752,0.4001913799833443,0.4059491753578186,6377600,0.0,0.0,-,NaN,0.3595388901233673,0.3971682831645012,0.4007670432329178,9297920.0
12/02/1993,0.4030702776705814,0.4059491753578186,0.3973124822961071,0.4059491753578186,16656000,0.0,0.0,-,NaN,0.35821453273296355,0.39644853472709657,0.39731217622756954,9412096.0
12/01/1993,0.4145865713183123,0.4145865713183123,0.4059491753578186,0.4059491753578186,3414400,0.0,0.0,-,NaN,0.356717426776886,0.3944332167506218,0.39558479189872736,9187648.0
11/30/1993,0.4117079377174378,0.4232242387521966,0.4059494357504418,0.4117079377174377,10969600,0.0,0.0,-,NaN,0.35481724321842195,0.3922739505767822,0.3950090318918228,9275264.0
11/29/1993,0.4059492653704586,0.4174655615717407,0.4001914687192867,0.4145866632461548,7568000,0.0,0.0,-,NaN,0.3528594624996185,0.3899706944823265,0.39443315565586085,9070080.0
11/26/1993,0.4030703604221344,0.4088288598776281,0.3973125638655672,0.4030703604221344,1139200,0.0,0.0,-,NaN,0.3508441072702408,0.3872355788946152,0.392129909992218,8981632.0
11/24/1993,0.3973124822961071,0.4059491753578186,0.3973124822961071,0.4059491753578186,18294400,0.0,0.0,-,NaN,0.3489439231157303,0.38493232131004335,0.3918420314788818,9066944.0
11/23/1993,0.3742798950006453,0.4059491753578186,0.3714002944146259,0.4059491753578186,11920000,0.0,0.0,-,NaN,0.3471013176441193,0.38176536113023757,0.39040253460407254,8753216.0
11/22/1993,0.3714005053043365,0.3771590068474021,0.3714005053043365,0.3714005053043365,6051200,0.0,0.0,-,NaN,0.3452011340856552,0.3783104881644249,0.3883872598409652,8601856.0
11/19/1993,0.3771590888500213,0.3771590888500213,0.3685216861070537,0.3771590888500213,9049600,0.0,0.0,-,NaN,0.3441070944070816,0.3764390990138054,0.3918421268463134,8515264.0
11/18/1993,0.3857964077124098,0.3857964077124098,0.3714005053043365,0.3714005053043365,15955200,0.0,0.0,-,NaN,0.3428978830575943,0.3739918902516365,0.3935695230960846,8360128.0
11/17/1993,0.4030705325055011,0.4030705325055011,0.3829168301554194,0.388675332069397,7379200,0.0,0.0,-,NaN,0.3416310960054398,0.3718326106667519,0.39558489322662355,8183616.0
11/16/1993,0.4001915752887726,0.4059493734732242,0.4001915752887726,0.4001915752887726,4566400,0.0,0.0,-,NaN,0.34019155979156496,0.3686656102538109,0.39328164160251616,8077760.0
11/15/1993,0.3944328817100877,0.4059491753578186,0.3886750863356134,0.4059491753578186,10672000,0.0,0.0,-,NaN,0.33852169871330257,0.3650667771697044,0.38953886926174164,8046848.0
11/12/1993,0.4001916074803242,0.4001916074803242,0.385796407962115,0.3915542066097259,6009600,0.0,0.0,-,NaN,0.33650635838508597,0.3611800640821457,0.38550823330879214,8045440.0
11/11/1993,0.4001915752887726,0.4001915752887726,0.3944330742051957,0.4001915752887726,4416000,0.0,0.0,-,NaN,0.3349516522884368,0.3577251762151718,0.38234124779701234,8013248.0
11/10/1993,0.385796407962115,0.3973127081565187,0.385796407962115,0.3915542066097259,8361600,0.0,0.0,-,NaN,0.33333937227725974,0.35398236364126207,0.37802261114120483,7972224.0
11/09/1993,0.4088290292955299,0.4117079287668234,0.3829168253562342,0.3857964277267456,14355200,0.0,0.0,-,NaN,0.33189983963966363,0.35038353204727174,0.3731281876564026,7870400.0
11/08/1993,0.3973124822961071,0.4059491753578186,0.3915539840228506,0.4059491753578186,5491200,0.0,0.0,-,NaN,0.3305754625797271,0.34678465574979783,0.3682337164878845,7636288.0
11/05/1993,0.3829167527470755,0.3944330513477325,0.3742800559708961,0.3944330513477325,8976000,0.0,0.0,-,NaN,0.32867527902126303,0.3427539631724358,0.36103607118129727,7609216.0
11/04/1993,0.3598842053503203,0.3944331059335314,0.3570053060265148,0.3915542066097259,24588800,0.0,0.0,-,NaN,0.3269478410482406,0.33915513306856154,0.35441425740718835,7486592.0
11/03/1993,0.3656428158283233,0.3656428158283233,0.3570054123844958,0.3656428158283233,8518400,0.0,0.0,-,NaN,0.3253931349515915,0.3358441889286041,0.34808032810688017,7033984.0
11/02/1993,0.3656427294165393,0.3656427294165393,0.3570053280139756,0.3627638518810272,9171200,0.0,0.0,-,NaN,0.32441424906253813,0.3338288143277168,0.34404957890510557,7038464.0
11/01/1993,0.3627639376124505,0.3685217160098021,0.3570054123844958,0.3656428158283233,10768000,0.0,0.0,-,NaN,0.3233201950788498,0.33152554780244825,0.3405946850776672,6923264.0
10/29/1993,0.3627639768498712,0.3656428553771304,0.3541265505061929,0.3598843514919281,9824000,0.0,0.0,-,NaN,0.3221109819412231,0.3293662294745445,0.3368518948554992,6937664.0
10/28/1993,0.342610013135659,0.3627637306737006,0.3397311365620427,0.3570052087306976,12880000,0.0,0.0,-,NaN,0.3212472653388977,0.32749483436346055,0.33310910463333127,7539328.0
10/27/1993,0.3397310955357435,0.3454888699532543,0.3339725742881458,0.3426099717617035,19731200,0.0,0.0,-,NaN,0.3202108043432236,0.3256234526634216,0.3299421161413193,7805696.0
10/26/1993,0.3310939154952645,0.3426102194872789,0.3310939154952645,0.3368517160415649,13990400,0.0,0.0,-,NaN,0.31957740485668185,0.32432788014411923,0.3276388764381409,7712448.0
10/25/1993,0.3310938228245786,0.3397312460914993,0.3253353209906263,0.3339727222919464,5305600,0.0,0.0,-,NaN,0.31917434096336367,0.32375206053256983,0.3253355950117111,7691264.0
10/22/1993,0.3282149136066437,0.3310937908302183,0.3195774911743772,0.3282149136066437,5318400,0.0,0.0,-,NaN,0.31917434096336367,0.32375206053256983,0.32447185516357424,7647104.0
10/21/1993,0.3224563903635503,0.3282149136066437,0.3224563903635503,0.3282149136066437,2969600,0.0,0.0,-,NaN,0.3190015941858292,0.32447181344032283,0.3238960087299347,7687296.0
10/20/1993,0.3282149481677226,0.3282149481677226,0.3224564243182559,0.3253353238105774,4697600,0.0,0.0,-,NaN,0.3187712663412094,0.32504763305187223,0.3236080497503281,7796672.0
10/19/1993,0.3253352895527233,0.3282149136066437,0.3224563903635503,0.3282149136066437,5190400,0.0,0.0,-,NaN,0.3183682030439377,0.32533556073904035,0.3236080497503281,8052672.0
10/18/1993,0.3195774911743772,0.3282149136066437,0.3195774911743772,0.3282149136066437,2643200,0.0,0.0,-,NaN,0.317965127825737,0.324471814930439,0.3224564105272293,8345344.0
10/15/1993,0.325335348985342,0.325335348985342,0.3195775495551547,0.3224564492702484,10624000,0.0,0.0,-,NaN,0.31756205260753634,0.32375201433897016,0.3218805640935898,8635776.0
10/14/1993,0.3195775248259343,0.3253353238105774,0.3166986472992135,0.3253353238105774,10732800,0.0,0.0,-,NaN,0.317158979177475,0.3233201369643211,0.3218805640935898,8829248.0
10/13/1993,0.3195775747299194,0.3195775747299194,0.313819071946828,0.3195775747299194,8195200,0.0,0.0,-,NaN,0.31681349575519563,0.3224564284086227,0.32130478918552396,8645824.0
10/12/1993,0.3282148214446883,0.3282148214446883,0.3138189017772674,0.3138189017772674,15782400,0.0,0.0,-,NaN,0.3167559146881104,0.3221684947609901,0.32101688385009763,8530752.0
10/11/1993,0.3138190229420682,0.3282149481677226,0.3138190229420682,0.3253353238105774,4025600,0.0,0.0,-,NaN,0.3168135070800781,0.3220245495438575,0.32216852605342866,8243776.0
10/08/1993,0.3282149735653153,0.3282149735653153,0.3138190472256902,0.3224564492702484,6416000,0.0,0.0,-,NaN,0.31664077103137966,0.3215927094221115,0.32303226590156553,8270336.0
10/07/1993,0.3195775248259343,0.3282149481677226,0.3166986472992135,0.3253353238105774,14720000,0.0,0.0,-,NaN,0.31646802008152003,0.32130481302738184,0.32504761815071104,8231552.0
10/06/1993,0.3224564243182559,0.3310938256944434,0.3166986472992135,0.3253353238105774,10179200,0.0,0.0,-,NaN,NaN,0.32044110447168345,0.32648721635341643,NaN
10/05/1993,0.3253351944529636,0.3253351944529636,0.3138188981634875,0.3166985213756561,6476800,0.0,0.0,-,NaN,NaN,0.3200092643499374,0.3270630717277527,NaN
10/04/1993,0.3282149735653153,0.3282149735653153,0.3195775495551547,0.3224564492702484,6422400,0.0,0.0,-,NaN,NaN,0.32000926434993743,0.32648721933364866,NaN
10/01/1993,0.3224564492702484,0.3282149735653153,0.3195775495551547,0.3224564492702484,9606400,0.0,0.0,-,NaN,NaN,0.3191455498337746,0.3256234645843506,NaN
09/30/1993,0.3109401720049488,0.3282149994204942,0.3109401720049488,0.3195775747299194,13161600,0.0,0.0,-,NaN,NaN,0.3187136724591255,0.3247597098350525,NaN
09/29/1993,0.3282148176651322,0.3310936940471733,0.3138188981634875,0.3166985213756561,7459200,0.0,0.0,-,NaN,NaN,0.3187136724591255,0.3236080676317215,NaN
09/28/1993,0.333972725186765,0.3368516246790866,0.3195775248259343,0.3253353238105774,11644800,0.0,0.0,-,NaN,NaN,0.3188576251268387,0.3233201056718826,NaN
09/27/1993,0.3454890230606342,0.3454890230606342,0.3310938228245786,0.3339727222919464,10310400,0.0,0.0,-,NaN,NaN,0.3185697376728058,0.32188057303428647,NaN
09/24/1993,0.3426099717617035,0.3483677681448051,0.3368514724796966,0.3426099717617035,5920000,0.0,0.0,-,NaN,NaN,0.31741810142993926,0.32015315294265745,NaN
09/23/1993,0.3339727810253675,0.3397313058376312,0.331093881051708,0.3397313058376312,12086400,0.0,0.0,-,NaN,NaN,0.3156906604766846,0.3175620079040527,NaN
09/22/1993,0.3138190720957982,0.3397313022486148,0.3138190720957982,0.3310938775539398,5433600,0.0,0.0,-,NaN,NaN,0.3143950402736664,0.3143949925899505,NaN
09/21/1993,0.3051822227490359,0.3195773953103121,0.3051822227490359,0.3109399974346161,7795200,0.0,0.0,-,NaN,NaN,0.3136752724647522,0.3129554569721221,NaN
09/20/1993,0.3051822286005043,0.3138189017772674,0.3051822286005043,0.3138189017772674,710400,0.0,0.0,-,NaN,NaN,0.31353133022785185,0.31353130936622614,NaN
09/17/1993,0.3138189017772674,0.3138189017772674,0.3051822286005043,0.3138189017772674,3145600,0.0,0.0,-,NaN,NaN,0.313099493086338,0.3126676350831985,NaN
09/16/1993,0.3080611526966095,0.3138189503493568,0.3080611526966095,0.3080611526966095,5404800,0.0,0.0,-,NaN,NaN,0.3132434740662574,0.31266763508319856,NaN
09/15/1993,0.3109400033964823,0.3166985250225963,0.3080611050156972,0.3138189017772674,2608000,0.0,0.0,-,NaN,NaN,0.31309952437877653,0.31381927728652953,NaN
09/14/1993,0.3109399974346161,0.316698518950318,0.3109399974346161,0.3109399974346161,4352000,0.0,0.0,-,NaN,NaN,0.31295557916164396,0.3143951445817947,NaN
09/13/1993,0.3166985213756561,0.3166985213756561,0.3109399998158543,0.3166985213756561,1721600,0.0,0.0,-,NaN,NaN,0.31324350535869594,0.31525890231132503,NaN
09/10/1993,0.3166985213756561,0.3166985213756561,0.3080611014682212,0.3166985213756561,1292800,0.0,0.0,-,NaN,NaN,0.3141072154045105,0.314683049917221,NaN
09/09/1993,0.3080611526966095,0.3166985740403864,0.3080611526966095,0.3080611526966095,7129600,0.0,0.0,-,NaN,NaN,0.31425116807222364,0.3138193130493164,NaN
09/08/1993,0.3080611014682212,0.3166985213756561,0.3080611014682212,0.3166985213756561,2086400,0.0,0.0,-,NaN,NaN,0.31468303650617596,0.31439508795738214,NaN
09/07/1993,0.30518222508618,0.3166985213756561,0.30518222508618,0.3166985213756561,3020800,0.0,0.0,-,NaN,NaN,0.3141072183847427,0.31439508795738214,NaN
09/03/1993,0.3080610347051211,0.3138188301525559,0.3051821589469909,0.3051821589469909,10601600,0.0,0.0,-,NaN,NaN,0.3136753499507904,0.3135313510894775,NaN
09/02/1993,0.3195774014377892,0.3224562998185742,0.3080611050156972,0.3138189017772674,4400000,0.0,0.0,-,NaN,NaN,0.31381929963827127,0.3135313510894775,NaN
09/01/1993,0.3195775747299194,0.325335374613678,0.3195775747299194,0.3195775747299194,2364800,0.0,0.0,-,NaN,NaN,0.313243493437767,0.3138193130493164,NaN
08/31/1993,0.3195775747299194,0.325335374613678,0.313819071946828,0.3195775747299194,3270400,0.0,0.0,-,NaN,NaN,0.3126676723361015,0.3123797714710236,NaN
08/30/1993,0.3080612720630694,0.3195775747299194,0.3080612720630694,0.3195775747299194,2649600,0.0,0.0,-,NaN,NaN,0.3125237196683883,0.31151601374149324,NaN
08/27/1993,0.313818895760202,0.313818895760202,0.3051822227490359,0.3109399974346161,4137600,0.0,0.0,-,NaN,NaN,0.31237976700067516,0.3112281084060669,NaN
08/26/1993,0.3080611526966095,0.3138189503493568,0.3080611526966095,0.3080611526966095,2844800,0.0,0.0,-,NaN,NaN,0.31266769319772714,0.31353138089179994,NaN
08/25/1993,0.3109400033964823,0.3166985250225963,0.3080611050156972,0.3138189017772674,1958400,0.0,0.0,-,NaN,NaN,0.31295558065176005,0.31468302309513085,NaN
08/24/1993,0.3138188981634875,0.3166985213756561,0.3080611014682212,0.3166985213756561,8742400,0.0,0.0,-,NaN,NaN,NaN,0.31497098505496973,NaN
08/23/1993,0.3109400515229831,0.3138189503493568,0.3051822758358314,0.3080611526966095,3411200,0.0,0.0,-,NaN,NaN,NaN,0.3138193488121032,NaN
08/20/1993,0.3166984527406516,0.3195773284987818,0.3051821589469909,0.3051821589469909,11488000,0.0,0.0,-,NaN,NaN,NaN,0.3138193488121032,NaN
08/19/1993,0.3023026018740114,0.3224562961053304,0.3023026018740114,0.3166985213756561,39907200,0.0,0.0,-,NaN,NaN,NaN,0.3141072481870651,NaN
08/18/1993,0.3080610347051211,0.3166984527406516,0.3023025363588952,0.3051821589469909,26198400,0.0,0.0,-,NaN,NaN,NaN,0.31266767382621763,NaN
08/17/1993,0.3224562936358981,0.3224562936358981,0.30806109910903,0.3109399974346161,15068800,0.0,0.0,-,NaN,NaN,NaN,0.31295557320117945,NaN
08/16/1993,0.3253351944529636,0.3310936940471733,0.3166985213756561,0.3166985213756561,12931200,0.0,0.0,-,NaN,NaN,NaN,0.31353142559528346,NaN
08/13/1993,0.3253353209906263,0.3339727222919464,0.3195775220558909,0.3339727222919464,3097600,0.0,0.0,-,NaN,NaN,NaN,0.3135314255952835,NaN
08/12/1993,0.3166986967536442,0.3282149994204942,0.3109401720049488,0.3195775747299194,7328000,0.0,0.0,-,NaN,NaN,NaN,0.3118040055036545,NaN
08/11/1993,0.30518222508618,0.3166985213756561,0.2994237035263782,0.3166985213756561,8438400,0.0,0.0,-,NaN,NaN,NaN,0.3112281382083893,NaN
08/10/1993,0.3051821589469909,0.3109399324288385,0.2994236386351778,0.3051821589469909,17497600,0.0,0.0,-,NaN,NaN,NaN,NaN,NaN
08/09/1993,0.3023026521448018,0.3109400515229831,0.3023026521448018,0.3080611526966095,19824000,0.0,0.0,-,NaN,NaN,NaN,NaN,NaN
08/06/1993,0.3080611526966095,0.3080611526966095,0.3023026521448018,0.3080611526966095,17164800,0.0,0.0,-,NaN,NaN,NaN,NaN,NaN
08/05/1993,0.3080612807119436,0.3109401807346486,0.3023027777671814,0.3023027777671814,20297600,0.0,0.0,-,NaN,NaN,NaN,NaN,NaN
08/04/1993,0.3166985740403864,0.3166985740403864,0.3080611526966095,0.3080611526966095,1561600,0.0,0.0,-,NaN,NaN,NaN,NaN,NaN
08/03/1993,0.3166985213756561,0.3166985213756561,0.3080611014682212,0.3166985213756561,2441600,0.0,0.0,-,NaN,NaN,NaN,NaN,NaN
08/02/1993,0.3109399998158543,0.3166985213756561,0.3109399998158543,0.3166985213756561,1433600,0.0,0.0,-,NaN,NaN,NaN,NaN,NaN
07/30/1993,0.3166985213756561,0.3166985213756561,0.3138188981634875,0.3166985213756561,5353600,0.0,0.0,-,NaN,NaN,NaN,NaN,NaN
07/29/1993,0.3080611050156972,0.3166985250225963,0.3080611050156972,0.3138189017772674,4476800,0.0,0.0,-,NaN,NaN,NaN,NaN,NaN
